# NaN NaN NaN ;Mean Elev.(m), Avg Gradient(m/km), RMS Gradient(m/km) - SRTM1     
#   70.671  -0.280   2.001 ;Mean Elev.(m), Avg Gradient(m/km), RMS Gradient(m/km) - ASTER GDEM
#   65.432  -0.391   2.950 ;Mean Elev.(m), Avg Gradient(m/km), RMS Gradient(m/km) - GMTED2010 
 10  82.823736  25.112428    64.514    64.514  2 52562.19784177 27.702
 12  82.822549  25.114057    63.006    62.933  3 52632.19780005 31.097
 13  82.818995  25.114316    62.649    62.649  2 52667.19781960 51.526
 14  82.830714  25.112412    62.619    62.630  3 52702.19779045 23.540
 16  82.820725  25.114194    62.367    62.519  3 52772.19780010 28.473
 17  82.820869  25.112818    61.805    61.805  2 52807.19785599 50.609
 18  82.822733  25.112604    71.579    71.579  2 52842.19791474 24.033
 19  82.821015  25.115667    68.948    68.948  2 52877.19795279 51.704
 20  82.826469  25.113535    71.936    71.936  2 52912.19791151 45.015
 21  82.829212  25.112585    65.265    65.298  3 52947.19786857 50.970
 23  82.818752  25.114069    63.964    63.964  2 53017.19790083 51.433
 24  82.825981  25.113453    63.455    63.383  3 53052.19788025 51.521
 25  82.811398  25.115682    63.044    63.044  2 53087.19791704 31.277
 26  82.822120  25.115524    62.463    62.463  2 53122.19788654 36.875
 27  82.816108  25.116541    62.640    62.640  2 53157.19794255 40.807
 28  82.825032  25.112053   139.447   139.447  2 53192.19793596  6.870
 29  82.824021  25.115182    74.508    74.508  2 53227.19793633 10.550
 30  82.815218  25.114167    65.931    65.931  2 53262.19791007 50.060
 56  82.818935  25.115848    63.327    63.327  2 54172.19783769 24.308
 57  82.821651  25.114232    63.448    63.448  2 54207.19783351 48.292
 58  82.821900  25.114929    62.845    62.845  2 54242.19786559 29.135
 59  82.821180  25.112936    62.521    62.521  2 54277.19788040 35.943
 60  82.822143  25.113868    64.902    64.902  2 54312.19788097 41.787
 61  82.819293  25.113094    66.153    66.153  2 54347.19785368 48.005
 62  82.823116  25.113993    75.987    75.987  2 54382.19781809 11.314
 63  82.819677  25.114694    63.400    63.400  2 54417.19780281 50.400
 64  82.823116  25.112624    62.649    62.649  2 54452.19778767 50.209
 66  82.823799  25.114713    62.227    62.227  2 54522.19780055 27.551
 68  82.821332  25.114775    62.063    62.063  2 54592.19779627 48.610
 69  82.820034  25.112920    61.728    61.728  2 54627.19781253 35.099
 71  82.821113  25.115450    70.765    70.765  2 54697.19779484 39.211
 72  82.822672  25.113991    65.537    65.544  3 54732.19777632 49.910
 73  82.821409  25.114547    64.182    64.182  2 54767.19777472 50.914
 74  82.821944  25.114792    63.654    63.654  2 54802.19777008 48.181
 75  82.821191  25.114334    63.300    63.285  3 54837.19776695 41.746
 76  82.822289  25.113521    63.025    63.025  2 54872.19776926 29.771
 77  82.817216  25.114897    62.694    62.694  2 54907.19777478 49.221
 78  82.821686  25.114692    62.399    62.399  2 54942.19776130 48.887
 79  82.820549  25.115593    62.479    62.479  2 54977.19778911 30.459
 80  82.819933  25.113900    62.174    62.174  2 55012.19779775 25.113
 81  82.821587  25.112851    71.143    71.143  2 55047.19778966 18.598
 82  82.819482  25.115882    71.662    71.662  2 55082.19776107 20.388
 83  82.822953  25.112817    65.918    65.918  2 55117.19772203 52.603
 84  82.819364  25.113488   133.103   133.103  2 55152.19771969  6.907
 85  82.822013  25.113944    62.596    62.596  2 55187.19770841 26.105
 86  82.820008  25.114914    62.574    62.574  2 55222.19771817 32.324
 87  82.822695  25.114034    62.337    62.356  3 55257.19770465 46.919
 88  82.818317  25.113171    61.818    61.818  2 55292.19770611 37.047
 89  82.819764  25.116017    61.876    61.876  2 55327.19768808 44.913
 90  82.819840  25.114340    61.448    61.448  2 55362.19768486 24.960
 91  82.822180  25.113999    67.174    62.655  3 55397.19769212 24.486
 92  82.822559  25.112510    67.466    67.466  2 55432.19770000 38.194
 93  82.819454  25.113632    70.593    70.593  2 55467.19765948 44.793
