-261488.295   -12.611     0.00    2.50
-261112.777   -12.617    -0.02    2.29
-260737.246   -12.649    -0.09    1.84
-260361.703   -12.081     1.51    2.20
-259986.147   -11.448     1.69    2.28
-259610.578   -10.741     1.88    2.33
-259234.996   -10.400     0.91    2.34
-258859.402   -10.634    -0.62    1.92
-258483.795   -11.109    -1.26    1.72
-258108.175   -11.058     0.14    1.89
-257732.543   -10.936     0.32    2.03
-257356.898   -10.473     1.23    2.31
-256981.240   -10.375     0.26    2.44
-256605.569   -10.509    -0.36    2.16
-256229.885   -10.957    -1.19    2.31
-255854.189   -10.581     1.00    2.92
-255478.480    -9.790     2.11    3.04
-255102.758   -10.083    -0.78    2.85
-254727.024    -9.959     0.33    2.45
-254351.277    -9.534     1.13    2.51
-253975.517    -8.173     3.62    2.92
-253599.744    -7.111     2.83    2.31
-253223.958    -7.009     0.27    2.24
-252848.160    -6.984     0.07    2.10
-252472.349    -7.367    -1.02    2.18
-252096.525    -7.784    -1.11    2.09
-251720.688    -8.572    -2.10    2.36
-251344.839    -9.351    -2.07    2.55
-250968.976    -9.814    -1.23    2.45
-250593.101   -10.334    -1.38    2.10
-250217.213    -9.784     1.46    2.43
-249841.313    -9.402     1.01    2.39
-249465.399    -9.415    -0.03    2.54
-249089.473    -9.986    -1.52    2.69
-248713.534   -10.375    -1.03    2.66
-248337.582   -11.343    -2.57    2.18
-247961.617   -11.418    -0.20    2.35
-247585.639   -11.448    -0.08    2.51
-247209.649   -11.375     0.19    2.61
-246833.646   -11.522    -0.39    2.33
-246457.630   -11.814    -0.78    1.90
-246081.601   -11.959    -0.38    2.02
-245705.559   -12.359    -1.06    2.09
-245329.505   -12.484    -0.33    1.96
-244953.437   -12.772    -0.77    1.93
-244577.357   -13.081    -0.82    1.75
-244201.264   -11.939     3.04    2.71
-243825.158   -10.570     3.64    2.91
-243449.039    -8.984     4.22    3.26
-243072.907    -8.584     1.06    2.86
-242696.763    -8.778    -0.52    3.01
-242320.605    -8.961    -0.49    3.04
-241944.435    -9.741    -2.07    2.35
-241568.252   -10.209    -1.24    2.44
-241192.056   -10.936    -1.93    2.18
-240815.847   -11.859    -2.45    1.96
-240439.625   -12.351    -1.31    2.49
-240063.391   -12.546    -0.52    2.33
-239687.143   -12.180     0.97    2.56
-239310.883   -11.107     2.85    3.13
-238934.609   -10.692     1.10    2.75
-238558.323   -11.058    -0.97    2.47
-238182.024   -11.265    -0.55    2.15
-237805.712   -11.814    -1.46    2.27
-237429.387   -11.415     1.06    2.12
-237053.049   -11.598    -0.49    1.93
-236676.698   -11.127     1.25    2.03
-236300.334   -11.059     0.18    2.27
-235923.958   -11.319    -0.69    2.33
-235547.568   -11.534    -0.57    2.09
-235171.166   -12.009    -1.26    1.79
-234794.750   -11.602     1.08    2.05
-234418.322   -11.402     0.53    2.17
-234041.881   -11.105     0.79    2.15
-233665.427   -11.010     0.25    2.16
-233288.960   -11.302    -0.78    2.04
-232912.480   -12.034    -1.94    1.99
-232535.986   -12.367    -0.89    1.91
-232159.480   -12.677    -0.82    2.05
-231782.962   -12.367     0.82    2.19
-231406.430   -12.177     0.51    2.02
-231029.885   -11.486     1.83    2.28
-230653.327   -10.649     2.22    2.15
-230276.756   -10.010     1.70    2.12
-229900.172    -9.809     0.53    2.15
-229523.576    -9.700     0.29    2.09
-229146.966    -9.156     1.45    2.36
-228770.343    -8.634     1.39    2.45
-228393.708    -8.909    -0.73    2.28
-228017.059    -9.234    -0.86    2.23
-227640.397    -9.839    -1.61    2.15
-227263.723   -10.700    -2.29    1.54
-226887.035   -10.629     0.19    1.64
-226510.334   -10.384     0.65    1.93
-226133.621   -10.107     0.73    1.82
-225756.894   -10.448    -0.91    2.14
-225380.155   -11.081    -1.68    2.22
-225003.402   -11.284    -0.54    1.86
-224626.636   -11.819    -1.42    1.82
-224249.858   -12.058    -0.63    1.67
-223873.066   -12.448    -1.04    1.82
-223496.261   -12.709    -0.69    1.53
-223119.443   -12.375     0.88    1.64
-222742.613   -11.814     1.49    1.84
-222365.769   -11.692     0.32    1.77
-221988.912   -11.619     0.19    1.82
-221612.042   -11.859    -0.64    1.75
-221235.159   -11.724     0.36    1.60
-220858.263   -12.209    -1.29    1.81
-220481.354   -12.887    -1.80    2.08
-220104.432   -14.272    -3.67    2.30
-219729.336   -15.209    -2.50    1.74
-219354.988   -14.748     1.23    2.11
-218980.627   -13.854     2.39    2.46
-218606.253   -12.662     3.19    2.25
-218231.866   -11.668     2.65    1.71
-217857.467   -11.009     1.76    1.78
-217483.054   -10.843     0.44    1.86
-217108.628   -10.880    -0.10    1.87
-216734.190   -11.125    -0.65    1.87
-216359.739   -11.239    -0.30    1.34
-215985.275   -11.985    -1.99    1.43
-215610.797   -11.961     0.07    1.68
-215236.307   -11.700     0.69    1.68
-214861.805   -10.917     2.09    2.12
-214487.289    -9.876     2.78    1.82
-214112.760    -9.584     0.78    1.63
-213738.218    -9.985    -1.07    2.06
-213363.664   -11.058    -2.86    2.61
-212989.096   -12.473    -3.78    2.75
-212614.516   -13.584    -2.97    2.29
-212239.923   -14.359    -2.07    2.16
-211865.316   -13.459     2.40    2.68
-211490.697   -11.986     3.93    2.66
-211116.065   -10.814     3.13    2.38
-210741.420   -10.131     1.82    1.62
-210366.762   -10.462    -0.88    1.95
-209992.091   -10.784    -0.86    1.94
-209617.407   -11.334    -1.47    2.09
-209242.710   -11.559    -0.60    2.11
-208868.000   -12.619    -2.83    2.19
-208493.277   -12.765    -0.39    2.04
-208118.542   -11.863     2.41    2.64
-207743.793   -11.159     1.88    2.64
-207369.031   -10.665     1.32    1.98
-206994.256   -11.592    -2.47    2.43
-206619.469   -12.880    -3.44    2.31
-206244.668   -13.839    -2.56    2.19
-205869.855   -14.375    -1.43    1.77
-205495.028   -14.803    -1.14    1.20
-205120.188   -14.897    -0.25    1.21
-204745.336   -14.367     1.41    1.44
-204370.470   -13.462     2.41    1.96
-203995.592   -12.424     2.77    2.10
-203620.700   -11.909     1.37    2.24
-203245.795   -10.988     2.45    2.31
-202870.878   -10.316     1.79    2.13
-202495.947    -9.367     2.53    2.15
-202121.004    -8.668     1.86    1.81
-201746.047    -8.415     0.68    1.74
-201371.077    -8.400     0.04    1.64
-200996.095    -8.598    -0.53    1.67
-200621.099    -8.534     0.17    1.69
-200246.090    -8.659    -0.33    1.61
-199871.068    -8.717    -0.15    1.71
-199496.034    -9.134    -1.11    1.78
-199120.986    -9.351    -0.58    1.93
-198745.925    -9.863    -1.37    1.92
-198370.851   -10.534    -1.79    1.64
-197995.764   -10.863    -0.88    1.55
-197620.664   -10.717     0.39    1.66
-197245.551   -10.105     1.63    1.87
-196870.425    -9.638     1.24    1.88
-196495.286    -9.700    -0.17    1.92
-196120.133    -9.486     0.57    1.67
-195744.968    -9.659    -0.46    1.71
-195369.789    -9.334     0.87    1.84
-194994.598    -9.059     0.73    2.03
-194619.393    -8.497     1.50    2.25
-194244.176    -8.107     1.04    1.88
-193868.945    -8.343    -0.63    2.01
-193493.701    -8.790    -1.19    1.96
-193118.444    -9.290    -1.33    1.52
-192743.174    -8.848     1.18    1.71
-192367.891    -8.887    -0.11    1.31
-191992.595    -8.570     0.84    1.34
-191617.286    -8.595    -0.06    1.45
-191241.963    -7.981     1.63    1.79
-190866.628    -6.829     3.07    2.29
-190491.279    -6.111     1.91    2.58
-190115.917    -5.391     1.92    2.38
-189740.542    -4.961     1.15    2.03
-189365.154    -4.906     0.15    1.88
-188989.753    -4.397     1.35    1.98
-188614.339    -3.613     2.09    1.78
-188238.912    -4.424    -2.16    3.46
-187863.471    -6.034    -4.29    4.48
-187488.017    -7.619    -4.22    4.51
-187112.551    -8.466    -2.25    3.97
-186737.071    -9.495    -2.74    3.32
-186361.578    -9.605    -0.29    3.15
-185986.071    -9.290     0.84    2.88
-185610.552    -9.034     0.68    2.37
-185235.019    -9.400    -0.97    1.79
-184859.474    -9.559    -0.42    1.71
-184483.915    -9.819    -0.69    1.34
-184108.343    -9.684     0.36    1.23
-183732.758    -9.843    -0.42    1.19
-183357.159    -9.839     0.01    1.27
-182981.548    -9.748     0.24    1.15
-182605.923    -9.334     1.10    1.16
-182230.285    -9.180     0.41    1.22
-181854.634    -9.009     0.45    1.17
-181478.969    -8.891     0.32    1.20
-181103.292    -8.985    -0.25    1.22
-180727.601    -9.034    -0.13    1.19
-180351.897    -8.843     0.51    1.44
-179976.180    -8.700     0.38    1.54
-179600.450    -8.229     1.25    1.76
-179224.706    -7.302     2.47    1.80
-178848.950    -6.159     3.04    1.65
-178473.180    -5.107     2.80    1.68
-178097.396    -3.558     4.12    2.45
-177721.600    -2.343     3.23    2.24
-177345.790    -1.558     2.09    1.92
-176969.968    -0.854     1.87    1.75
-176594.132    -1.272    -1.11    1.64
-176218.282    -1.351    -0.21    1.46
-175842.420    -0.987     0.97    1.72
-175466.544    -0.058     2.47    2.14
-175090.655     0.650     1.88    2.05
-174714.752     1.057     1.08    1.72
-174338.837     0.966    -0.24    1.77
-173962.908     0.039    -2.47    2.09
-173586.966    -0.936    -2.59    2.07
-173211.011    -1.854    -2.44    1.94
-172835.042    -2.420    -1.50    1.47
-172459.060    -2.521    -0.27    1.32
-172083.065    -2.400     0.32    1.20
-171707.057    -2.748    -0.93    1.25
-171331.035    -3.034    -0.76    1.32
-170955.000    -3.375    -0.91    1.46
-170578.952    -3.876    -1.33    1.39
-170202.890    -4.400    -1.39    1.55
-169826.816    -5.205    -2.14    1.67
-169450.728    -5.570    -0.97    1.70
-169074.626    -5.173     1.06    1.75
-168698.511    -4.744     1.14    1.52
-168322.383    -4.759    -0.04    1.32
-167946.242    -4.605     0.41    1.45
-167570.087    -4.375     0.61    1.70
-167193.919    -4.748    -0.99    1.85
-166817.738    -5.162    -1.10    2.19
-166441.544    -6.107    -2.51    2.36
-166065.336    -7.534    -3.79    2.08
-165689.115    -8.180    -1.72    1.96
-165312.880    -8.083     0.26    1.87
-164936.632    -7.081     2.66    2.32
-164560.371    -5.473     4.27    2.63
-164184.096    -4.234     3.29    2.10
-163807.808    -3.400     2.22    1.74
-163431.507    -2.605     2.11    1.53
-163055.193    -2.224     1.01    1.52
-162678.865    -1.677     1.45    1.76
-162302.523    -1.375     0.80    1.81
-161926.169    -1.400    -0.06    2.21
-161549.801    -2.296    -2.38    2.60
-161173.419    -3.180    -2.35    2.07
-160797.024    -3.912    -1.94    1.69
-160420.616    -4.259    -0.92    1.03
-160044.195    -4.400    -0.37    1.07
-159667.760    -4.209     0.51    1.55
-159291.312    -4.034     0.46    1.57
-158914.850    -4.302    -0.71    1.88
-158538.375    -4.497    -0.52    1.61
-158161.886    -4.717    -0.58    1.66
-157785.385    -4.649     0.18    1.74
-157408.869    -4.724    -0.20    1.69
-157032.341    -4.675     0.13    2.07
-156655.799    -5.961    -3.41    2.36
-156279.243    -6.700    -1.96    2.06
-155902.674    -7.316    -1.63    1.65
-155526.092    -7.010     0.81    1.87
-155149.496    -6.880     0.35    1.68
-154772.887    -6.724     0.41    1.83
-154396.265    -5.486     3.29    2.48
-154019.629    -4.424     2.82    2.89
-153642.979    -2.801     4.31    2.65
-153266.317    -1.981     2.18    2.56
-152889.640    -2.313    -0.88    2.64
-152512.951    -3.107    -2.11    2.50
-152136.248    -4.391    -3.41    2.62
-151759.531    -5.724    -3.54    1.70
-151382.801    -5.803    -0.21    1.91
-151006.057    -5.871    -0.18    2.08
-150629.300    -5.803     0.18    2.21
-150252.530    -5.939    -0.36    2.13
-149875.746    -5.839     0.27    2.38
-149498.949    -5.265     1.52    2.47
-149122.138    -5.224     0.11    2.35
-148745.314    -5.409    -0.49    2.23
-148368.476    -5.424    -0.04    1.83
-147991.625    -5.692    -0.71    1.94
-147614.760    -6.107    -1.10    1.85
-147237.882    -6.296    -0.50    1.74
-146860.990    -6.584    -0.76    1.58
-146484.085    -6.863    -0.74    1.61
-146107.166    -6.863     0.00    1.63
-145730.234    -7.034    -0.45    1.83
-145353.288    -6.839     0.52    1.65
-144976.329    -6.546     0.78    1.96
-144601.686    -6.184     0.97    2.19
-144227.382    -6.700    -1.38    2.66
-143853.064    -7.439    -1.97    3.01
-143478.734    -8.253    -2.18    2.69
-143104.389    -8.558    -0.81    2.43
-142730.032    -8.424     0.36    2.27
-142355.661    -8.859    -1.16    2.10
-141981.277    -8.334     1.40    2.58
-141606.880    -7.105     3.28    3.10
-141232.469    -6.224     2.35    3.04
-140858.045    -5.497     1.94    2.57
-140483.608    -5.253     0.65    2.51
-140109.157    -5.159     0.25    2.54
-139734.693    -5.218    -0.16    2.99
-139360.216    -4.708     1.36    2.88
-138985.725    -4.809    -0.27    2.85
-138611.221    -6.083    -3.40    3.07
-138236.703    -7.296    -3.24    2.25
-137862.173    -7.803    -1.35    1.90
-137487.628    -7.761     0.11    1.55
-137113.071    -7.675     0.23    2.22
-136738.500    -7.796    -0.32    2.60
-136363.915    -7.748     0.13    2.61
-135989.318    -7.546     0.54    2.29
-135614.707    -6.894     1.74    2.23
-135240.082    -6.136     2.02    2.34
-134865.444    -5.238     2.40    2.41
-134490.793    -4.777     1.23    2.65
-134116.128    -4.200     1.54    2.44
-133741.450    -3.278     2.46    2.36
-133366.759    -1.444     4.89    2.42
-132992.054    -0.801     1.72    2.03
-132617.335    -0.586     0.57    2.09
-132242.604    -0.684    -0.26    1.66
-131867.859    -0.595     0.24    1.64
-131493.100    -0.936    -0.91    1.87
-131118.328    -1.986    -2.80    2.08
-130743.543    -2.409    -1.13    2.05
-130368.744    -2.759    -0.93    1.66
-129993.932    -2.609     0.40    2.02
-129619.106    -2.581     0.07    1.89
-129244.267    -2.796    -0.57    1.78
-128869.414    -3.105    -0.83    1.47
-128494.548    -3.107    -0.00    1.88
-128119.669    -2.959     0.40    2.12
-127744.776    -2.522     1.17    1.75
-127369.869    -1.964     1.49    1.91
-126994.949    -1.887     0.20    1.82
-126620.016    -2.391    -1.34    2.01
-126245.069    -2.134     0.69    2.37
-125870.109    -1.912     0.59    2.58
-125495.135    -1.659     0.67    2.74
-125120.148    -1.248     1.10    2.65
-124745.147    -1.184     0.17    2.39
-124370.133    -1.105     0.21    2.32
-123995.105    -0.605     1.33    2.85
-123620.064     1.113     4.58    2.86
-123245.010     2.276     3.10    3.14
-122869.942     3.659     3.69    3.20
-122494.860     4.784     3.00    2.81
-122119.765     5.966     3.15    2.04
-121744.656     6.371     1.08    1.61
-121369.534     5.641    -1.95    2.16
-120994.398     4.282    -3.62    2.30
-120619.249     3.489    -2.11    2.36
-120244.086     3.216    -0.73    2.36
-119868.910     3.641     1.13    2.39
-119493.720     4.800     3.09    2.02
-119118.517     5.530     1.95    1.93
-118743.300     6.034     1.34    1.90
-118368.070     6.203     0.45    1.90
-117992.826     6.186    -0.05    1.89
-117617.569     6.015    -0.45    2.19
-117242.298     5.674    -0.91    2.34
-116867.013     5.083    -1.57    2.59
-116491.715     3.838    -3.32    2.54
-116116.404     3.300    -1.43    2.18
-115741.078     3.990     1.84    2.42
-115365.740     5.771     4.74    3.35
-114990.387     7.527     4.68    2.67
-114615.021     7.941     1.10    2.53
-114239.642     7.191    -2.00    2.92
-113864.249     5.844    -3.59    2.37
-113488.842     5.780    -0.17    2.25
-113113.422     6.133     0.94    2.29
-112737.988     7.083     2.53    2.08
-112362.541     7.966     2.35    1.91
-111987.080     7.771    -0.52    1.82
-111611.606     7.039    -1.95    2.07
-111236.117     5.823    -3.24    2.04
-110860.616     4.747    -2.87    1.72
-110485.100     3.609    -3.03    1.62
-110109.571     2.991    -1.65    1.77
-109734.029     2.600    -1.04    1.61
-109358.473     2.441    -0.42    1.57
-108982.903     3.332     2.37    1.91
-108607.319     3.941     1.62    2.11
-108231.722     4.478     1.43    1.96
-107856.112     4.942     1.24    1.85
-107480.487     5.109     0.44    1.84
-107104.849     4.990    -0.32    1.63
-106729.198     5.094     0.28    1.40
-106353.533     5.353     0.69    1.51
-105977.854     6.015     1.76    1.92
-105602.161     6.966     2.53    1.87
-105226.455     8.186     3.25    1.97
-104850.735     8.835     1.73    1.83
-104475.002     9.012     0.47    1.92
-104099.255     8.891    -0.32    1.99
-103723.494     8.561    -0.88    1.68
-103347.719     8.186    -1.00    1.37
-102971.931     8.479     0.78    1.21
-102596.129     8.853     0.99    1.35
-102220.314     9.171     0.85    1.34
-101844.485     9.503     0.88    1.31
-101468.642     9.871     0.98    1.14
-101092.785    10.341     1.25    1.00
-100716.915    10.603     0.70    1.12
-100341.031    10.598    -0.01    1.24
 -99965.134    10.419    -0.48    1.48
 -99589.222     9.943    -1.27    1.95
 -99213.297     9.308    -1.69    2.21
 -98837.359     8.827    -1.28    2.35
 -98461.406     8.479    -0.92    2.72
 -98085.440     8.204    -0.73    2.59
 -97709.460     6.752    -3.86    2.57
 -97333.466     5.466    -3.42    2.18
 -96957.459     4.820    -1.72    1.88
 -96581.438     5.341     1.39    2.31
 -96205.403     5.722     1.01    2.33
 -95829.355     5.266    -1.21    2.86
 -95453.292     4.064    -3.20    3.20
 -95077.216     2.308    -4.67    2.41
 -94701.127     1.085    -3.25    1.48
 -94325.023     0.893    -0.51    1.31
 -93948.906     0.728    -0.44    1.21
 -93572.775     0.820     0.24    1.57
 -93196.630     1.466     1.72    1.66
 -92820.472     1.252    -0.57    1.63
 -92444.299     1.292     0.11    1.54
 -92068.113     1.300     0.02    1.37
 -91691.913     2.133     2.21    2.06
 -91315.700     2.698     1.50    2.07
 -90939.472     2.891     0.51    1.89
 -90563.231     2.776    -0.31    1.63
 -90186.976     3.088     0.83    1.78
 -89810.708     2.747    -0.91    1.51
 -89434.425     2.166    -1.54    1.73
 -89058.129     1.552    -1.63    1.48
 -88681.819     1.659     0.28    1.42
 -88305.495     2.061     1.07    1.48
 -87929.157     2.283     0.59    1.46
 -87552.805     2.133    -0.40    1.46
 -87176.440     1.800    -0.89    1.46
 -86800.061     1.361    -1.17    1.24
 -86423.668     1.284    -0.20    1.25
 -86047.261     1.430     0.39    1.14
 -85670.840     1.503     0.19    1.00
 -85294.406     1.991     1.30    1.39
 -84917.958     2.229     0.63    1.67
 -84541.496     1.989    -0.64    1.86
 -84165.020     1.351    -1.69    1.84
 -83788.530     0.674    -1.80    1.57
 -83412.026    -0.058    -1.94    1.42
 -83035.509    -0.495    -1.16    1.31
 -82658.977    -0.738    -0.65    1.13
 -82282.432    -0.726     0.03    1.00
 -81905.873    -0.915    -0.50    0.97
 -81529.300    -0.964    -0.13    1.12
 -81152.713    -1.159    -0.52    1.18
 -80776.113    -1.352    -0.51    1.22
 -80399.498    -1.271     0.22    1.48
 -80022.870    -0.964     0.81    1.68
 -79646.227    -0.724     0.64    1.75
 -79269.571    -0.462     0.70    1.38
 -78892.901    -0.602    -0.37    1.26
 -78516.217    -0.162     1.17    1.84
 -78139.519     0.323     1.29    2.59
 -77762.808     1.181     2.28    2.96
 -77386.082     0.823    -0.95    3.22
 -77009.342     1.181     0.95    3.32
 -76632.589     0.402    -2.07    3.39
 -76255.821    -0.343    -1.98    3.17
 -75879.040    -1.058    -1.90    2.12
 -75502.245    -0.724     0.89    2.57
 -75125.436     0.871     4.23    2.93
 -74748.613     2.191     3.50    2.85
 -74371.776     2.501     0.82    2.38
 -73994.925     1.391    -2.94    2.36
 -73618.060     0.332    -2.81    2.40
 -73241.181     0.259    -0.19    2.36
 -72864.289     0.381     0.32    2.38
 -72487.382     0.990     1.62    2.31
 -72110.461     0.893    -0.26    1.98
 -71733.527     0.674    -0.58    1.83
 -71356.578     0.776     0.27    1.93
 -70979.616     1.038     0.69    1.94
 -70602.639     0.990    -0.13    1.94
 -70225.649     0.501    -1.30    1.98
 -69848.718    -0.278    -2.07    1.73
 -69474.479    -0.284    -0.02    1.32
 -69100.226     0.038     0.86    1.61
 -68725.959     0.362     0.87    1.65
 -68351.679     0.594     0.62    2.28
 -67977.385     0.919     0.87    2.57
 -67603.077     1.514     1.59    2.80
 -67228.756     2.161     1.73    2.99
 -66854.420     3.014     2.28    3.00
 -66480.071     4.186     3.13    3.44
 -66105.708     5.795     4.30    3.57
 -65731.331     6.847     2.81    3.85
 -65356.941     6.600    -0.66    4.12
 -64982.537     5.566    -2.76    4.80
 -64608.118     6.228     1.77    5.64
 -64233.686     7.992     4.71    6.01
 -63859.241    10.133     5.72    6.52
 -63484.781    13.228     8.27    7.68
 -63110.308    16.524     8.80    7.81
 -62735.821    18.585     5.50    7.28
 -62361.320    16.466    -5.66    7.05
 -61986.805    12.512   -10.56    7.17
 -61612.276     8.241   -11.40    4.98
 -61237.734     6.633    -4.29    4.11
 -60863.178     5.514    -2.99    4.12
 -60488.608     4.556    -2.56    4.35
 -60114.024     3.239    -3.52    3.84
 -59739.426     1.598    -4.38    1.75
 -59364.814     1.356    -0.64    1.51
 -58990.189     1.466     0.29    1.31
 -58615.549     1.722     0.68    1.28
 -58240.896     1.853     0.35    1.24
 -57866.229     1.659    -0.52    1.20
 -57491.548     1.609    -0.13    1.10
 -57116.854     2.038     1.14    1.37
 -56742.145     2.442     1.08    1.40
 -56367.422     2.704     0.70    1.50
 -55992.686     2.616    -0.24    1.46
 -55617.936     2.893     0.74    2.17
 -55243.172     3.216     0.86    2.26
 -54868.394     3.356     0.37    2.00
 -54493.602     3.137    -0.59    1.60
 -54118.796     2.942    -0.52    1.47
 -53743.976     3.113     0.45    1.92
 -53369.143     3.106    -0.02    2.19
 -52994.295     4.252     3.06    2.55
 -52619.434     5.691     3.84    2.96
 -52244.558     5.722     0.08    2.93
 -51869.669     5.538    -0.49    3.10
 -51494.766     4.210    -3.54    3.08
 -51119.849     2.419    -4.78    1.84
 -50744.918     1.776    -1.71    1.33
 -50369.973     1.356    -1.12    1.28
 -49995.014     1.161    -0.52    1.21
 -49620.042     1.109    -0.14    1.05
 -49245.055     1.064    -0.12    0.97
 -48870.054     1.259     0.52    0.93
 -48495.040     1.161    -0.26    1.10
 -48120.011     1.041    -0.32    1.10
 -47744.969     1.245     0.54    1.05
 -47369.912     1.479     0.62    1.39
 -46994.842     1.776     0.79    1.64
 -46619.758     2.752     2.60    2.12
 -46244.659     3.847     2.92    2.50
 -45869.547     6.338     6.64    3.92
 -45494.421     8.300     5.23    3.88
 -45119.281     8.989     1.84    3.86
 -44744.126     9.371     1.02    3.85
 -44368.958     8.966    -1.08    3.11
 -43993.776     9.347     1.02    2.63
 -43618.580     9.864     1.38    2.47
 -43243.370    10.580     1.91    2.38
 -42868.146    11.684     2.94    2.87
 -42492.908    13.442     4.69    3.76
 -42117.656    16.161     7.25    5.10
 -41742.390    25.120    23.87   17.91
 -41367.109    35.216    26.90   22.28
 -40991.815    44.677    25.21   22.90
 -40616.507    47.917     8.63   20.76
 -40241.185    46.395    -4.06   22.20
 -39865.849    41.942   -11.86   25.71
 -39490.499    26.966   -39.90   22.94
 -39115.134    15.735   -29.92   16.28
 -38739.756     7.681   -21.46    4.73
 -38364.364     4.681    -7.99    3.01
 -37988.958     2.728    -5.20    2.51
 -37613.537     1.503    -3.26    1.52
 -37238.103     1.391    -0.30    1.53
 -36862.654     1.381    -0.03    1.72
 -36487.192     1.527     0.39    1.86
 -36111.715     1.157    -0.99    1.76
 -35736.225     0.895    -0.70    1.61
 -35360.720     0.585    -0.82    1.51
 -34985.201     0.538    -0.13    1.48
 -34609.668     0.548     0.03    1.42
 -34234.122     0.186    -0.96    1.27
 -33858.561     0.552     0.97    1.28
 -33482.986     0.674     0.32    1.21
 -33107.396     0.704     0.08    1.38
 -32731.793     0.490    -0.57    1.55
 -32356.176     0.538     0.13    1.81
 -31980.545     0.917     1.01    2.06
 -31604.899     1.666     1.99    2.13
 -31229.239     2.538     2.32    2.41
 -30853.566     3.561     2.73    2.93
 -30477.878     4.039     1.27    2.43
 -30102.176     5.085     2.78    2.59
 -29726.460     5.716     1.68    2.45
 -29350.730     6.366     1.73    2.55
 -28974.986     7.014     1.72    2.60
 -28599.227     7.503     1.30    2.85
 -28223.455     7.917     1.10    3.95
 -27847.668     8.820     2.40    5.46
 -27471.867     9.141     0.86    5.85
 -27096.053    10.896     4.67    5.83
 -26720.224    12.171     3.39    4.93
 -26344.380    12.442     0.72    4.63
 -25968.523    10.942    -3.99    5.64
 -25592.652     9.061    -5.00    6.26
 -25216.766     6.478    -6.87    6.13
 -24840.866     4.703    -4.72    4.94
 -24464.952     3.353    -3.59    3.31
 -24089.024     2.609    -1.98    2.95
 -23713.082     2.561    -0.13    3.28
 -23337.125     3.014     1.20    4.16
 -22961.155     3.019     0.01    4.49
 -22585.170     2.534    -1.29    4.40
 -22209.171     1.761    -2.06    4.14
 -21833.158     1.176    -1.56    3.56
 -21457.130     1.371     0.52    3.44
 -21081.089     1.376     0.01    3.13
 -20705.033     2.103     1.93    3.31
 -20328.963     2.479     1.00    3.31
 -19952.879     2.869     1.04    3.39
 -19576.781     3.204     0.89    3.46
 -19200.668     3.649     1.18    3.36
 -18824.541     4.330     1.81    3.33
 -18448.400     5.124     2.11    3.41
 -18072.245     6.181     2.81    5.80
 -17696.076    10.710    12.04   14.04
 -17319.892    12.356     4.38   15.36
 -16943.694    14.780     6.44   18.94
 -16567.482    13.300    -3.94   15.94
 -16191.256    10.633    -7.09   14.41
 -15815.015     9.752    -2.34   14.07
 -15438.760     5.800   -10.50    8.77
 -15062.491     2.728    -8.16    3.87
 -14686.208     1.791    -2.49    2.83
 -14309.910     1.747    -0.12    2.89
 -13933.598     2.316     1.51    2.74
 -13557.272     3.161     2.25    2.77
 -13180.932     4.332     3.11    3.02
 -12804.577     5.133     2.13    3.36
 -12428.208     5.186     0.14    3.74
 -12051.825     6.847     4.41    5.86
 -11675.428     8.430     4.20    7.79
 -11299.016    13.873    14.46   14.54
 -10922.590    33.300    51.61   46.80
 -10546.150    44.780    30.50   57.55
 -10169.695    49.176    11.68   60.07
  -9793.226    39.161   -26.60   52.90
  -9416.743    16.816   -59.35   20.93
  -9040.245     7.161   -25.64    8.21
  -8663.734     4.385    -7.37    4.19
  -8287.207     4.585     0.53    4.66
  -7910.667     4.990     1.07    5.12
  -7534.112     6.791     4.78    7.69
  -7157.543     6.625    -0.44    6.65
  -6780.960     6.292    -0.88    6.40
  -6404.362     5.038    -3.33    4.40
  -6027.750     3.609    -3.79    2.93
  -5651.123     3.276    -0.89    2.73
  -5274.483     3.356     0.21    2.84
  -4897.828     3.816     1.22    1.98
  -4521.158     4.252     1.16    2.17
  -4144.474     3.552    -1.86    2.69
  -3767.776     2.371    -3.13    3.15
  -3391.064     1.039    -3.53    2.58
  -3014.337     0.966    -0.19    2.30
  -2637.596     1.871     2.40    2.41
  -2260.840     2.316     1.18    2.39
  -1884.070     2.014    -0.80    2.53
  -1507.286     1.228    -2.09    2.74
  -1130.487     0.181    -2.78    2.14
   -753.674    -0.296    -1.26    1.91
   -376.847    -0.675    -1.01    1.27
     -0.005    -0.319     0.94    1.88
    376.851     0.228     1.45    2.31
    753.722     0.803     1.53    2.70
   1130.607     1.061     0.68    3.05
   1507.506     0.677    -1.02    2.88
   1884.420     0.944     0.71    2.89
   2261.348     1.722     2.07    3.80
   2638.291     2.594     2.31    3.95
   3015.248     3.625     2.73    4.03
   3392.220     5.098     3.91    3.19
   3769.206     5.057    -0.11    2.41
   4146.206     4.866    -0.51    1.45
   4523.221     4.347    -1.38    1.34
   4900.250     3.869    -1.27    1.16
   5276.785     3.864    -0.01    1.17
   5650.969     4.262     1.06    1.44
   6025.168     4.812     1.47    1.79
   6399.382     4.966     0.41    1.68
   6773.609     4.920    -0.12    1.85
   7147.851     4.698    -0.59    1.79
   7522.107     4.466    -0.62    1.77
   7896.377     3.941    -1.40    1.94
   8270.661     2.803    -3.04    2.53
   8644.960     1.561    -3.32    2.19
   9019.273     1.347    -0.57    2.04
   9393.600     1.681     0.89    2.05
   9767.941     2.332     1.74    2.05
  10142.297     3.129     2.13    2.05
  10516.667     3.716     1.57    2.03
  10891.051     4.356     1.71    1.80
  11265.449     4.823     1.25    1.89
  11639.862     4.674    -0.40    1.86
  12014.289     4.038    -1.70    1.87
  12388.730     3.641    -1.06    1.61
  12763.185     3.991     0.93    2.34
  13137.655     4.561     1.52    2.64
  13512.139     5.036     1.27    2.54
  13886.637     5.466     1.15    2.76
  14261.150     4.896    -1.52    2.65
  14635.677     4.466    -1.15    1.98
  15010.218     4.204    -0.70    2.01
  15384.773     3.600    -1.61    1.51
  15759.343     3.405    -0.52    1.53
  16133.927     3.308    -0.26    1.46
  16508.525     3.210    -0.26    1.48
  16883.138     3.113    -0.26    1.73
  17257.765     3.133     0.05    1.81
  17632.406     3.371     0.64    1.90
  18007.062     3.704     0.89    2.07
  18381.732     4.043     0.90    2.04
  18756.416     4.292     0.66    2.19
  19131.115     4.893     1.60    2.20
  19505.828     5.252     0.96    2.31
  19880.555     5.552     0.80    2.14
  20255.297     6.045     1.32    1.95
  20630.053     5.921    -0.33    2.16
  21004.823     6.248     0.87    2.10
  21379.608     5.681    -1.51    2.21
  21754.407     5.524    -0.42    2.20
  22129.220     5.088    -1.16    1.81
  22504.048     5.580     1.31    2.10
  22878.890     5.808     0.61    2.10
  23253.746     5.921     0.30    2.19
  23628.617     5.747    -0.46    2.17
  24003.502     5.524    -0.59    2.04
  24378.402     5.323    -0.54    1.46
  24753.316     5.325     0.00    1.31
  25128.244     5.898     1.53    1.76
  25503.187     6.043     0.39    1.80
  25878.144     5.990    -0.14    1.98
  26253.116     5.722    -0.71    2.17
  26628.102     5.503    -0.59    2.23
  27003.102     5.080    -1.13    2.08
  27378.117     4.598    -1.29    1.44
  27753.146     4.871     0.73    1.45
  28128.190     5.362     1.31    1.61
  28503.248     5.698     0.90    1.88
  28878.320     6.538     2.24    2.19
  29253.407     6.505    -0.09    2.06
  29628.508     6.395    -0.29    2.01
  30003.624     6.064    -0.88    1.53
  30378.754     6.728     1.77    1.97
  30753.899     8.085     3.62    2.43
  31129.058     8.776     1.84    2.30
  31504.231     9.283     1.35    2.30
  31879.419     8.942    -0.91    2.56
  32254.622     8.332    -1.63    2.41
  32629.839     8.292    -0.11    2.40
  33005.070     8.561     0.72    2.44
  33380.316     8.307    -0.68    2.21
  33755.576     8.292    -0.04    1.94
  34130.851     8.332     0.11    1.80
  34506.140     8.491     0.42    1.62
  34881.444     9.088     1.59    1.94
  35256.762     9.455     0.98    2.32
  35632.095     9.395    -0.16    2.51
  36007.442     8.704    -1.84    2.14
  36382.803     9.171     1.24    2.21
  36758.179     8.752    -1.12    2.24
  37133.570     8.776     0.06    2.39
  37508.975     8.552    -0.60    2.18
  37884.395     8.137    -1.10    1.92
  38259.829     8.514     1.00    2.20
  38635.278     8.776     0.70    2.07
  39010.741     9.210     1.16    1.84
  39386.219     9.228     0.05    1.73
  39761.711     8.735    -1.31    1.29
  40137.218     8.585    -0.40    1.27
  40512.739     8.609     0.06    1.28
  40888.275     8.594    -0.04    1.33
  41263.825     8.847     0.67    1.40
  41639.390     9.598     2.00    1.60
  42014.969     9.898     0.80    1.52
  42390.563    10.235     0.90    1.32
  42766.172    10.561     0.87    1.53
  43141.795    10.820     0.69    1.31
  43517.433    11.043     0.59    1.40
  43893.085    11.103     0.16    1.29
  44268.752    11.043    -0.16    1.09
  44644.433    11.538     1.32    1.25
  45020.129    11.664     0.34    1.44
  45395.840    11.941     0.74    1.58
  45771.565    12.466     1.40    1.70
  46147.304    12.493     0.07    1.59
  46523.059    12.921     1.14    1.52
  46898.828    13.514     1.58    1.48
  47274.611    13.734     0.58    1.43
  47650.409    13.827     0.25    1.44
  48026.222    14.018     0.51    1.64
  48402.049    13.989    -0.08    1.55
  48777.891    13.991     0.01    1.53
  49153.747    13.609    -1.02    1.53
  49529.619    13.235    -1.00    1.43
  49905.504    13.366     0.35    1.43
  50281.405    13.444     0.21    1.39
  50657.320    13.414    -0.08    1.45
  51033.249    13.430     0.04    1.66
  51409.193    13.657     0.60    1.70
  51785.152    13.600    -0.15    1.84
  52161.126    13.455    -0.39    1.76
  52537.114    13.479     0.07    1.47
  52913.117    13.752     0.73    1.42
  53289.134    14.252     1.33    1.38
  53665.167    14.681     1.14    1.24
  54041.213    14.704     0.06    1.31
  54417.275    15.241     1.43    1.48
  54793.351    15.419     0.47    1.67
  55169.442    15.391    -0.07    1.77
  55545.547    14.966    -1.13    1.62
  55921.667    14.300    -1.77    1.97
  56297.802    14.323     0.06    1.57
  56673.952    14.442     0.32    1.45
  57050.116    14.633     0.51    1.37
  57426.295    14.514    -0.32    1.29
  57802.488    14.489    -0.07    1.45
  58178.697    14.657     0.45    1.28
  58554.920    15.038     1.01    1.28
  58931.157    15.059     0.06    1.23
  59307.410    15.235     0.47    1.32
  59683.677    15.366     0.35    1.41
  60059.959    15.419     0.14    1.38
  60436.255    15.803     1.02    1.60
  60812.566    16.106     0.80    1.63
  61188.892    16.276     0.45    1.55
  61565.233    16.332     0.15    1.24
  61941.589    16.490     0.42    1.17
  62317.959    16.687     0.52    1.49
  62694.344    16.895     0.55    1.57
  63070.744    16.609    -0.76    1.64
  63447.158    16.276    -0.89    1.55
  63823.587    15.847    -1.14    1.23
  64200.031    15.698    -0.40    0.98
  64576.490    16.356     1.75    1.55
  64952.963    16.609     0.67    1.54
  65329.452    16.942     0.88    1.41
  65705.955    17.408     1.24    1.55
  66082.472    17.259    -0.40    1.21
  66459.005    17.181    -0.21    1.44
  66835.552    16.991    -0.50    1.49
  67212.114    16.454    -1.43    1.00
  67588.691    16.356    -0.26    0.86
  67965.283    16.633     0.73    1.00
  68341.890    16.966     0.89    1.04
  68718.511    17.576     1.62    1.39
  69095.147    18.292     1.90    2.13
  69471.798    19.064     2.05    2.35
  69848.464    19.276     0.56    2.26
  70225.144    19.395     0.32    1.81
  70601.840    19.666     0.72    1.92
  70978.550    20.034     0.98    2.13
  71355.275    20.791     2.01    2.24
  71732.015    21.347     1.48    2.26
  72108.769    21.919     1.52    2.31
  72485.539    22.283     0.97    2.31
  72862.323    22.262    -0.06    1.94
  73239.122    22.223    -0.10    2.04
  73615.936    21.664    -1.48    2.41
  73992.765    21.276    -1.03    2.30
  74369.609    21.036    -0.64    2.42
  74746.468    21.455     1.11    2.27
  75123.341    21.361    -0.25    2.25
  75500.230    21.148    -0.56    2.40
  75877.133    21.527     1.01    2.25
  76254.051    21.687     0.42    2.20
  76630.984    22.133     1.18    2.39
  77007.932    22.571     1.16    2.30
  77384.894    22.353    -0.58    2.15
  77761.872    22.341    -0.03    1.96
  78138.864    22.561     0.58    1.80
  78515.872    22.800     0.63    1.50
  78892.894    22.915     0.31    1.57
  79269.931    22.625    -0.77    1.71
  79646.983    22.146    -1.27    1.71
  80024.050    22.133    -0.03    1.96
  80400.188    22.129    -0.01    2.03
  80774.329    22.141     0.03    1.72
  81148.486    22.807     1.78    1.95
  81522.656    23.387     1.55    2.10
  81896.842    23.898     1.37    2.05
  82271.042    24.408     1.36    1.96
  82645.257    24.315    -0.25    1.74
  83019.487    24.687     0.99    1.83
  83393.731    24.402    -0.76    2.04
  83767.990    23.875    -1.41    2.04
  84142.264    23.366    -1.36    2.02
  84516.552    22.823    -1.45    1.70
  84890.855    22.633    -0.51    1.36
  85265.173    22.869     0.63    1.39
  85639.505    23.013     0.38    1.34
  86013.853    23.146     0.36    1.48
  86388.214    23.419     0.73    1.60
  86762.591    23.820     1.07    1.62
  87136.983    24.014     0.52    1.51
  87511.389    23.919    -0.25    1.27
  87885.810    23.990     0.19    1.14
  88260.245    23.844    -0.39    1.05
  88634.696    24.085     0.64    1.33
  89009.161    23.991    -0.25    1.41
  89383.640    24.199     0.56    1.69
  89758.135    24.133    -0.18    1.82
  90132.644    23.780    -0.94    1.56
  90507.169    23.780     0.00    1.37
  90881.707    23.942     0.43    1.30
  91256.261    24.241     0.80    1.40
  91630.830    24.561     0.86    1.40
  92005.413    24.873     0.83    1.54
  92380.011    25.061     0.50    1.57
  92754.624    25.181     0.32    1.46
  93129.251    25.347     0.44    1.45
  93503.893    25.347     0.00    1.50
  93878.551    25.064    -0.76    1.28
  94253.223    25.308     0.65    1.39
  94627.909    25.916     1.62    1.52
  95002.611    26.204     0.77    1.16
  95377.327    26.704     1.33    1.36
  95752.058    26.989     0.76    1.32
  96126.804    27.109     0.32    1.30
  96501.565    27.223     0.30    1.27
  96876.341    27.262     0.10    1.41
  97251.131    27.356     0.25    1.38
  97625.936    27.552     0.52    1.38
  98000.757    27.395    -0.42    1.21
  98375.592    27.844     1.20    1.60
  98750.441    28.103     0.69    1.50
  99125.306    28.376     0.73    1.58
  99500.185    28.478     0.27    1.74
  99875.080    28.687     0.56    1.79
 100249.989    28.641    -0.12    1.77
 100624.913    29.012     0.99    1.82
 100999.852    28.703    -0.82    1.80
 101374.806    28.921     0.58    1.75
 101749.774    28.866    -0.15    1.37
 102124.758    29.080     0.57    1.35
 102499.756    29.561     1.28    1.67
 102874.769    29.992     1.15    1.71
 103249.798    30.125     0.36    1.67
 103624.841    29.861    -0.70    1.74
 103999.899    30.204     0.92    1.91
 104374.971    30.664     1.23    1.96
 104750.059    30.847     0.49    1.81
 105125.162    30.853     0.01    1.54
 105500.279    30.735    -0.31    1.51
 105875.412    31.034     0.80    1.95
 106250.559    31.276     0.64    1.98
 106625.721    31.347     0.19    1.94
 107000.899    31.490     0.38    1.93
 107376.091    30.841    -1.73    1.74
 107751.298    30.466    -1.00    1.21
 108126.520    30.591     0.33    1.46
 108501.757    30.633     0.11    1.41
 108877.008    30.942     0.82    1.39
 109252.275    30.698    -0.65    1.38
 109627.557    30.514    -0.49    1.35
 110002.854    30.538     0.06    1.35
 110378.165    30.966     1.14    1.51
 110753.492    31.109     0.38    1.63
 111128.833    31.338     0.61    1.73
 111504.190    31.747     1.09    1.57
 111879.561    31.514    -0.62    1.48
 112254.948    31.990     1.27    1.60
 112630.349    32.113     0.33    1.70
 113005.766    32.466     0.94    1.76
 113381.197    33.395     2.47    1.78
 113756.644    33.245    -0.40    1.89
 114132.105    33.194    -0.14    1.87
 114507.581    33.617     1.13    1.80
 114883.073    33.490    -0.34    1.74
 115258.579    33.942     1.20    1.64
 115634.100    33.674    -0.71    1.54
 116009.637    33.827     0.41    1.60
 116385.188    34.036     0.56    1.53
 116760.754    34.442     1.08    1.63
 117136.336    35.330     2.36    1.98
 117511.932    35.966     1.69    1.95
 117887.544    36.419     1.20    1.74
 118263.170    36.561     0.38    1.61
 118638.812    36.538    -0.06    1.43
 119014.468    36.538     0.00    1.48
 119390.140    36.943     1.08    1.88
 119765.827    37.454     1.36    1.79
 120141.528    37.776     0.86    1.64
 120517.245    37.866     0.24    1.53
 120892.977    37.609    -0.68    1.56
 121268.724    37.728     0.32    2.14
 121644.486    38.059     0.88    2.15
 122020.263    38.323     0.70    2.16
 122396.055    39.016     1.84    2.24
 122771.862    38.944    -0.19    1.93
 123147.684    39.332     1.03    2.09
 123523.521    39.204    -0.34    2.21
 123899.374    39.133    -0.19    2.23
 124275.241    39.266     0.35    2.19
 124651.124    39.034    -0.62    2.03
 125027.021    39.274     0.64    2.30
 125402.934    40.371     2.92    2.61
 125778.862    40.269    -0.27    2.70
 126154.805    40.315     0.12    2.56
 126530.763    40.375     0.16    2.59
 126906.736    39.889    -1.29    2.19
 127282.724    39.807    -0.22    2.17
 127658.728    39.681    -0.34    1.89
 128034.746    39.943     0.70    1.67
 128410.780    40.657     1.90    1.63
 128786.829    41.098     1.17    1.49
 129162.893    41.671     1.52    1.79
 129538.972    42.274     1.60    2.02
 129915.066    42.847     1.52    2.05
 130291.175    43.617     2.05    2.21
 130667.300    44.325     1.88    2.07
 131043.440    44.625     0.80    1.78
 131419.594    44.889     0.70    1.36
 131795.764    45.129     0.64    1.11
 132171.950    45.757     1.67    1.37
 132548.150    46.228     1.25    1.58
 132924.365    46.921     1.84    1.55
 133300.596    47.519     1.59    1.55
 133676.842    48.148     1.67    1.65
 134053.103    49.085     2.49    1.82
 134429.379    49.780     1.85    1.76
 134805.671    50.199     1.11    1.44
 135181.977    50.556     0.95    1.46
 135558.299    50.875     0.85    1.43
 135934.636    51.761     2.35    1.45
 136310.988    52.466     1.87    1.57
 136687.356    53.276     2.15    1.65
 137063.738    53.991     1.90    1.44
 137440.136    54.648     1.75    1.41
 137816.549    55.361     1.89    1.57
 138192.978    56.269     2.41    1.83
 138569.421    57.059     2.10    1.67
 138945.880    57.823     2.03    1.44
 139322.354    58.353     1.41    1.54
 139698.843    58.710     0.95    1.89
 140075.348    59.398     1.83    1.97
 140451.868    60.252     2.27    2.16
 140828.403    61.300     2.78    2.04
 141204.953    61.823     1.39    2.09
 141581.518    62.516     1.84    2.44
 141958.099    63.239     1.92    2.55
 142334.695    63.716     1.27    2.89
 142711.306    64.133     1.11    2.81
 143087.933    65.181     2.78    2.93
 143464.575    66.259     2.86    3.00
 143841.232    66.641     1.01    2.51
 144217.904    67.015     0.99    2.49
 144594.592    67.585     1.51    2.70
 144971.295    68.129     1.44    2.64
 145348.013    69.157     2.73    2.57
 145724.747    70.323     3.10    2.06
 146101.496    71.064     1.97    1.79
 146478.260    71.752     1.83    1.59
 146855.040    72.576     2.19    1.83
 147231.834    73.371     2.11    2.33
 147608.645    74.490     2.97    2.55
 147985.470    75.276     2.09    2.24
 148362.311    76.561     3.41    2.37
 148739.167    77.600     2.76    2.17
 149116.038    78.800     3.18    2.28
 149492.925    80.657     4.93    2.44
 149869.827    81.966     3.47    2.31
 150246.745    83.585     4.30    2.13
 150623.678    84.776     3.16    2.33
 151000.626    86.375     4.24    2.74
 151377.589    88.292     5.08    2.74
 151754.568    89.942     4.38    2.39
 152131.563    91.747     4.79    2.23
 152508.572    92.803     2.80    2.02
 152885.597    94.300     3.97    2.75
 153262.638    96.276     5.24    2.49
 153639.693    98.106     4.85    2.92
 154016.764   100.419     6.13    2.92
 154393.851   102.338     5.09    3.12
 154770.953   105.038     7.16    3.19
 155148.070   107.722     7.12    3.79
 155523.793   110.942     8.57    4.51
 155897.876   114.228     8.78    4.10
 156271.974   117.083     7.63    4.01
 156646.088   119.512     6.49    3.19
 157020.216   122.106     6.93    3.77
 157394.360   125.524     9.14    4.88
 157768.519   129.405    10.37    5.10
 158142.693   133.674    11.41    5.71
 158516.882   137.222     9.48    5.04
 158891.086   141.245    10.75    5.20
 159265.305   144.514     8.74    5.34
 159639.540   146.455     5.19    5.30
 160013.790   149.800     8.94    5.54
 160388.055   153.109     8.84    5.80
 160762.335   156.674     9.52    6.32
 161136.630   161.204    12.11    5.53
 161510.941   164.585     9.03    4.13
 161885.266   168.490    10.43    4.80
 162259.607   171.176     7.17    4.97
 162633.963   173.919     7.33    4.83
 163008.335   175.866     5.20    4.81
 163382.721   177.966     5.61    4.98
 163757.123   179.381     3.78    5.64
 164131.540   180.442     2.84    6.54
 164505.972   183.920     9.29    7.99
 164880.420   188.109    11.19    9.57
 165254.882   195.148    18.80   10.27
 165629.360   200.838    15.20    8.15
 166003.853   204.466     9.69   11.74
 166378.362   212.800    22.25   15.72
 166752.885   220.269    19.95   19.40
 167127.424   237.419    45.80   28.73
 167501.978   259.069    57.81   42.08
 167876.547   292.966    90.51   55.18
 168251.132   334.479   110.84   62.77
 168625.732   365.585    83.05   59.11
 169000.347   403.853   102.17   49.92
 169374.977   422.276    49.18   43.43
 169749.623   444.853    60.27   47.76
 170124.284   469.966    67.04   62.05
 170498.960   484.944    39.98   77.98
 170873.652   514.734    79.52   86.70
 171248.359   535.245    54.75   82.51
 171623.081   568.641    89.13   86.17
 171997.818   622.428   143.55   93.46
 172372.571   696.603   197.96   87.75
 172747.339   755.941   158.36   91.55
 173122.122   834.585   209.87  102.38
 173496.921   917.710   221.82  132.15
 173871.734  1003.942   230.10  133.62
 174246.564  1039.739    95.52  110.32
 174621.408  1025.043   -39.21  110.85
 174996.268   974.800  -134.05  122.70
 175371.143   899.871  -199.90  130.13
 175746.034   893.776   -16.26  121.69
 176120.940   955.419   164.45  142.26
 176495.861  1051.503   256.32  186.17
 176870.798  1175.538   330.86  153.48
 177245.749  1249.591   197.53  101.64
 177620.717  1263.157    36.18   91.36
 177995.699  1246.490   -44.45   90.67
 178370.697  1252.919    17.15   89.43
 178745.711  1262.395    25.27   94.20
 179120.739  1245.966   -43.81  108.15
 179495.783  1169.657  -203.50  164.29
 179870.843  1043.419  -336.63  198.20
 180245.918   901.734  -377.81  169.42
 180621.008   813.704  -234.72  113.32
 180996.113   767.269  -123.81  103.76
 181371.234   713.323  -143.83  124.31
 181746.371   659.734  -142.88  124.65
 182121.523   585.776  -197.17  127.02
 182496.690   546.917  -103.59  136.14
 182871.872   525.895   -56.04  137.04
 183247.070   525.455    -1.17  136.76
 183622.284   504.362   -56.22  121.37
 183997.512   465.609  -103.29  131.88
 184372.757   418.538  -125.46  141.51
 184748.016   341.919  -204.21  128.48
 185123.291   278.176  -169.88   67.84
 185498.582   292.148    37.24   84.05
 185873.888   376.641   225.16  154.08
 186249.209   483.176   283.89  170.32
 186624.546   636.152   407.63  175.37
 186999.898   772.823   364.17  129.57
 187375.266   869.014   256.30  117.80
 187750.649   929.252   160.50   93.17
 188126.048   959.442    80.43  109.33
 188501.462  1004.850   120.97  111.61
 188876.891  1045.036   107.06  107.20
 189252.336  1100.106   146.70  106.71
 189627.797  1165.204   173.41   93.23
 190003.273  1196.106    82.31  102.81
 190378.764  1229.064    87.79  108.91
 190754.271  1232.133     8.17  131.90
 191129.793  1215.552   -44.16  149.29
 191505.331  1212.066    -9.28  165.32
 191880.885  1270.129   154.63  160.17
 192256.454  1365.066   252.82  179.12
 192632.038  1491.942   337.86  155.63
 193007.638  1598.014   282.45  114.88
 193383.253  1646.757   129.79   62.12
 193758.884  1664.404    46.99   52.79
