-264681.542   109.939     0.00    4.60
-264306.112   113.094     8.40    5.86
-263930.670   115.700     6.94    4.83
-263555.215   118.042     6.24    4.85
-263179.747   121.169     8.33    5.82
-262804.266   123.481     6.16    6.19
-262428.773   125.212     4.61    5.17
-262053.267   126.199     2.63    4.74
-261677.748   124.883    -3.50    5.52
-261302.217   121.258    -9.65    6.01
-260926.673   119.822    -3.82    6.32
-260551.116   118.286    -4.09    6.26
-260175.546   115.895    -6.36    6.58
-259799.964   112.335    -9.48    7.98
-259424.368   108.152   -11.14    7.46
-259048.761   104.941    -8.55    6.02
-258673.140   101.895    -8.11    6.20
-258297.507    99.725    -5.78    5.61
-257921.860    98.237    -3.96    5.66
-257546.201    96.857    -3.67    6.01
-257170.530    95.769    -2.89    5.77
-256794.845    95.708    -0.16    4.80
-256419.148    96.764     2.81    4.67
-256043.438    98.871     5.61    5.33
-255667.715   101.229     6.28    4.55
-255291.980   103.042     4.82    4.70
-254916.232   103.716     1.79    4.79
-254540.471   102.358    -3.61    4.72
-254164.697   101.139    -3.24    4.57
-253788.910   100.533    -1.61    4.80
-253413.111    98.290    -5.97    6.01
-253037.298    95.225    -8.15    5.10
-252661.473    92.583    -7.03    4.28
-252285.635    91.237    -3.58    3.63
-251909.785    92.920     4.48    5.27
-251533.921    95.788     7.63    6.25
-251158.045   100.614    12.84    6.17
-250782.156   104.758    11.02    6.68
-250406.254   109.017    11.33    7.00
-250030.339   112.676     9.73    7.40
-249654.412   116.773    10.90    7.28
-249278.471   119.621     7.57    7.42
-248902.518   121.895     6.05    6.81
-248526.552   121.858    -0.10    7.22
-248150.573   122.261     1.07    6.30
-247774.581   120.312    -5.18    5.44
-247398.577   120.651     0.90    5.16
-247022.559   120.931     0.74    4.66
-246646.529   121.640     1.88    5.72
-246270.486   123.983     6.23    5.51
-245894.430   125.306     3.52    5.19
-245518.361   123.978    -3.53    5.45
-245142.280   120.993    -7.94    6.59
-244766.185   116.145   -12.89    7.07
-244390.078   110.783   -14.25    6.51
-244013.957   106.488   -11.42    5.27
-243637.824   104.499    -5.29    5.28
-243261.678   103.700    -2.12    4.98
-242885.519   105.237     4.08    6.73
-242509.347   107.183     5.17    6.31
-242133.162   106.988    -0.52    6.18
-241756.965   104.588    -6.38    6.36
-241380.754   101.768    -7.49    6.53
-241004.531    97.456   -11.46    6.80
-240628.295    95.066    -6.35    5.22
-240252.045    96.152     2.89    5.73
-239875.783    99.929    10.03    6.98
-239499.508   104.255    11.50    6.28
-239123.220   108.334    10.84    7.25
-238746.920   111.808     9.23    6.72
-238370.606   115.633    10.16    6.86
-237994.279   119.224     9.54    5.64
-237617.940   121.173     5.18    4.56
-237241.587   119.847    -3.52    5.23
-236865.221   117.121    -7.24    6.83
-236488.843   114.237    -7.66    6.64
-236112.452   110.431   -10.11    6.49
-235736.047   109.819    -1.62    6.32
-235359.630   109.627    -0.51    6.41
-234983.200   110.288     1.76    5.93
-234606.757   109.505    -2.08    5.47
-234230.301   106.188    -8.81    5.91
-233853.832   104.408    -4.73    4.47
-233477.350   104.658     0.66    4.81
-233100.855   107.896     8.60    5.88
-232724.347   111.669    10.02    5.59
-232347.826   113.334     4.42    4.57
-231971.292   110.574    -7.33    7.03
-231594.745   106.920    -9.70    6.72
-231218.185   104.783    -5.67    5.65
-230841.613   106.090     3.47    5.63
-230465.027   110.169    10.83    5.97
-230088.428   113.700     9.38    5.91
-229711.816   118.002    11.42    6.56
-229335.191   122.505    11.95    6.36
-228958.554   126.101     9.55    5.27
-228581.903   127.008     2.41    5.62
-228205.239   125.481    -4.05    7.42
-227828.562   121.749    -9.91    7.48
-227451.872   120.359    -3.69    5.59
-227075.170   121.558     3.18    5.74
-226698.454   124.541     7.92    5.92
-226321.725   125.151     1.62    5.10
-225944.983   123.603    -4.11    6.93
-225568.228   120.968    -6.99    6.91
-225191.460   119.283    -4.47    6.55
-224814.679   117.436    -4.90    7.04
-224437.885   117.127    -0.82    7.48
-224061.078   117.101    -0.07    7.48
-223684.258   116.554    -1.45    6.29
-223307.425   116.258    -0.78    5.38
-222930.579   114.922    -3.55    6.07
-222553.719   112.110    -7.46    6.64
-222176.847   108.819    -8.73    5.07
-221799.962   106.883    -5.14    5.70
-221423.063   104.286    -6.89    6.12
-221046.152   102.108    -5.78    6.34
-220669.227    99.156    -7.83    5.45
-220294.120    98.120    -2.76    4.73
-219919.771    99.554     3.83    4.75
-219545.409   103.334    10.10    6.26
-219171.034   107.920    12.25    6.72
-218796.646   111.244     8.88    5.45
-218422.246   114.281     8.11    5.06
-218047.832   115.859     4.22    5.00
-217673.405   116.574     1.91    5.85
-217298.966   115.955    -1.65    6.40
-216924.514   115.090    -2.31    8.03
-216550.048   114.658    -1.15    7.25
-216175.570   114.773     0.31    6.50
-215801.079   115.066     0.78    5.58
-215426.575   115.822     2.02    5.19
-215052.058   119.883    10.84    5.25
-214677.528   123.002     8.33    5.09
-214302.985   124.669     4.45    4.43
-213928.430   125.955     3.43    4.61
-213553.861   124.835    -2.99    5.57
-213179.279   123.783    -2.81    6.54
-212804.685   122.983    -2.14    5.42
-212430.077   123.258     0.73    5.22
-212055.457   124.578     3.52    4.66
-211680.823   126.456     5.01    5.32
-211306.177   130.026     9.53    6.71
-210931.518   134.621    12.26    6.88
-210556.845   138.870    11.34    5.74
-210182.160   142.088     8.59    5.81
-209807.462   145.017     7.82    5.74
-209432.751   148.121     8.28    5.94
-209058.026   152.334    11.24    5.60
-208683.289   154.742     6.42    4.60
-208308.539   156.565     4.86    5.09
-207933.776   156.383    -0.49    6.02
-207559.000   155.505    -2.34    5.88
-207184.211   154.264    -3.31    6.04
-206809.409   151.558    -7.22    6.05
-206434.593   148.588    -7.92    5.08
-206059.765   146.330    -6.02    4.15
-205684.924   145.871    -1.23    4.30
-205310.070   146.193     0.86    4.72
-204935.203   145.773    -1.12    5.21
-204560.323   142.812    -7.90    5.56
-204185.430   138.332   -11.95    6.13
-203810.523   135.017    -8.84    4.75
-203435.604   133.700    -3.51    4.80
-203060.672   131.920    -4.75    5.16
-202685.727   130.017    -5.07    5.34
-202310.768   128.603    -3.77    5.64
-201935.797   126.983    -4.32    4.98
-201560.813   126.511    -1.26    6.37
-201185.815   130.895    11.69   14.40
-200810.805   132.835     5.17   16.77
-200435.781   130.090    -7.32   16.26
-200060.745   124.550   -14.77   16.15
-199685.695   117.822   -17.94   10.28
-199310.632   112.603   -13.91    5.86
-198935.557   111.558    -2.78    5.75
-198560.468   112.090     1.42    6.36
-198185.366   113.483     3.71    5.64
-197810.251   114.188     1.88    4.28
-197435.123   113.312    -2.34    4.10
-197059.982   112.066    -3.32    4.69
-196684.828   110.050    -5.37    4.77
-196309.660   108.434    -4.31    5.40
-195934.480   106.034    -6.40    5.30
-195559.287   104.212    -4.86    4.66
-195184.080   101.812    -6.40    5.33
-194808.860    98.455    -8.95    6.51
-194433.628    94.936    -9.38    5.51
-194058.382    94.088    -2.26    4.57
-193683.123    93.908    -0.48    5.11
-193307.851    94.732     2.19    5.52
-192932.566    96.526     4.78    4.80
-192557.267    98.870     6.25    5.97
-192181.956   102.906    10.75    6.43
-191806.631   107.306    11.72    5.45
-191431.294   110.808     9.33    4.54
-191055.943   111.529     1.92    3.97
-190680.579   110.505    -2.73    4.58
-190305.202   109.104    -3.73    5.11
-189929.812   106.094    -8.02    4.53
-189554.408   105.433    -1.76    6.44
-189178.992   105.145    -0.77    7.89
-188803.562   101.286   -10.28    8.08
-188428.120    97.074   -11.22    7.11
-188052.664    93.152   -10.44    5.50
-187677.195    90.383    -7.37    3.68
-187301.712    88.808    -4.19    1.30
-186926.217    88.383    -1.13    0.00
-186550.708    88.455     0.19    0.46
-186175.187    89.574     2.98    3.18
-185799.652    91.188     4.30    4.41
-185424.104    94.508     8.84    5.56
-185048.542    97.212     7.20    6.39
-184672.968    99.499     6.09    5.94
-184297.380   102.456     7.87    5.98
-183921.779   106.651    11.17    6.66
-183546.165   109.383     7.27    8.01
-183170.538   112.008     6.99    7.23
-182794.898   113.883     4.99    7.27
-182419.244   115.481     4.25    7.36
-182043.577   118.286     7.47    6.53
-181667.897   120.115     4.87    6.39
-181292.204   122.481     6.30    6.02
-180916.497   126.094     9.62    6.52
-180540.778   128.026     5.14    5.97
-180165.045   128.178     0.40    5.54
-179789.299   124.529    -9.71    7.65
-179413.539   120.645   -10.34    6.45
-179037.767   117.558    -8.21    6.11
-178661.981   113.895    -9.75    7.09
-178286.182   112.511    -3.68    6.94
-177910.369   113.174     1.76    6.81
-177534.544   114.212     2.76    7.14
-177158.705   117.968     9.99    6.88
-176782.853   121.034     8.16    7.09
-176406.988   123.015     5.27    6.93
-176031.109   123.662     1.72    6.07
-175655.217   125.083     3.78    6.63
-175279.312   124.383    -1.86    7.20
-174903.394   125.944     4.15    7.49
-174527.462   127.614     4.44    5.97
-174151.517   128.597     2.62    5.94
-173775.559   129.633     2.75    7.16
-173399.588   128.920    -1.90    8.63
-173023.603   126.749    -5.77    9.36
-172647.605   123.578    -8.43    8.67
-172271.593   120.968    -6.94    7.83
-171895.569   118.858    -5.61    5.06
-171519.531   120.212     3.60    5.17
-171143.480   122.658     6.50    5.67
-170767.415   124.871     5.88    6.09
-170391.337   127.822     7.85    5.57
-170015.246   130.740     7.76    5.60
-169639.142   132.683     5.17    5.97
-169263.024   135.749     8.15    5.94
-168886.893   138.407     7.07    5.92
-168510.748   140.406     5.31    6.75
-168134.591   143.621     8.55    7.51
-167758.420   147.432    10.13    8.46
-167382.235   150.583     8.38    9.85
-167006.038   153.383     7.44    7.89
-166629.826   157.478    10.88    7.27
-166253.602   160.481     7.98    6.57
-165877.364   164.261    10.05    6.52
-165501.113   166.847     6.87    5.43
-165124.849   167.676     2.20    5.54
-164748.571   167.537    -0.37    7.77
-164372.280   166.931    -1.61    7.85
-163995.975   163.529    -9.04    9.49
-163619.657   159.407   -10.95   10.64
-163243.326   155.133   -11.36    9.99
-162866.981   150.620   -11.99    6.80
-162490.623   148.732    -5.02    6.55
-162114.252   147.725    -2.68    6.70
-161737.867   148.773     2.79    7.52
-161361.469   151.432     7.06    7.01
-160985.057   152.146     1.90    7.09
-160608.632   150.838    -3.48    8.27
-160232.194   147.896    -7.81    9.99
-159855.742   142.145   -15.27    9.48
-159479.277   137.188   -13.17    8.11
-159102.799   134.563    -6.97    6.06
-158726.307   135.497     2.48    6.39
-158349.801   136.947     3.85    6.90
-157973.283   134.139    -7.46    8.73
-157596.750   130.603    -9.39    8.96
-157220.205   127.708    -7.69    6.34
-156843.646   128.406     1.85    6.95
-156467.073   130.225     4.83    8.17
-156090.487   132.740     6.68    7.75
-155713.888   137.151    11.71    6.87
-155337.275   138.968     4.83    6.65
-154960.649   143.156    11.12    7.13
-154584.010   146.563     9.04    6.64
-154207.356   150.859    11.41    7.82
-153830.690   156.941    16.14    7.18
-153454.010   161.847    13.02    6.92
-153077.316   166.097    11.28    7.57
-152700.610   168.332     5.93    6.67
-152323.889   168.097    -0.62    7.31
-151947.155   167.968    -0.34    8.17
-151570.408   168.431     1.23    8.02
-151193.647   169.432     2.66    7.05
-150816.873   171.958     6.70    5.87
-150440.085   172.359     1.06    6.13
-150063.284   171.066    -3.43    6.56
-149686.469   172.359     3.43    6.79
-149309.641   176.164    10.09    6.83
-148932.799   178.669     6.65    6.63
-148555.944   182.908    11.25    5.03
-148179.075   185.676     7.34    6.67
-147802.193   192.115    17.08    8.83
-147425.298   200.050    21.05   10.38
-147048.388   208.740    23.05   13.94
-146671.466   216.216    19.83   16.05
-146294.529   224.288    21.41   18.13
-145917.580   232.139    20.83   19.06
-145540.616   234.310     5.76   16.36
-145165.969   242.017    20.57   16.62
-144791.672   251.383    25.02   16.96
-144417.362   258.237    18.31   14.55
-144043.038   258.335     0.26   13.92
-143668.701   254.383   -10.56   15.65
-143294.351   249.288   -13.61   12.11
-142919.987   248.306    -2.62    8.97
-142545.610   248.360     0.14    9.68
-142171.220   246.871    -3.98   13.10
-141796.816   247.216     0.92   14.82
-141422.399   247.286     0.18   13.66
-141047.969   249.094     4.83   13.44
-140673.525   253.769    12.49   14.42
-140299.068   261.588    20.88   11.73
-139924.597   264.017     6.49    9.55
-139550.113   262.529    -3.97    9.88
-139175.616   257.716   -12.85    8.35
-138801.105   253.088   -12.36    7.23
-138426.581   249.304   -10.10    7.31
-138052.044   246.334    -7.93    8.09
-137677.493   242.825    -9.37    7.33
-137302.929   239.895    -7.82    7.69
-136928.351   239.755    -0.37    7.37
-136553.760   240.537     2.09    5.98
-136179.156   242.264     4.61    5.91
-135804.538   245.835     9.53    6.70
-135429.907   249.978    11.06    7.37
-135055.262   252.139     5.77    7.60
-134680.604   253.933     4.79    9.31
-134305.933   254.651     1.92    9.79
-133931.248   252.773    -5.01    9.32
-133556.550   251.017    -4.69    7.43
-133181.838   248.859    -5.76    5.83
-132807.113   246.574    -6.10    6.90
-132432.375   243.778    -7.46    6.24
-132057.623   240.335    -9.19    6.13
-131682.857   236.264   -10.86    7.11
-131308.078   232.483   -10.09    6.96
-130933.286   228.883    -9.60    6.22
-130558.480   225.310    -9.53    5.98
-130183.661   221.895    -9.11    6.66
-129808.828   217.920   -10.61    6.32
-129433.982   213.526   -11.72    7.14
-129059.123   208.481   -13.46    7.54
-128684.250   203.409   -13.53    6.35
-128309.363   200.597    -7.50    5.28
-127934.463   201.310     1.90    4.94
-127559.550   204.603     8.78    6.66
-127184.623   210.017    14.44    8.23
-126809.682   216.015    15.99    7.79
-126434.728   221.201    13.83    7.95
-126059.761   227.075    15.66    6.51
-125684.780   230.788     9.90    7.16
-125309.786   235.197    11.76    6.64
-124934.778   238.058     7.63    6.45
-124559.756   241.224     8.44    5.62
-124184.721   243.199     5.27    5.28
-123809.673   243.569     0.99    5.77
-123434.611   242.550    -2.72    6.80
-123059.536   241.431    -2.98    6.14
-122684.447   239.174    -6.02    7.36
-122309.344   236.793    -6.35    7.35
-121934.228   235.597    -3.19    6.90
-121559.099   236.383     2.09    6.75
-121183.956   239.669     8.76    6.97
-120808.799   243.978    11.49    6.15
-120433.629   247.108     8.34    5.37
-120058.445   249.408     6.13    4.70
-119683.248   250.308     2.40    4.74
-119308.037   248.700    -4.29    6.08
-118932.813   245.033    -9.77    6.93
-118557.575   243.216    -4.84    5.86
-118182.324   243.847     1.68    6.82
-117807.059   247.848    10.66    8.14
-117431.780   252.822    13.25    6.51
-117056.488   255.708     7.69    5.67
-116681.183   256.478     2.05    4.88
-116305.863   253.645    -7.55    6.50
-115930.530   250.240    -9.07    6.65
-115555.184   245.907   -11.54    6.38
-115179.824   240.508   -14.38    5.75
-114804.450   238.833    -4.46    6.03
-114429.063   238.050    -2.09    5.44
-114053.663   237.978    -0.19    4.77
-113678.248   238.773     2.12    4.30
-113302.820   237.145    -4.34    5.45
-112927.379   233.183   -10.55    8.00
-112551.924   227.973   -13.88    8.63
-112176.455   221.918   -16.12    7.14
-111800.972   218.529    -9.02    5.48
-111425.476   218.237    -0.78    5.76
-111049.967   217.529    -1.88    6.10
-110674.443   216.973    -1.48    6.18
-110298.907   217.639     1.77    6.69
-109923.356   216.768    -2.32    6.71
-109547.792   215.883    -2.36    6.34
-109172.214   214.240    -4.37    5.66
-108796.623   212.920    -3.52    4.02
-108421.018   214.081     3.09    4.61
-108045.399   216.778     7.18    5.12
-107669.767   220.769    10.63    6.14
-107294.121   224.554    10.07    5.90
-106918.461   226.812     6.01    5.64
-106542.788   230.478     9.76    5.11
-106167.101   232.434     5.21    5.04
-105791.400   234.792     6.28    5.93
-105415.686   238.511     9.90    6.09
-105039.958   242.621    10.94    6.79
-104664.216   247.895    14.04    7.89
-104288.461   252.793    13.03    7.30
-103912.691   256.523     9.92    7.41
-103536.909   260.620    10.90    7.25
-103161.112   263.208     6.89    6.68
-102785.302   266.212     7.99    5.45
-102409.478   266.408     0.52    5.48
-102033.641   263.621    -7.41    6.51
-101657.790   262.283    -3.56    7.04
-101281.925   259.968    -6.16    6.90
-100906.046   257.907    -5.48    6.79
-100530.154   256.627    -3.40    6.97
-100154.248   255.017    -4.28    6.62
 -99778.328   253.264    -4.66    6.13
 -99402.394   250.483    -7.40    5.95
 -99026.447   246.783    -9.84    5.02
 -98650.486   242.121   -12.40    5.91
 -98274.512   238.859    -8.68    5.98
 -97898.523   236.335    -6.71    5.31
 -97522.521   234.574    -4.69    5.55
 -97146.505   234.058    -1.37    6.65
 -96770.475   233.115    -2.51    6.49
 -96394.432   230.546    -6.83    5.94
 -96018.375   229.090    -3.87    5.41
 -95642.304   226.907    -5.81    4.60
 -95266.219   226.017    -2.37    4.74
 -94890.121   225.554    -1.23    4.02
 -94514.008   224.858    -1.85    3.09
 -94137.882   226.505     4.38    4.15
 -93761.743   228.237     4.60    5.44
 -93385.589   230.002     4.69    5.70
 -93009.422   232.121     5.63    5.31
 -92633.241   235.333     8.54    5.61
 -92257.046   237.693     6.27    6.07
 -91880.837   240.716     8.04    6.08
 -91504.615   243.407     7.15    6.13
 -91128.378   246.621     8.54    5.82
 -90752.128   249.709     8.21    6.12
 -90375.865   252.788     8.18    5.93
 -89999.587   255.793     7.99    5.16
 -89623.295   258.247     6.52    4.98
 -89246.990   260.529     6.07    4.70
 -88870.671   261.430     2.39    4.81
 -88494.338   263.188     4.67    5.04
 -88117.991   264.646     3.87    5.37
 -87741.631   266.224     4.19    6.02
 -87365.256   268.683     6.53    5.70
 -86988.868   271.026     6.22    5.07
 -86612.466   274.621     9.55    5.37
 -86236.050   277.486     7.61    4.82
 -85859.620   278.747     3.35    4.25
 -85483.176   279.896     3.05    5.11
 -85106.719   279.383    -1.36    5.31
 -84730.248   277.700    -4.47    4.60
 -84353.762   276.858    -2.24    3.95
 -83977.263   275.724    -3.01    3.62
 -83600.750   274.567    -3.07    4.36
 -83224.224   270.968    -9.56    6.25
 -82847.683   267.526    -9.14    6.23
 -82471.128   264.895    -6.99    4.65
 -82094.560   263.292    -4.26    4.93
 -81717.978   262.691    -1.60    5.76
 -81341.382   260.859    -4.86    6.15
 -80964.771   257.383    -9.23    6.85
 -80588.147   255.725    -4.40    6.77
 -80211.510   252.478    -8.62    5.73
 -79834.858   248.845    -9.65    5.73
 -79458.192   244.455   -11.65    5.46
 -79081.513   241.920    -6.73    4.31
 -78704.819   240.383    -4.08    5.14
 -78328.112   242.066     4.47    7.03
 -77951.390   245.183     8.27    7.01
 -77574.655   248.164     7.91    6.85
 -77197.906   250.968     7.44    5.36
 -76821.143   251.859     2.36    5.89
 -76444.366   254.907     8.09   10.16
 -76067.575   255.074     0.44    9.39
 -75690.770   251.907    -8.40    9.81
 -75313.951   245.764   -16.30   13.03
 -74937.119   238.773   -18.55   14.10
 -74560.272   231.955   -18.09   14.16
 -74183.411   224.883   -18.76   12.92
 -73806.537   217.755   -18.91   14.97
 -73429.648   210.978   -17.98   12.68
 -73052.746   204.408   -17.43   12.09
 -72675.829   196.508   -20.96   12.73
 -72298.899   190.578   -15.73   14.05
 -71921.954   184.740   -15.49   14.52
 -71544.996   175.578   -24.30   17.18
 -71168.024   169.592   -15.88   21.63
 -70791.037   166.383    -8.51   23.00
 -70414.090   162.847    -9.38   23.59
 -70039.852   157.233   -15.00   26.08
 -69665.600   150.773   -17.26   24.96
 -69291.335   144.651   -16.36   24.25
 -68917.056   135.097   -25.53   11.88
 -68542.762   131.944    -8.42   11.80
 -68168.456   128.120   -10.22   11.84
 -67794.135   124.610    -9.38   10.12
 -67419.801   120.822   -10.12    6.98
 -67045.452   117.627    -8.53    5.29
 -66671.090   114.526    -8.28    4.66
 -66296.715   113.819    -1.89    4.00
 -65922.325   113.906     0.23    3.61
 -65547.922   114.947     2.78    3.28
 -65173.504   115.597     1.74    3.45
 -64799.073   115.097    -1.34    3.99
 -64424.628   113.798    -3.47    4.01
 -64050.170   112.633    -3.11    3.93
 -63675.697   114.101     3.92    8.87
 -63301.211   120.019    15.80   13.65
 -62926.711   125.183    13.79   15.83
 -62552.197   131.883    17.89   16.72
 -62177.669   139.286    19.76   16.27
 -61803.127   140.883     4.27   14.12
 -61428.571   141.616     1.96   11.54
 -61054.002   137.120   -12.00   13.62
 -60679.419   126.458   -28.46   14.59
 -60304.822   115.645   -28.86   11.58
 -59930.211   107.651   -21.34    9.15
 -59555.586   101.669   -15.97    5.43
 -59180.947    98.310    -8.97    3.72
 -58806.295    96.483    -4.88    3.09
 -58431.628    94.773    -4.56    3.71
 -58056.948    94.431    -0.91    3.64
 -57682.254    95.597     3.11    4.67
 -57307.545    97.478     5.02    5.40
 -56932.823    99.603     5.67    5.02
 -56558.088   101.408     4.82    4.95
 -56183.338   103.725     6.18    5.24
 -55808.574   105.026     3.47    5.69
 -55433.797   104.749    -0.74    5.92
 -55059.005   101.788    -7.90    6.81
 -54684.200    97.798   -10.65    6.85
 -54309.381    93.193   -12.29    7.83
 -53934.547    89.042   -11.07    5.58
 -53559.700    86.240    -7.47    5.33
 -53184.839    84.133    -5.62    5.80
 -52809.964    83.216    -2.45    6.03
 -52435.075    81.188    -5.41    5.15
 -52060.173    78.732    -6.55    4.86
 -51685.256    75.383    -8.93    4.62
 -51310.325    73.620    -4.70    3.83
 -50935.380    73.474    -0.39    3.83
 -50560.422    74.895     3.79    4.46
 -50185.449    76.725     4.88    3.90
 -49810.463    78.286     4.16    3.46
 -49435.463    79.383     2.93    3.03
 -49060.448    80.542     3.09    3.57
 -48685.420    80.896     0.94    4.82
 -48310.377    79.812    -2.89    6.44
 -47935.321    76.406    -9.08    7.35
 -47560.251    72.358   -10.79    5.77
 -47185.167    69.588    -7.39    5.45
 -46810.069    66.778    -7.49    4.81
 -46434.956    63.871    -7.75    4.67
 -46059.830    61.145    -7.27    3.84
 -45684.690    60.431    -1.90    3.29
 -45309.536    60.802     0.99    3.34
 -44934.368    62.152     3.60    3.67
 -44559.186    63.081     2.47    3.23
 -44183.989    63.333     0.67    3.08
 -43808.779    62.944    -1.04    3.03
 -43433.555    62.603    -0.91    2.79
 -43058.317    62.651     0.13    2.47
 -42683.065    63.097     1.19    2.65
 -42307.799    64.033     2.49    2.41
 -41932.518    65.158     3.00    2.45
 -41557.224    66.478     3.52    2.25
 -41181.916    67.383     2.41    2.34
 -40806.593    68.669     3.43    2.45
 -40431.257    69.313     1.72    2.21
 -40055.907    69.603     0.77    1.98
 -39680.542    69.158    -1.18    2.66
 -39305.164    68.431    -1.94    2.77
 -38929.771    67.883    -1.46    2.48
 -38554.365    68.337     1.21    2.24
 -38178.944    69.907     4.18    3.09
 -37803.509    72.026     5.64    3.28
 -37428.061    73.944     5.11    3.15
 -37052.598    75.502     4.15    2.85
 -36677.121    76.895     3.71    3.15
 -36301.630    78.740     4.91    3.09
 -35926.125    80.505     4.70    3.35
 -35550.606    84.310    10.13    5.41
 -35175.072    90.008    15.17    8.00
 -34799.525   101.164    29.70   17.58
 -34423.964   134.433    88.58   55.43
 -34048.388   170.788    96.79   67.55
 -33672.799   200.788    79.87   59.72
 -33297.195   220.621    52.80   45.33
 -32921.577   224.145     9.38   43.62
 -32545.945   223.870    -0.73   42.75
 -32170.299   242.883    50.61   52.51
 -31794.639   285.383   113.13   63.07
 -31418.965   317.074    84.35   61.42
 -31043.276   349.042    85.09   48.80
 -30667.574   358.146    24.23   42.59
 -30291.857   342.951   -40.44   51.40
 -29916.127   315.768   -72.35   59.06
 -29540.382   288.169   -73.45   65.72
 -29164.623   242.676  -121.07   78.39
 -28788.849   201.768  -108.86   70.90
 -28413.062   179.338   -59.69   54.40
 -28037.261   171.793   -20.07   53.07
 -27661.445   175.907    10.95   61.50
 -27285.615   168.859   -18.75   62.81
 -26909.771   152.608   -43.24   50.65
 -26533.913   135.610   -45.22   20.33
 -26158.041   134.462    -3.06   12.46
 -25782.155   171.360    98.16   59.35
 -25406.254   226.011   145.38   77.44
 -25030.339   267.693   110.88   67.51
 -24654.410   293.267    68.03   43.01
 -24278.467   289.563    -9.85   39.75
 -23902.510   273.639   -42.35   43.06
 -23526.538   255.578   -48.04   50.38
 -23150.552   246.740   -23.51   45.53
 -22774.552   237.526   -24.51   41.90
 -22398.538   219.505   -47.93   54.24
 -22022.510   181.127  -102.06   62.93
 -21646.467   145.658   -94.32   40.23
 -21270.411   126.456   -51.06   36.17
 -20894.340   115.978   -27.86   30.08
 -20518.255   111.383   -12.22   17.42
 -20142.155   123.574    32.41   26.39
 -19766.042   142.139    49.36   34.46
 -19389.914   156.554    38.32   30.47
 -19013.772   181.944    67.50   35.77
 -18637.615   184.669     7.24   38.47
 -18261.445   169.286   -40.89   48.49
 -17885.260   136.978   -85.88   64.95
 -17509.061    95.017  -111.54   62.75
 -17132.847    53.895  -109.30   36.09
 -16756.620    31.523   -59.46   15.21
 -16380.378    23.478   -21.38    4.83
 -16004.122    20.337    -8.35    4.38
 -15627.852    18.145    -5.82    4.16
 -15251.567    15.764    -6.33    3.62
 -14875.268    13.651    -5.61    3.19
 -14498.955    11.859    -4.76    3.38
 -14122.628    10.288    -4.18    3.03
 -13746.286     9.026    -3.35    2.42
 -13369.930     8.002    -2.72    2.14
 -12993.560     7.312    -1.83    1.52
 -12617.175     7.237    -0.20    1.54
 -12240.776     7.090    -0.39    1.60
 -11864.363     7.090     0.00    1.74
 -11487.936     6.993    -0.26    1.66
 -11111.494     6.788    -0.54    1.40
 -10735.038     6.822     0.09    1.45
 -10358.567     7.169     0.92    2.04
  -9982.083     7.486     0.84    2.15
  -9605.584     7.337    -0.40    2.14
  -9229.070     7.164    -0.46    2.13
  -8852.542     6.383    -2.07    1.40
  -8476.000     6.455     0.19    1.44
  -8099.444     6.436    -0.05    1.39
  -7722.873     6.542     0.28    1.54
  -7346.288     6.505    -0.10    2.04
  -6969.689     6.359    -0.39    2.04
  -6593.075     6.237    -0.33    2.04
  -6216.447     6.173    -0.17    1.66
  -5839.805     6.292     0.32    2.48
  -5463.148     5.845    -1.19    2.97
  -5086.477     5.895     0.13    2.99
  -4709.791     5.883    -0.03    2.61
  -4333.092     6.640     2.01    1.48
  -3956.377     6.838     0.53    1.41
  -3579.649     6.768    -0.19    1.41
  -3202.906     6.883     0.31    1.23
  -2826.148     6.313    -1.51    2.14
  -2449.377     5.621    -1.84    2.66
  -2072.590     4.929    -1.84    2.77
  -1695.790     4.278    -1.73    3.08
  -1318.975     3.997    -0.75    3.52
   -942.146     2.955    -2.77    4.01
   -565.302     1.955    -2.65    4.43
   -188.444     1.133    -2.18    4.19
    188.429    -0.538    -4.43    2.81
    565.316    -1.026    -1.29    1.65
    942.217     0.133     3.08    3.04
   1319.133     1.569     3.81    3.59
   1696.063     2.359     2.10    3.26
   2073.008     3.460     2.92    3.52
   2449.967     4.542     2.87    3.48
   2826.941     5.127     1.55    3.54
   3203.929     6.216     2.89    2.00
   3580.931     6.578     0.96    1.35
   3957.948     6.833     0.68    1.57
   4334.979     7.019     0.49    1.53
   4711.537     7.173     0.41    1.28
   5085.722     7.066    -0.28    0.96
   5459.922     6.812    -0.68    1.11
   5834.135     6.627    -0.49    1.18
   6208.363     6.476    -0.40    1.15
   6582.605     6.460    -0.04    1.40
   6956.861     6.597     0.37    1.51
   7331.132     6.798     0.54    1.76
   7705.416     7.121     0.86    1.81
   8079.715     6.920    -0.54    1.73
   8454.029     6.621    -0.80    1.51
   8828.356     7.139     1.38    2.29
   9202.698     7.335     0.52    2.25
   9577.054     7.676     0.91    2.21
   9951.424     7.526    -0.40    2.25
  10325.809     6.788    -1.97    1.64
  10700.208     5.848    -2.51    1.49
  11074.621     5.574    -0.73    1.35
  11449.048     5.359    -0.57    1.18
  11823.490     5.310    -0.13    1.08
  12197.946     5.408     0.26    1.41
  12572.416     5.337    -0.19    1.41
  12946.901     5.074    -0.70    1.39
  13321.400     5.310     0.63    1.33
  13695.913     5.264    -0.12    1.58
  14070.441     5.334     0.19    1.73
  14444.982     5.358     0.06    1.49
  14819.538     5.685     0.87    1.32
  15194.109     5.933     0.66    1.26
  15568.694     5.693    -0.64    1.20
  15943.293     5.574    -0.32    1.11
  16317.906     5.592     0.05    1.12
  16692.534     5.740     0.39    1.21
  17067.176     5.804     0.17    1.31
  17441.832     5.792    -0.03    1.24
  17816.503     5.578    -0.57    1.19
  18191.188     5.453    -0.33    1.20
  18565.888     5.931     1.28    1.63
  18940.601     6.665     1.96    2.10
  19315.330     6.838     0.46    2.06
  19690.072     7.486     1.73    2.57
  20064.829     7.407    -0.21    2.92
  20439.600     6.895    -1.37    3.24
  20814.386     7.483     1.57    3.41
  21189.186     6.701    -2.09    3.60
  21564.000     6.173    -1.41    4.03
  21938.829     6.081    -0.24    4.06
  22313.672     5.755    -0.87    4.27
  22688.530     6.121     0.98    4.23
  23063.401     6.145     0.06    3.50
  23438.288     6.922     2.07    2.60
  23813.188     6.662    -0.69    2.20
  24188.103     5.933    -1.94    1.83
  24563.033     5.383    -1.47    1.73
  24937.977     4.554    -2.21    1.66
  25312.935     3.822    -1.95    1.58
  25687.908     3.455    -0.98    1.76
  26062.895     3.237    -0.58    1.81
  26437.897     3.505     0.72    1.98
  26812.913     3.920     1.11    1.98
  27187.943     3.835    -0.22    1.85
  27562.988     3.749    -0.23    2.02
  27938.047     3.883     0.36    2.18
  28313.121     3.907     0.06    2.03
  28688.209     4.621     1.90    1.91
  29063.312     5.407     2.09    1.77
  29438.429     5.526     0.32    1.95
  29813.560     5.499    -0.07    2.23
  30188.706     4.709    -2.11    2.60
  30563.866     3.597    -2.96    2.24
  30939.041     2.907    -1.84    2.00
  31314.231     2.725    -0.49    1.74
  31689.435     2.645    -0.21    1.80
  32064.653     2.526    -0.32    1.93
  32439.886     2.481    -0.12    1.51
  32815.133     2.709     0.61    1.66
  33190.395     3.264     1.48    1.93
  33565.671     4.574     3.49    2.97
  33940.962     5.783     3.22    2.96
  34316.267     6.026     0.65    2.64
  34691.587     6.895     2.32    2.40
  35066.921     6.693    -0.54    2.34
  35442.269     6.907     0.57    2.12
  35817.633     6.233    -1.80    2.27
  36193.010     5.747    -1.30    2.38
  36568.403     5.658    -0.24    2.62
  36943.810     5.645    -0.03    3.22
  37319.231     5.859     0.57    2.67
  37694.667     6.090     0.62    1.93
  38070.117     6.338     0.66    1.95
  38445.582     6.357     0.05    1.91
  38821.061     6.201    -0.42    1.97
  39196.555     6.216     0.04    1.99
  39572.064     6.127    -0.24    1.85
  39947.587     6.290     0.43    1.77
  40323.125     6.620     0.88    1.32
  40698.677     7.019     1.06    1.40
  41074.243     7.733     1.90    1.99
  41449.825     8.127     1.05    2.20
  41825.421     8.645     1.38    2.14
  42201.031     8.870     0.60    2.05
  42576.656     8.406    -1.24    2.37
  42952.296     8.330    -0.20    2.08
  43327.950     8.621     0.77    2.24
  43703.619     8.639     0.05    2.08
  44079.302     8.481    -0.42    2.20
  44455.000     7.860    -1.65    2.14
  44830.712     7.511    -0.93    2.05
  45206.439     6.978    -1.42    1.56
  45582.181     6.337    -1.71    1.60
  45957.937     5.883    -1.21    1.84
  46333.708     5.693    -0.51    1.77
  46709.494     5.255    -1.16    1.66
  47085.294     5.011    -0.65    1.41
  47461.109     5.233     0.59    1.86
  47836.938     4.578    -1.74    2.28
  48212.782     4.074    -1.34    1.85
  48588.641     3.798    -0.73    1.47
  48964.514     4.050     0.67    1.49
  49340.402     4.505     1.21    1.14
  49716.305     5.502     2.65    2.06
  50092.222     6.597     2.91    2.75
  50468.154     7.407     2.15    2.93
  50844.100     8.645     3.29    2.83
  51220.062     9.034     1.04    2.54
  51596.037     8.764    -0.72    2.11
  51972.028     8.359    -1.08    1.77
  52348.033     8.406     0.13    1.68
  52724.053     8.693     0.76    1.93
  53100.087     8.755     0.17    2.14
  53476.136     8.931     0.47    2.22
  53852.200     8.676    -0.68    2.33
  54228.279     8.456    -0.58    2.37
  54604.372     8.453    -0.01    2.47
  54980.480     8.127    -0.87    2.39
  55356.603     8.406     0.74    2.28
  55732.740     8.455     0.13    2.11
  56108.892     8.431    -0.06    1.96
  56485.059     8.050    -1.01    2.04
  56861.240     7.574    -1.27    2.06
  57237.436     7.478    -0.25    1.91
  57613.647     7.978     1.33    2.55
  57989.873     8.074     0.25    2.44
  58366.113     8.383     0.82    2.79
  58742.368     8.621     0.63    3.18
  59118.638     8.453    -0.45    3.17
  59494.922     8.931     1.27    3.15
  59871.221    10.097     3.10    3.45
  60247.535    10.574     1.27    3.30
  60623.864    10.383    -0.51    2.92
  61000.207     9.933    -1.20    2.40
  61376.566     9.240    -1.84    1.95
  61752.939     9.578     0.90    2.06
  62129.326     9.478    -0.27    1.92
  62505.729     9.847     0.98    2.20
  62882.146    10.183     0.89    2.16
  63258.578    10.523     0.90    2.12
  63635.025    10.683     0.43    2.32
  64011.486    10.978     0.78    2.41
  64387.963    11.359     1.01    2.42
  64764.454    11.476     0.31    2.21
  65140.960    12.550     2.85    2.58
  65517.481    12.383    -0.44    2.87
  65894.016    12.042    -0.91    2.68
  66270.566    12.286     0.65    2.47
  66647.131    11.639    -1.72    2.12
  67023.711    11.627    -0.03    2.00
  67400.306    11.199    -1.14    1.98
  67776.916    10.747    -1.20    2.02
  68153.540    10.683    -0.17    2.05
  68530.179    10.408    -0.73    1.89
  68906.833    11.097     1.83    2.29
  69283.502    11.255     0.42    2.39
  69660.186    11.156    -0.26    2.03
  70036.884    10.793    -0.96    2.29
  70413.597     9.859    -2.48    1.70
  70790.326     9.778    -0.21    1.73
  71167.069     9.847     0.18    1.90
  71543.826     9.838    -0.02    1.84
  71920.599    10.015     0.47    1.99
  72297.387    10.019     0.01    1.98
  72674.189    10.550     1.41    2.16
  73051.006    10.574     0.06    2.16
  73427.839    10.997     1.12    2.15
  73804.686    11.278     0.75    1.77
  74181.547    11.838     1.49    1.82
  74558.424    11.944     0.28    1.84
  74935.316    11.755    -0.50    1.80
  75312.222    12.812     2.80    2.59
  75689.144    12.793    -0.05    2.61
  76066.080    12.133    -1.75    2.53
  76443.031    12.383     0.66    2.26
  76819.998    12.645     0.69    2.53
  77196.979    12.847     0.53    2.48
  77573.975    12.658    -0.50    2.50
  77950.985    12.315    -0.91    2.50
  78328.011    11.304    -2.68    2.03
  78705.052    11.481     0.47    2.29
  79082.107    11.895     1.10    2.16
  79459.178    12.212     0.84    2.20
  79835.335    13.042     2.21    2.43
  80209.468    13.024    -0.05    2.08
  80583.616    12.859    -0.44    2.19
  80957.779    12.526    -0.89    2.13
  81331.956    12.407    -0.32    1.81
  81706.148    12.288    -0.32    1.95
  82080.355    12.108    -0.48    2.03
  82454.576    12.058    -0.14    2.04
  82828.813    12.083     0.07    1.96
  83203.063    11.676    -1.09    1.52
  83577.329    12.050     1.00    1.60
  83951.609    11.835    -0.57    1.77
  84325.904    11.502    -0.89    1.71
  84700.214    11.313    -0.50    1.74
  85074.538    11.216    -0.26    1.78
  85448.878    11.288     0.19    1.64
  85823.232    12.034     1.99    2.10
  86197.600    12.895     2.30    2.14
  86571.984    14.220     3.54    2.32
  86946.382    14.639     1.12    2.28
  87320.795    14.597    -0.11    1.96
  87695.223    14.478    -0.32    2.12
  88069.665    13.478    -2.67    1.96
  88444.122    13.859     1.02    2.22
  88818.594    14.216     0.95    2.32
  89193.081    14.627     1.10    2.22
  89567.582    14.621    -0.02    2.39
  89942.099    14.145    -1.27    2.53
  90316.630    14.455     0.83    2.53
  90691.176    15.505     2.80    3.72
  91065.736    16.645     3.04    3.79
  91440.312    17.310     1.78    3.43
  91814.902    17.645     0.89    3.16
  92189.507    17.408    -0.63    2.62
  92564.127    16.908    -1.33    2.95
  92938.762    16.679    -0.61    2.87
  93313.411    16.281    -1.06    2.96
  93688.075    16.360     0.21    2.90
  94062.754    15.121    -3.31    2.70
  94437.448    14.244    -2.34    2.44
  94812.157    13.639    -1.61    1.98
  95186.881    13.357    -0.75    1.73
  95561.619    13.633     0.74    2.08
  95936.372    13.733     0.27    2.27
  96311.140    14.074     0.91    2.36
  96685.923    14.337     0.70    2.15
  97060.721    15.024     1.83    2.45
  97435.533    16.497     3.93    3.36
  97810.361    17.699     3.21    3.17
  98185.203    17.616    -0.22    3.11
  98560.060    17.267    -0.93    2.91
  98934.932    16.669    -1.60    2.60
  99309.819    16.315    -0.94    2.27
  99684.721    16.486     0.46    2.59
 100059.638    16.792     0.82    2.56
 100434.569    16.847     0.14    2.50
 100809.516    17.244     1.06    2.74
 101184.477    17.920     1.80    2.71
 101559.453    18.481     1.50    2.64
 101934.444    19.292     2.16    2.50
 102309.450    19.486     0.52    2.71
 102684.471    19.193    -0.78    2.71
 103059.507    18.755    -1.17    2.56
 103434.557    18.383    -0.99    2.42
 103809.623    18.151    -0.62    2.08
 104184.704    18.208     0.15    2.01
 104559.799    17.740    -1.25    1.95
 104934.909    18.017     0.74    2.46
 105310.035    17.764    -0.68    2.34
 105685.175    17.740    -0.06    1.91
 106060.330    18.264     1.40    2.37
 106435.500    18.597     0.89    2.42
 106810.685    19.002     1.08    2.48
 107185.885    18.764    -0.63    2.31
 107561.100    18.542    -0.59    2.19
 107936.330    18.597     0.15    2.16
 108311.574    18.825     0.61    1.94
 108686.834    18.965     0.37    1.78
 109062.109    19.237     0.73    1.97
 109437.399    19.164    -0.19    2.10
 109812.703    18.740    -1.13    2.15
 110188.023    18.616    -0.33    2.19
 110563.357    19.201     1.56    2.88
 110938.707    19.621     1.12    2.88
 111314.072    20.502     2.35    2.72
 111689.451    20.407    -0.25    2.33
 112064.846    20.408     0.00    1.94
 112440.255    20.907     1.33    2.41
 112815.680    20.337    -1.52    2.55
 113191.119    19.968    -0.98    2.65
 113566.574    19.406    -1.50    2.37
 113942.043    18.835    -1.52    1.82
 114317.528    19.359     1.40    1.96
 114693.027    19.526     0.44    1.95
 115068.542    19.476    -0.13    2.06
 115444.072    19.017    -1.22    1.70
 115819.616    18.883    -0.36    1.66
 116195.176    19.288     1.08    1.83
 116570.751    20.058     2.05    2.37
 116946.341    20.769     1.89    2.63
 117321.945    21.676     2.41    2.92
 117697.565    22.502     2.20    2.76
 118073.200    23.383     2.35    3.05
 118448.850    23.002    -1.01    3.23
 118824.515    22.815    -0.50    2.79
 119200.195    22.229    -1.56    3.00
 119575.890    21.701    -1.41    2.42
 119951.600    21.383    -0.85    2.24
 120327.326    21.895     1.36    2.64
 120703.066    23.011     2.97    2.38
 121078.821    23.278     0.71    2.36
 121454.592    23.429     0.40    2.41
 121830.377    23.633     0.54    2.65
 122206.178    23.603    -0.08    2.51
 122581.994    23.312    -0.77    1.89
 122957.825    23.768     1.21    1.89
 123333.671    24.133     0.97    1.91
 123709.532    24.332     0.53    1.95
 124085.408    24.592     0.69    2.30
 124461.299    24.127    -1.24    2.49
 124837.206    24.121    -0.02    2.41
 125213.127    24.156     0.09    2.36
 125589.064    24.225     0.18    1.91
 125965.016    24.588     0.96    2.01
 126340.982    25.026     1.17    2.22
 126716.964    25.104     0.21    2.52
 127092.962    24.645    -1.22    2.83
 127468.974    24.691     0.12    2.66
 127845.001    25.110     1.12    2.41
 128221.044    25.793     1.82    2.10
 128597.102    26.081     0.76    2.12
 128973.175    26.058    -0.06    2.03
 129349.263    25.529    -1.40    1.93
 129725.366    25.179    -0.93    1.82
 130101.484    25.304     0.33    2.16
 130477.618    25.453     0.40    2.26
 130853.767    25.825     0.99    2.73
 131229.931    25.645    -0.48    2.65
 131606.110    25.848     0.54    2.64
 131982.304    26.357     1.35    2.62
 132358.514    25.451    -2.41    2.26
 132734.738    25.121    -0.88    2.14
 133110.978    24.802    -0.85    1.71
 133487.233    25.335     1.42    2.22
 133863.504    25.847     1.36    2.60
 134239.789    27.019     3.12    2.98
 134616.090    27.733     1.90    3.08
 134992.406    28.097     0.97    3.17
 135368.737    28.121     0.06    3.19
 135745.083    26.920    -3.19    2.42
 136121.445    26.499    -1.12    1.98
 136497.821    26.783     0.75    2.02
 136874.214    27.193     1.09    1.88
 137250.621    27.645     1.20    1.55
 137627.043    27.716     0.19    2.11
 138003.481    27.716     0.00    2.09
 138379.934    28.433     1.90    2.43
 138756.402    28.455     0.06    2.32
 139132.886    28.456     0.00    2.23
 139509.385    28.871     1.10    2.45
 139885.899    28.978     0.28    2.43
 140262.428    28.978     0.00    2.50
 140638.973    29.312     0.89    2.45
 141015.533    28.883    -1.14    2.28
 141392.108    28.978     0.25    2.40
 141768.698    29.429     1.20    2.41
 142145.304    28.978    -1.20    2.25
 142521.925    28.526    -1.20    2.11
 142898.561    27.802    -1.92    1.78
 143275.213    27.812     0.03    1.65
 143651.880    28.169     0.95    1.82
 144028.562    28.383     0.57    1.60
 144405.259    28.978     1.58    1.58
 144781.972    29.430     1.20    1.95
 145158.700    30.478     2.78    2.40
 145535.444    32.002     4.05    2.58
 145912.203    32.639     1.69    2.32
 146288.977    32.312    -0.87    2.26
 146665.766    31.848    -1.23    2.14
 147042.571    31.244    -1.60    1.54
 147419.391    31.755     1.36    1.54
 147796.226    32.090     0.89    1.60
 148173.077    31.978    -0.30    1.68
 148549.943    31.918    -0.16    1.53
 148926.825    31.769    -0.39    1.37
 149303.722    31.895     0.33    1.39
 149680.634    32.407     1.36    1.87
 150057.561    32.633     0.60    2.06
 150434.504    33.212     1.54    2.30
 150811.463    33.895     1.81    2.57
 151188.436    34.802     2.41    2.30
 151565.426    35.169     0.97    2.12
 151942.430    34.725    -1.18    1.78
 152319.450    34.288    -1.16    1.48
 152696.485    33.988    -0.80    1.50
 153073.536    33.701    -0.76    1.23
 153450.602    33.895     0.51    1.26
 153827.683    34.574     1.80    1.94
 154204.780    35.359     2.08    2.28
 154581.892    36.188     2.20    2.22
 154957.647    37.169     2.61    2.07
 155331.733    37.050    -0.32    2.17
 155705.834    36.788    -0.70    2.35
 156079.951    36.592    -0.52    2.23
 156454.083    37.081     1.31    2.39
 156828.230    37.740     1.76    2.37
 157202.392    38.264     1.40    2.18
 157576.569    38.455     0.51    1.89
 157950.762    38.554     0.27    1.72
 158324.969    38.907     0.94    1.53
 158699.192    39.693     2.10    1.60
 159073.430    40.529     2.24    2.34
 159447.684    41.104     1.54    2.37
 159821.952    41.922     2.18    2.53
 160196.236    42.610     1.84    2.67
 160570.535    43.335     1.94    2.40
 160944.849    43.918     1.56    2.41
 161319.178    44.481     1.50    2.63
 161693.522    44.962     1.29    2.39
 162067.882    45.315     0.94    2.06
 162442.257    45.460     0.39    2.11
 162816.647    45.740     0.75    1.99
 163191.053    46.290     1.47    2.18
 163565.473    46.621     0.88    1.90
 163939.909    47.315     1.85    1.78
 164314.360    48.041     1.94    1.32
 164688.827    48.383     0.91    1.40
 165063.308    49.002     1.65    1.31
 165437.805    49.747     1.99    1.63
 165812.317    50.550     2.14    1.99
 166186.844    51.281     1.95    1.92
 166561.387    51.565     0.76    1.88
 166935.945    51.691     0.34    1.70
 167310.518    51.597    -0.25    1.47
 167685.107    52.127     1.41    1.72
 168059.710    53.002     2.34    1.79
 168434.329    54.565     4.17    2.21
 168808.964    55.665     2.94    2.15
 169183.613    56.679     2.71    2.52
 169558.278    57.145     1.25    2.39
 169932.958    57.592     1.19    2.46
 170307.654    58.526     2.49    2.17
 170682.365    59.212     1.83    2.25
 171057.091    60.383     3.12    1.99
 171431.832    60.958     1.53    1.87
 171806.589    61.499     1.44    1.98
 172181.361    61.825     0.87    2.04
 172556.148    62.627     2.14    2.20
 172930.951    63.550     2.46    2.70
 173305.769    64.740     3.18    2.64
 173680.602    66.693     5.21    2.93
 174055.451    68.455     4.70    2.88
 174430.315    70.127     4.46    3.15
 174805.194    71.988     4.96    3.15
 175180.089    72.895     2.42    2.80
 175554.999    73.941     2.79    2.71
 175929.925    75.104     3.10    3.24
 176304.865    76.097     2.65    3.07
 176679.822    77.812     4.57    2.86
 177054.793    79.335     4.06    2.81
 177429.780    80.523     3.17    2.47
 177804.782    82.127     4.28    2.80
 178179.800    83.825     4.53    2.81
 178554.833    86.216     6.38    3.46
 178929.881    88.835     6.98    4.16
 179304.945    91.685     7.60    3.97
 179680.024    93.988     6.14    3.87
 180055.119    96.360     6.32    3.07
 180430.229    97.883     4.06    2.59
 180805.355    99.848     5.24    3.19
 181180.495   102.002     5.74    3.03
 181555.652   104.478     6.60    3.38
 181930.823   107.383     7.74    3.31
 182306.010   109.597     5.90    3.65
 182681.213   112.216     6.98    3.12
 183056.431   114.315     5.59    3.62
 183431.664   116.701     6.36    3.54
 183806.913   118.526     4.86    3.40
 184182.177   120.597     5.52    3.55
 184557.457   122.978     6.35    3.77
 184932.752   124.955     5.27    3.66
 185308.063   128.407     9.20    4.86
 185683.389   132.286    10.34    5.81
 186058.730   136.907    12.31    7.44
 186434.087   141.178    11.38    6.00
 186809.460   143.918     7.30    5.13
 187184.847   148.002    10.88    5.49
 187560.251   151.034     8.08    6.34
 187935.670   154.907    10.32    5.84
 188311.104   158.558     9.73    5.56
 188686.554   162.133     9.52    5.47
 189062.019   164.773     7.03    4.99
 189437.500   166.716     5.18    5.02
 189812.996   168.825     5.62    5.50
 190188.508   171.812     7.95    7.25
 190564.035   174.824     8.02    6.89
