# NaN NaN NaN ;Mean Elev.(m), Avg Gradient(m/km), RMS Gradient(m/km) - SRTM1     
#   35.805  -0.193   4.357 ;Mean Elev.(m), Avg Gradient(m/km), RMS Gradient(m/km) - ASTER GDEM
#   31.252  -0.428   5.232 ;Mean Elev.(m), Avg Gradient(m/km), RMS Gradient(m/km) - GMTED2010 
  6  86.986305  25.299626    27.948    27.909  9 52441.66384269 31.282
  7  86.990623  25.301299    41.609    43.377  6 52476.66383914 38.061
  8  87.009190  25.284000    34.202    34.188  9 52511.66378405 49.210
  9  86.996582  25.292133    32.851    32.751  9 52546.66381322 39.284
 10  86.999033  25.288757    29.381    29.446 10 52581.66382917 48.997
 11  86.997074  25.291500    28.251    28.169  9 52616.66380064 48.487
 12  87.006242  25.283521    37.054    36.740  4 52651.66377501 34.008
 13  87.007551  25.275763    27.117    27.198  4 52686.66376660 46.546
 14  86.997597  25.291493    41.288    40.058 10 52721.66381864 30.993
 15  86.985627  25.302385    33.345    27.048  6 52756.66384381 24.909
 17  87.001273  25.286032    31.217    31.212 10 52826.66385964 36.144
 18  87.003670  25.284648    33.428    33.308 10 52861.66390476 30.306
 19  86.997283  25.291313    39.127    38.949  9 52896.66393625 13.486
 20  86.998715  25.290289    32.007    32.031  9 52931.66388333 50.146
 21  86.998967  25.290231    29.495    29.449  9 52966.66388290 48.929
 22  86.990492  25.298244    28.617    28.583  8 53001.66391300 31.407
 23  86.997921  25.291661    27.832    27.806  9 53036.66386096 40.157
 24  86.998225  25.290086    28.281    27.388  9 53071.66388355 22.999
 25  86.997647  25.295424    30.526    32.371  3 53106.66386249 19.154
 26  86.996705  25.294234    36.606    31.708  7 53141.66389254 15.861
 27  86.998879  25.292409    39.722    36.083  8 53176.66391962 18.992
 28  86.996579  25.292575    34.899    32.923  9 53211.66393906 21.342
 29  87.002884  25.285000    33.343    33.340 11 53246.66390572 28.103
 30  86.991909  25.297155    32.997    33.048  9 53281.66389519 26.415
 31  86.999955  25.289855    29.499    29.446  9 53316.66390207 47.818
 32  87.006125  25.285143    27.744    27.733  9 53351.66386661 49.732
 33  86.995592  25.291313    27.150    27.045 10 53386.66385584 45.668
 34  87.008256  25.284074    26.686    26.664  8 53421.66385670 39.580
 35  87.000280  25.289138    38.588    37.133  4 53456.66386332 22.384
 37  87.004771  25.284109    39.772    40.903  6 53526.66392946 25.336
 38  86.991826  25.296110    37.394    35.954  8 53561.66396053 21.714
 39  87.007424  25.284096    35.340    33.703 10 53596.66389679 32.604
 40  86.989121  25.297580    32.098    31.973  9 53631.66389455 38.190
 41  86.992639  25.297207    35.033    32.952  7 53666.66391698 35.868
 42  87.005538  25.283997    38.949    39.175  6 53701.66386304 43.723
 43  87.010026  25.283049    27.020    26.937  9 53736.66377289 51.297
 44  87.005066  25.286884    26.433    26.404  8 53771.66378015 50.883
 45  87.006749  25.284992    26.192    25.900 10 53806.66377002 41.851
 47  87.000597  25.290521    36.517    32.984  6 53876.66383946 38.941
 49  86.989298  25.296247    32.948    32.673  9 53946.66390795 38.455
 50  87.000166  25.288984    35.034    33.644 10 53981.66385025 20.684
 51  86.998776  25.288749    31.587    31.596 10 54016.66387425 50.254
 52  87.008748  25.283572    28.962    28.970  9 54051.66387072 50.280
 53  87.003601  25.282728    27.787    27.598  3 54086.66386256 46.082
 54  87.003119  25.293920    53.417    53.417  2 54121.66378992 16.220
 55  86.997243  25.295968    33.473    30.282  5 54156.66382580 29.338
 56  87.003091  25.289601    31.951    26.716  4 54191.66378730 34.188
 57  86.998517  25.288576    34.258    27.112  4 54226.66383591 22.606
 58  86.999685  25.289086    39.669    36.983  6 54261.66385583 21.511
 59  87.000083  25.292081    31.247    31.254  8 54296.66386057 30.517
 60  87.003680  25.285814    35.944    34.511 10 54331.66385039 16.616
 61  87.003642  25.286292    39.022    41.042 10 54366.66379304 21.583
 62  87.002207  25.285648    30.847    30.815 10 54401.66379272 44.650
 63  87.001314  25.290905    49.282    55.044  6 54436.66375086 38.845
 65  87.002159  25.292225    28.358    28.348  6 54506.66376337 22.146
 66  87.000517  25.293393    32.048    31.969  5 54541.66379351 27.090
 68  87.000876  25.288646    41.127    39.894  6 54611.66378447 16.644
 69  86.998849  25.291870    38.580    32.875  6 54646.66379201 31.765
 70  87.000938  25.286957    37.158    34.403 10 54681.66379208 18.123
 71  87.004596  25.286545    33.577    33.388 10 54716.66374093 25.098
 72  86.998591  25.288854    32.288    32.228 10 54751.66376404 50.010
 73  87.002839  25.286246    30.376    30.248 10 54786.66373012 45.567
 74  86.999534  25.288489    41.312    34.736  3 54821.66375775 32.306
 75  87.001061  25.295423    35.710    33.116  5 54856.66372844 27.447
 77  87.001286  25.290501    41.221    39.089  7 54926.66372572 15.918
 78  86.997311  25.292150    36.230    37.256  9 54961.66376096 22.948
 79  86.997362  25.290279    27.727    27.375 11 54996.66378161 30.980
 80  86.998666  25.292946    39.275    36.070  8 55031.66377148 18.388
 81  87.002896  25.285773    34.369    33.080 11 55066.66375971 36.151
 82  87.002760  25.285591    31.882    31.902 10 55101.66370032 43.259
 83  86.999366  25.289738    30.613    30.614  9 55136.66370605 44.726
 84  87.002214  25.290847    45.063    45.063  2 55171.66366851 28.088
 85  86.998801  25.289873    29.604    29.789  9 55206.66370024 39.846
 86  87.001017  25.292905    29.046    29.353  6 55241.66367417 25.991
 87  86.999510  25.293022    36.081    37.809  3 55276.66369444 20.726
 88  87.004775  25.281038    41.494    48.148  7 55311.66365712 16.476
 89  87.002418  25.284817    42.517    44.968  8 55346.66366287 15.741
 90  87.003005  25.282084    46.307    47.857  6 55381.66365394 12.740
 91  86.998865  25.290326    32.870    32.835 10 55416.66368316 25.626
 92  87.003755  25.284999    35.648    35.683 11 55451.66366530 39.640
 93  87.007717  25.277757    35.022    32.044  6 55486.66358670 31.219
