# NaN NaN NaN ;Mean Elev.(m), Avg Gradient(m/km), RMS Gradient(m/km) - SRTM1     
#   69.963  -3.315  10.041 ;Mean Elev.(m), Avg Gradient(m/km), RMS Gradient(m/km) - ASTER GDEM
#   64.155  -3.669  11.872 ;Mean Elev.(m), Avg Gradient(m/km), RMS Gradient(m/km) - GMTED2010 
  9  82.721921  25.162517    70.577    68.799  3 52520.67573987 24.802
 10  82.711197  25.168778    66.057    65.893  3 52555.67579242 42.805
 11  82.716961  25.165954    66.027    65.990  4 52590.67578134 22.463
 12  82.728341  25.162327    64.012    64.012  2 52625.67570704 36.994
 15  82.726237  25.160909    64.261    64.261  2 52730.67575395 42.162
 18  82.720410  25.166113    66.660    66.660  2 52835.67582717 49.423
 19  82.723501  25.161839    71.199    71.108  3 52870.67586735 34.873
 20  82.721806  25.164122    74.874    74.556  3 52905.67586744 25.266
 23  82.715480  25.167538    64.933    64.933  2 53010.67585072 50.345
 26  82.711418  25.168051    64.142    64.037  4 53115.67581883 23.918
 29  82.721034  25.165458    65.250    65.250  2 53220.67588033 35.009
 39  82.713732  25.168986    73.875    73.875  2 53570.67590141 27.191
 40  82.723794  25.161866    71.915    71.915  2 53605.67584736 38.940
 41  82.713937  25.167340    68.780    68.778  4 53640.67584836 51.630
 43  82.727362  25.161519    64.803    64.803  2 53710.67579624 49.923
 49  82.708949  25.170578    63.680    63.690  4 53920.67585431 29.573
 50  82.710336  25.169681    69.922    69.639  4 53955.67585203 44.138
 51  82.728165  25.161552    71.984    71.984  2 53990.67576867 35.119
 52  82.718109  25.166130    65.601    65.105  3 54025.67583523 47.446
 53  82.726376  25.162841    64.865    64.865  2 54060.67582726 51.136
 58  82.720611  25.163381    64.125    64.186  3 54235.67578872 23.740
 59  82.721276  25.163663    63.604    63.604  2 54270.67580939 46.736
 60  82.720957  25.162696    67.482    67.413  3 54305.67581169 42.086
 61  82.722886  25.163123    68.208    68.211  3 54340.67579394 47.094
 62  82.719395  25.164024    66.810    66.349  4 54375.67574638 45.548
 63  82.719936  25.164795    64.643    64.643  2 54410.67574067 52.557
 64  82.717986  25.164189    64.275    64.275  3 54445.67570996 47.323
 65  82.721544  25.163882    64.619    64.651  3 54480.67573171 46.615
 69  82.720244  25.162888    63.129    63.149  3 54620.67573913 22.136
 70  82.718699  25.164646    71.756    71.767  4 54655.67574969 31.459
 71  82.720274  25.166285    77.157    77.157  2 54690.67573562 29.367
 72  82.719041  25.164093    66.463    66.339  4 54725.67570057 44.671
 73  82.719527  25.164543    66.031    66.031  2 54760.67571167 49.870
 74  82.715952  25.166439    64.405    64.450  3 54795.67569384 47.825
 75  82.719269  25.166868    64.393    64.393  2 54830.67571246 48.382
 79  82.719905  25.165235    63.837    64.082  3 54970.67571323 28.069
 80  82.717293  25.166735    63.463    63.463  2 55005.67573284 46.020
 82  82.721324  25.163610    65.306    65.306  2 55075.67570214 51.731
 83  82.718698  25.164579    68.839    66.664  4 55110.67565276 34.445
 85  82.716831  25.168208    64.009    64.009  2 55180.67563046 48.395
 91  82.717467  25.165105    64.132    63.401  3 55390.67561802 46.268
 92  82.720853  25.163959    70.175    68.779  3 55425.67563447 42.576
 93  82.723400  25.162974    71.025    71.014  3 55460.67560230 47.733
