# NaN NaN NaN ;Mean Elev.(m), Avg Gradient(m/km), RMS Gradient(m/km) - SRTM1     
#   32.056  -1.265  29.682 ;Mean Elev.(m), Avg Gradient(m/km), RMS Gradient(m/km) - ASTER GDEM
#   36.617  -0.914  29.533 ;Mean Elev.(m), Avg Gradient(m/km), RMS Gradient(m/km) - GMTED2010 
  9    39.604 52530.66579203 44.72  86.267370  25.324004 28.157
  9    39.592 52530.66579268 43.85  86.266530  25.327294 28.157
  9    39.645 52530.66579332 45.40  86.265690  25.330584 28.157
  9    39.790 52530.66579397 50.38  86.264859  25.333880 25.321
  9    39.950 52530.66579461 50.59  86.264019  25.337170 25.321
  9    40.019 52530.66579526 51.12  86.263189  25.340460 25.321
  9    39.933 52530.66579590 44.95  86.262349  25.343760 25.321
 10    36.513 52565.66581034 27.65  86.279035  25.319596 26.116
 10    35.592 52565.66581099 36.10  86.278205  25.322886 26.116
 10    35.732 52565.66581163 27.79  86.277365  25.326186 26.116
 10    35.295 52565.66581227 28.35  86.276535  25.329476 26.116
 11    34.138 52600.66583181 26.48  86.268120  25.323064 22.297
 11    34.109 52600.66583245 40.03  86.267280  25.326364 22.297
 11    34.364 52600.66583310 46.30  86.266450  25.329654 22.297
 11    33.984 52600.66583374 52.18  86.265610  25.332944 22.297
 11    33.979 52600.66583439 35.93  86.264770  25.336244 22.297
 11    34.472 52600.66583503 25.21  86.263940  25.339534 22.297
 11    34.872 52600.66583568 30.62  86.263100  25.342824 22.297
 12    35.081 52635.66579150 21.29  86.268293  25.321489 23.579
 12    32.326 52635.66579214 24.78  86.267453  25.324779 23.579
 12    32.658 52635.66579279 38.72  86.266623  25.328069 23.579
 12    32.772 52635.66579343 48.72  86.265783  25.331369 23.579
 12    32.545 52635.66579408 51.06  86.264943  25.334659 23.579
 12    33.673 52635.66579472 22.29  86.264113  25.337949 23.579
 12    34.129 52635.66579537 29.14  86.263273  25.341249 23.579
 12    34.308 52635.66579601 30.91  86.262443  25.344539 23.579
 13    37.292 52670.66579889 16.36  86.272086  25.319850 11.123
 13    32.146 52670.66579953 19.91  86.271249  25.323149 17.627
 13    32.107 52670.66580018 25.99  86.270419  25.326439 17.627
 13    32.056 52670.66580082 25.90  86.269579  25.329729 17.627
 13    32.245 52670.66580147 20.68  86.268739  25.333029 17.627
 13    37.710 52670.66580211 16.26  86.267909  25.336319 17.627
 13    33.287 52670.66580276 21.60  86.267069  25.339609 17.627
 14    32.236 52705.66579205 22.21  86.273727  25.320357 21.439
 14    32.281 52705.66579270 28.37  86.272897  25.323647 21.439
 14    32.539 52705.66579334 41.46  86.272057  25.326947 21.439
 14    32.315 52705.66579399 51.91  86.271217  25.330237 21.439
 15    31.391 52740.66582610 24.08  86.271611  25.320747 19.628
 15    31.488 52740.66582675 32.62  86.270781  25.324047 19.628
 15    31.869 52740.66582739 41.71  86.269941  25.327337 19.628
 15    31.998 52740.66582804 52.27  86.269101  25.330627 19.628
 15    31.823 52740.66582868 49.52  86.268271  25.333917 19.628
 15    31.611 52740.66582932 36.81  86.267431  25.337217 19.628
 15    31.265 52740.66582997 31.13  86.266601  25.340507 19.628
 16    32.392 52775.66577185 28.78  86.280123  25.320131 13.791
 16    32.419 52775.66577250 33.31  86.279283  25.323431 18.152
 16    32.443 52775.66577314 31.12  86.278443  25.326721 18.152
 16    32.428 52775.66577379 25.67  86.277613  25.330011 18.152
 17    32.164 52810.66584797 23.05  86.267496  25.321180 16.648
 17    32.638 52810.66584861 27.94  86.266666  25.324480 16.648
 17    32.920 52810.66584926 37.93  86.265826  25.327770 16.648
 17    33.016 52810.66584990 45.00  86.264996  25.331060 16.648
 17    33.059 52810.66585055 45.15  86.264156  25.334350 16.648
 17    32.781 52810.66585119 36.66  86.263316  25.337650 16.648
 17    32.515 52810.66585184 27.98  86.262476  25.340940 16.648
 17    32.816 52810.66585248 21.75  86.261646  25.344230 16.648
 18    38.603 52845.66590362 45.65  86.269742  25.321147 27.800
 18    38.497 52845.66590427 41.79  86.268902  25.324437 27.800
 18    38.591 52845.66590491 43.52  86.268072  25.327727 27.800
 18    38.596 52845.66590556 42.95  86.267232  25.331027 27.800
 18    38.872 52845.66590620 47.92  86.266392  25.334317 27.800
 18    38.878 52845.66590685 46.26  86.265562  25.337607 27.800
 18    38.800 52845.66590749 46.06  86.264722  25.340907 27.800
 19    40.354 52880.66594087 36.98  86.270123  25.320919 30.848
 19    40.233 52880.66594152 26.48  86.269283  25.324209 30.848
 19    39.865 52880.66594216 26.08  86.268443  25.327499 30.848
 19    39.706 52880.66594281 26.66  86.267613  25.330789 30.848
 19    40.236 52880.66594345 27.24  86.266773  25.334089 30.848
 19    40.633 52880.66594410 33.91  86.265943  25.337379 30.848
 19    40.588 52880.66594474 38.46  86.265103  25.340669 30.848
 20    40.308 52915.66589799 48.26  86.278419  25.320692 33.045
 20    40.357 52915.66589863 44.99  86.277579  25.323992 33.045
 20    40.218 52915.66589928 43.39  86.276749  25.327282 33.045
 20    40.321 52915.66589992 42.39  86.275909  25.330572 33.045
 21    35.917 52950.66585783 41.61  86.274928  25.319591 33.228
 21    35.811 52950.66585847 35.61  86.274088  25.322881 33.228
 21    35.913 52950.66585912 39.52  86.273248  25.326171 33.228
 21    35.798 52950.66585976 47.67  86.272418  25.329471 33.228
 22    34.001 52985.66587945 38.54  86.279265  25.319362 26.231
 22    33.819 52985.66588010 46.85  86.278425  25.322662 26.231
 22    33.903 52985.66588074 43.60  86.277585  25.325952 26.231
 22    33.886 52985.66588139 52.60  86.276755  25.329242 26.231
 23    33.093 53020.66587017 35.66  86.277252  25.320895 23.809
 23    33.163 53020.66587082 33.93  86.276422  25.324185 23.809
 23    33.104 53020.66587146 42.66  86.275582  25.327485 23.809
 23    33.064 53020.66587211 45.46  86.274752  25.330775 23.809
 24    32.783 53055.66585786 25.41  86.277410  25.318875 18.452
 24    32.756 53055.66585850 41.96  86.276580  25.322165 18.452
 24    32.716 53055.66585915 37.55  86.275746  25.325464 21.614
 24    32.937 53055.66585979 47.68  86.274906  25.328754 21.614
 25    32.124 53090.66589651 34.10  86.266562  25.323899 19.058
 25    32.241 53090.66589716 45.75  86.265722  25.327189 19.058
 25    32.317 53090.66589780 55.36  86.264892  25.330479 19.058
 25    32.256 53090.66589844 49.73  86.264052  25.333779 19.058
 25    32.084 53090.66589909 34.04  86.263222  25.337069 19.058
 25    31.704 53090.66589973 29.09  86.262382  25.340359 19.058
 25    31.637 53090.66590038 24.31  86.261552  25.343649 19.058
 26    32.024 53125.66586665 26.53  86.272704  25.322228 23.424
 26    32.480 53125.66586729 38.08  86.271864  25.325518 23.424
 26    32.448 53125.66586794 47.62  86.271024  25.328808 23.424
 27    32.561 53160.66592851 23.40  86.265479  25.323152  8.348
 27    32.687 53160.66592916 27.10  86.264639  25.326442  8.348
 27    32.706 53160.66592980 26.61  86.263799  25.329732  8.348
 27    32.470 53160.66593045 24.07  86.262969  25.333022  8.348
 27    32.441 53160.66593109 18.22  86.262129  25.336322  8.348
 27    32.599 53160.66593174 15.62  86.261289  25.339612  8.348
 27    32.783 53160.66593238 15.32  86.260459  25.342902  8.348
 28    35.374 53195.66592496 30.39  86.275314  25.321528 16.548
 28    34.824 53195.66592560 29.76  86.274474  25.324818 16.548
 28    34.769 53195.66592625 32.74  86.273644  25.328118 16.548
 29    38.074 53230.66590982 37.94  86.280031  25.318173 14.464
 29    37.922 53230.66591046 24.43  86.279191  25.321473 14.464
 29    37.679 53230.66591111 20.25  86.278361  25.324763 14.464
 29    37.679 53230.66591175 19.97  86.277521  25.328053 14.464
 29    37.979 53230.66591240 21.71  86.276682  25.331352 24.033
 30    38.178 53265.66588052 27.11  86.275294  25.319027 14.125
 30    37.953 53265.66588116 24.25  86.274454  25.322327 14.125
 30    37.602 53265.66588181 21.72  86.273624  25.325617 14.125
 30    37.977 53265.66588245 21.77  86.272784  25.328907 14.125
 31    35.716 53300.66593046 45.56  86.261115  25.324687 32.644
 31    35.614 53300.66593111 48.21  86.260285  25.327987 32.644
 31    35.769 53300.66593175 50.87  86.259445  25.331277 32.644
 31    35.710 53300.66593240 49.63  86.258605  25.334567 32.644
 31    35.778 53300.66593304 49.46  86.257775  25.337857 32.644
 31    35.878 53300.66593369 48.36  86.256935  25.341157 32.644
 31    35.700 53300.66593433 34.12  86.256095  25.344447 32.644
 32    34.507 53335.66590002 34.75  86.273346  25.319884 17.740
 32    34.026 53335.66590066 44.32  86.272506  25.323174 17.740
 32    35.239 53335.66590130 43.66  86.271676  25.326474 17.740
 32    34.662 53335.66590195 47.67  86.270836  25.329764 17.740
 33    32.680 53370.66583800 32.16  86.278678  25.319840 29.562
 33    32.896 53370.66583864 48.28  86.277838  25.323140 29.562
 33    32.731 53370.66583929 48.54  86.277008  25.326430 29.562
 33    32.773 53370.66583993 48.88  86.276168  25.329720 29.562
 35    31.582 53440.66585892 25.90  86.276916  25.318509 27.916
 35    31.910 53440.66585957 43.42  86.276086  25.321799 27.916
 35    31.886 53440.66586021 42.01  86.275246  25.325089 27.916
 35    32.027 53440.66586085 50.69  86.274416  25.328379 27.916
 36    32.144 53475.66592540 35.87  86.265970  25.324273 22.727
 36    32.191 53475.66592605 49.55  86.265140  25.327563 22.727
 36    32.210 53475.66592669 54.76  86.264300  25.330863 22.727
 36    32.347 53475.66592734 50.56  86.263460  25.334153 22.727
 36    32.312 53475.66592798 43.22  86.262630  25.337443 22.727
 36    32.108 53475.66592863 33.11  86.261790  25.340733 22.727
 36    32.588 53475.66592927 26.36  86.260960  25.344033 22.727
 37    31.970 53510.66593996 21.45  86.272574  25.320162 11.956
 37    32.212 53510.66594061 23.99  86.271734  25.323452 11.956
 37    32.277 53510.66594125 26.26  86.270894  25.326742 11.956
 37    32.112 53510.66594190 25.33  86.270064  25.330032 11.956
 37    32.214 53510.66594254 21.30  86.269224  25.333332 11.956
 38    32.040 53545.66595734 28.75  86.268711  25.322726 15.075
 38    32.118 53545.66595799 34.38  86.267871  25.326016 15.075
 38    31.992 53545.66595863 32.66  86.267041  25.329306 15.075
 38    32.191 53545.66595928 29.40  86.266201  25.332606 15.075
 38    32.087 53545.66595992 39.21  86.265371  25.335896 15.075
 38    32.040 53545.66596056 29.27  86.264531  25.339186 15.075
 38    32.543 53545.66596121 26.41  86.263691  25.342476 15.075
 39    37.735 53580.66593147 23.87  86.274106  25.319755 22.527
 39    37.638 53580.66593212 23.88  86.273266  25.323045 22.527
 39    38.326 53580.66593276 24.08  86.272436  25.326335 22.527
 39    38.518 53580.66593341 27.99  86.271596  25.329635 22.527
 40    39.796 53615.66588651 25.25  86.272767  25.321457 31.106
 40    39.229 53615.66588715 23.29  86.271927  25.324747 31.106
 40    38.809 53615.66588780 25.31  86.271097  25.328047 31.106
 41    37.899 53650.66589857 49.77  86.272842  25.322129 28.286
 41    38.029 53650.66589922 44.17  86.272002  25.325419 28.286
 41    37.779 53650.66589986 46.46  86.271162  25.328709 28.286
 42    35.376 53685.66590728 43.74  86.268410  25.321991 33.388
 42    35.232 53685.66590793 51.37  86.267570  25.325281 33.388
 42    35.017 53685.66590857 41.94  86.266740  25.328581 33.388
 42    35.108 53685.66590922 51.13  86.265900  25.331871 33.388
 42    35.091 53685.66590986 50.49  86.265060  25.335161 33.388
 42    35.304 53685.66591051 48.33  86.264230  25.338451 33.388
 42    35.669 53685.66591115 34.88  86.263390  25.341751 33.388
 43    33.555 53720.66583241 42.14  86.279539  25.318019 32.974
 43    33.522 53720.66583306 47.61  86.278699  25.321309 32.974
 43    33.513 53720.66583370 52.58  86.277869  25.324609 32.974
 43    33.622 53720.66583435 49.79  86.277029  25.327899 32.974
 43    33.414 53720.66583499 38.85  86.276189  25.331189 32.974
 44    32.330 53755.66575898 35.86  86.279263  25.318241 30.049
 44    32.430 53755.66575962 38.25  86.278423  25.321531 30.049
 44    32.454 53755.66576027 44.59  86.277583  25.324821 30.049
 44    32.527 53755.66576091 44.54  86.276753  25.328111 30.049
 44    32.438 53755.66576156 32.17  86.275913  25.331411 30.049
 45    32.979 53790.66578780 44.58  86.278162  25.320510 26.816
 45    33.424 53790.66578844 46.48  86.277322  25.323800 26.816
 45    31.969 53790.66578909 52.65  86.276492  25.327090 26.816
 45    31.928 53790.66578973 38.52  86.275652  25.330390 26.816
 46    33.209 53825.66574597 29.23  86.275469  25.319496 23.949
 46    33.121 53825.66574661 45.67  86.274639  25.322796 23.949
 46    33.520 53825.66574726 46.98  86.273799  25.326086 23.949
 46    33.457 53825.66574790 39.45  86.272969  25.329376 23.949
 47    33.177 53860.66583899 18.58  86.268090  25.321622 13.107
 47    32.989 53860.66583963 19.58  86.267250  25.324912 13.107
 47    31.907 53860.66584028 24.03  86.266410  25.328202 13.107
 47    32.127 53860.66584092 26.38  86.265580  25.331502 13.107
 47    32.155 53860.66584157 37.60  86.264740  25.334792 13.107
 47    32.128 53860.66584221 36.22  86.263900  25.338082 13.107
 47    32.009 53860.66584286 26.12  86.263070  25.341372 13.107
 47    31.667 53860.66584350 21.31  86.262230  25.344672 13.107
 48    34.279 53895.66585765 45.01  86.273897  25.320930 22.517
 48    34.196 53895.66585829 49.13  86.273067  25.324220 22.517
 48    34.276 53895.66585894 42.40  86.272227  25.327510 22.517
 48    34.360 53895.66585958 40.09  86.271397  25.330810 22.517
 49    36.650 53930.66591162 26.96  86.261755  25.326513 24.467
 49    37.029 53930.66591226 26.92  86.260925  25.329803 24.467
 49    36.867 53930.66591291 26.34  86.260085  25.333093 24.467
 49    36.905 53930.66591355 29.43  86.259255  25.336393 24.467
 49    37.066 53930.66591420 42.49  86.258415  25.339683 24.467
 49    37.111 53930.66591484 47.62  86.257575  25.342973 24.467
 50    39.109 53965.66588808 29.67  86.267072  25.323616 24.676
 50    38.349 53965.66588872 21.00  86.266232  25.326906 24.676
 50    37.725 53965.66588937 22.56  86.265402  25.330196 24.676
 50    37.882 53965.66589001 25.46  86.264562  25.333486 24.676
 50    38.579 53965.66589066 22.10  86.263732  25.336786 24.676
 50    38.890 53965.66589130 25.51  86.262892  25.340076 24.676
 50    39.070 53965.66589195 28.80  86.262062  25.343366 24.676
 51    39.997 54000.66584602 23.13  86.271750  25.321049 10.140
 51    39.732 54000.66584666 21.27  86.270920  25.324349 10.140
 51    39.275 54000.66584730 19.18  86.270080  25.327639 10.140
 51    38.698 54000.66584795 19.45  86.269250  25.330929 10.140
 51    38.940 54000.66584859 20.19  86.268410  25.334229 10.140
 51    39.429 54000.66584924 20.39  86.267570  25.337519 10.140
 51    39.568 54000.66584988 25.80  86.266740  25.340809 10.140
 52    35.055 54035.66588791 34.73  86.275103  25.319637 28.065
 52    35.146 54035.66588856 42.26  86.274261  25.322937 33.029
 52    35.026 54035.66588920 54.34  86.273431  25.326227 33.029
 52    35.093 54035.66588985 51.19  86.272591  25.329517 33.029
 53    33.871 54070.66588217 30.47  86.274889  25.321532 18.876
 53    33.903 54070.66588281 41.44  86.274051  25.324830 25.130
 53    34.089 54070.66588346 38.45  86.273221  25.328120 25.130
 54    32.477 54105.66583491 31.09  86.276072  25.318655 20.811
 54    32.629 54105.66583556 35.32  86.275232  25.321945 20.811
 54    32.833 54105.66583620 45.59  86.274392  25.325235 20.811
 54    32.756 54105.66583685 50.19  86.273562  25.328534 21.720
 55    32.266 54140.66581502 23.25  86.271288  25.320901 21.566
 55    32.534 54140.66581567 25.92  86.270448  25.324191 21.566
 55    32.681 54140.66581631 28.75  86.269618  25.327491 21.566
 55    32.567 54140.66581696 31.09  86.268778  25.330781 21.566
 55    32.587 54140.66581760 36.57  86.267938  25.334071 21.566
 55    32.742 54140.66581824 47.13  86.267108  25.337371 21.566
 55    32.457 54140.66581889 50.63  86.266268  25.340661 21.566
 56    33.028 54175.66581607 28.74  86.273979  25.321860 28.866
 56    33.135 54175.66581672 42.74  86.273149  25.325160 28.866
 56    33.049 54175.66581736 43.20  86.272309  25.328450 28.866
 57    33.015 54210.66582163 23.02  86.270359  25.321532 21.337
 57    33.043 54210.66582227 29.92  86.269519  25.324832 21.337
 57    33.214 54210.66582292 41.17  86.268689  25.328122 21.337
 57    33.370 54210.66582356 46.18  86.267849  25.331412 21.337
 57    33.266 54210.66582421 42.36  86.267009  25.334702 21.337
 57    33.141 54210.66582485 52.78  86.266179  25.338002 21.337
 57    33.280 54210.66582550 47.35  86.265339  25.341292 21.337
 58    32.926 54245.66585221 20.29  86.272265  25.321557 17.232
 58    32.848 54245.66585285 25.38  86.271425  25.324857 17.232
 58    32.980 54245.66585350 36.35  86.270595  25.328147 17.232
 58    32.791 54245.66585414 37.59  86.269755  25.331437 17.232
 59    33.917 54280.66586282 15.50  86.273244  25.320086  9.459
 59    33.755 54280.66586347 19.13  86.272414  25.323376  9.459
 59    34.133 54280.66586411 19.48  86.271574  25.326676  9.459
 59    34.050 54280.66586476 25.48  86.270744  25.329966  9.459
 60    39.915 54315.66586146 37.81  86.275892  25.319551 30.712
 60    39.894 54315.66586210 32.33  86.275052  25.322841 30.712
 60    39.760 54315.66586275 31.08  86.274222  25.326131 30.712
 60    39.616 54315.66586339 29.88  86.273382  25.329431 30.712
 61    40.091 54350.66582941 34.14  86.276053  25.319004 24.602
 61    39.886 54350.66583006 27.88  86.275223  25.322304 24.602
 61    39.450 54350.66583070 27.67  86.274383  25.325594 24.602
 61    39.678 54350.66583135 28.20  86.273553  25.328884 24.602
 62    38.252 54385.66580037 42.37  86.273653  25.320011 33.477
 62    37.813 54385.66580102 33.78  86.272813  25.323301 33.477
 62    37.759 54385.66580166 33.43  86.271983  25.326591 33.477
 62    37.842 54385.66580231 31.55  86.271143  25.329891 33.477
 63    35.479 54420.66577927 44.51  86.274455  25.320661 29.927
 63    34.676 54420.66577992 44.58  86.273625  25.323951 29.927
 63    34.814 54420.66578056 35.39  86.272785  25.327241 29.927
 63    34.985 54420.66578121 39.26  86.271945  25.330541 29.927
 64    34.423 54455.66577276 45.53  86.271551  25.320699 29.464
 64    34.555 54455.66577341 36.64  86.270721  25.323999 29.464
 64    33.780 54455.66577405 28.27  86.269881  25.327289 29.464
 64    33.220 54455.66577469 32.91  86.269041  25.330579 29.464
 64    33.293 54455.66577534 47.89  86.268211  25.333869 29.464
 64    33.255 54455.66577598 53.31  86.267371  25.337169 29.464
 64    33.378 54455.66577663 50.54  86.266531  25.340459 29.464
 65    33.668 54490.66578016 34.71  86.275311  25.321131 32.813
 65    35.951 54490.66578081 20.54  86.274471  25.324421 32.813
 65    32.287 54490.66578145 25.48  86.273631  25.327711 32.813
 66    35.811 54525.66578552 17.83  86.273942  25.321008 24.712
 66    31.630 54525.66578617 22.28  86.273102  25.324298 24.712
 66    31.851 54525.66578681 26.78  86.272272  25.327598 24.712
 66    31.990 54525.66578745 39.08  86.271432  25.330888 24.712
 67    30.809 54560.66578884 18.21  86.274809  25.320262 17.598
 67    31.206 54560.66578948 18.85  86.273979  25.323552 17.598
 67    31.468 54560.66579013 24.61  86.273139  25.326852 17.598
 67    31.556 54560.66579077 27.16  86.272309  25.330142 17.598
 68    36.204 54595.66578184 12.79  86.272852  25.320554 10.172
 68    36.615 54595.66578248 14.68  86.272012  25.323844 10.172
 68    32.414 54595.66578313 18.44  86.271182  25.327144 10.172
 68    32.230 54595.66578377 21.12  86.270342  25.330434 10.172
 69    35.782 54630.66579533 19.05  86.272642  25.319400 15.741
 69    33.891 54630.66579597 20.15  86.271812  25.322690 15.741
 69    33.899 54630.66579661 21.56  86.270972  25.325980 15.741
 69    34.244 54630.66579726 23.34  86.270142  25.329280 15.741
 69    32.644 54630.66579790 37.30  86.269302  25.332570 15.741
 69    32.478 54630.66579855 45.07  86.268472  25.335860 15.741
 69    32.756 54630.66579919 49.14  86.267632  25.339150 15.741
 70    39.925 54665.66580211 44.23  86.271124  25.321407 29.209
 70    39.856 54665.66580275 45.82  86.270294  25.324697 29.209
 70    39.959 54665.66580340 43.59  86.269454  25.327987 29.209
 70    39.916 54665.66580404 36.99  86.268624  25.331277 29.209
 70    39.730 54665.66580469 34.49  86.267784  25.334577 29.209
 70    39.652 54665.66580533 33.54  86.266944  25.337867 29.209
 70    40.085 54665.66580598 34.80  86.266114  25.341157 29.209
 71    42.030 54700.66577152 25.90  86.276947  25.320743 29.439
 71    42.368 54700.66577217 26.44  86.276107  25.324033 29.439
 71    42.728 54700.66577281 24.39  86.275277  25.327323 29.439
 71    42.700 54700.66577346 25.33  86.274437  25.330613 29.439
 72    39.295 54735.66576137 40.28  86.271230  25.320478 26.055
 72    39.408 54735.66576201 39.05  86.270390  25.323768 26.055
 72    39.260 54735.66576266 41.02  86.269560  25.327058 26.055
 72    39.381 54735.66576330 39.71  86.268720  25.330358 26.055
 72    39.217 54735.66576395 40.19  86.267890  25.333648 26.055
 72    39.270 54735.66576459 34.80  86.267050  25.336938 26.055
 72    39.149 54735.66576524 31.13  86.266210  25.340238 26.055
 73    36.338 54770.66575128 48.41  86.275678  25.319373 36.279
 73    36.494 54770.66575193 26.71  86.274838  25.322663 36.279
 73    36.462 54770.66575257 22.05  86.274008  25.325953 36.279
 73    35.313 54770.66575322 24.49  86.273168  25.329253 36.279
 74    35.132 54805.66575480 40.55  86.270273  25.320456 29.980
 74    35.302 54805.66575544 34.61  86.269433  25.323756 29.980
 74    34.814 54805.66575608 20.77  86.268593  25.327046 29.980
 74    33.584 54805.66575673 25.73  86.267763  25.330336 29.980
 74    33.828 54805.66575737 42.34  86.266923  25.333636 29.980
 74    33.813 54805.66575802 53.81  86.266083  25.336926 29.980
 74    33.754 54805.66575866 54.96  86.265253  25.340216 29.980
 74    33.866 54805.66575931 46.70  86.264413  25.343506 29.980
 75    33.710 54840.66574702 18.80  86.274297  25.319715 20.653
 75    33.680 54840.66574766 23.13  86.273457  25.323005 20.653
 75    38.566 54840.66574831 16.60  86.272627  25.326305 20.653
 75    32.105 54840.66574895 20.79  86.271787  25.329595 20.653
 76    38.814 54875.66575582 15.98  86.271415  25.320723 18.164
 76    38.742 54875.66575646 18.03  86.270585  25.324013 18.164
 76    38.866 54875.66575711 18.20  86.269745  25.327313 18.164
 76    31.658 54875.66575775 23.68  86.268915  25.330603 18.164
 76    31.964 54875.66575840 29.04  86.268075  25.333893 18.164
 76    31.955 54875.66575904 43.43  86.267235  25.337193 18.164
 76    32.123 54875.66575969 52.43  86.266405  25.340483 18.164
 77    38.854 54910.66575252 13.41  86.273774  25.321234 10.856
 77    39.030 54910.66575317 13.66  86.272942  25.324532 14.125
 77    39.018 54910.66575381 13.52  86.272102  25.327822 14.125
 78    39.821 54945.66574881 11.94  86.270163  25.320547 16.238
 78    38.861 54945.66574945 13.77  86.269333  25.323847 16.238
 78    31.010 54945.66575009 19.28  86.268493  25.327137 16.238
 78    31.414 54945.66575074 20.64  86.267653  25.330427 16.238
 78    31.509 54945.66575138 33.60  86.266823  25.333717 16.238
 78    32.094 54945.66575203 44.48  86.265983  25.337017 16.238
 78    31.898 54945.66575267 48.14  86.265153  25.340307 16.238
 78    31.755 54945.66575332 38.04  86.264313  25.343597 16.238
 79    34.082 54980.66577558 27.41  86.271576  25.322473 13.792
 79    37.451 54980.66577622 21.08  86.270736  25.325773 13.792
 79    38.173 54980.66577686 19.69  86.269896  25.329063 13.792
 79    36.426 54980.66577751 27.35  86.269066  25.332353 13.792
 79    34.977 54980.66577815 25.44  86.268226  25.335653 13.792
 79    36.604 54980.66577880 21.82  86.267396  25.338943 13.792
 80    38.477 55015.66577667 14.34  86.273521  25.319375 17.073
 80    38.688 55015.66577731 14.89  86.272681  25.322665 17.073
 80    38.658 55015.66577796 15.49  86.271841  25.325965 17.073
 80    38.150 55015.66577860 17.71  86.271011  25.329255 17.073
 81    37.786 55050.66577111 42.47  86.274657  25.319321 29.036
 81    37.774 55050.66577175 40.86  86.273827  25.322621 29.036
 81    37.702 55050.66577240 38.96  86.272987  25.325911 29.036
 81    37.748 55050.66577304 42.66  86.272147  25.329201 29.036
 82    39.429 55085.66573747 52.50  86.275591  25.320670 16.335
 82    39.474 55085.66573811 50.59  86.274760  25.323961 25.773
 82    39.433 55085.66573875 52.89  86.273920  25.327251 25.773
 82    39.544 55085.66573940 51.62  86.273090  25.330541 25.773
 83    39.256 55120.66570466 49.03  86.272941  25.321485 31.673
 83    39.271 55120.66570531 52.21  86.272101  25.324775 31.673
 83    39.380 55120.66570595 48.54  86.271271  25.328065 31.673
 84    35.651 55155.66569662 44.99  86.273913  25.319141 26.501
 84    35.391 55155.66569726 31.71  86.273073  25.322431 26.501
 84    35.307 55155.66569791 21.54  86.272243  25.325721 26.501
 84    34.988 55155.66569855 20.30  86.271403  25.329021 26.501
 85    34.090 55190.66569467 30.08  86.269981  25.323099 22.880
 85    34.009 55190.66569532 17.36  86.269151  25.326399 22.880
 85    32.249 55190.66569596 21.67  86.268311  25.329689 22.880
 85    32.592 55190.66569661 28.90  86.267471  25.332979 22.880
 85    32.984 55190.66569725 44.47  86.266641  25.336269 22.880
 85    32.597 55190.66569790 51.13  86.265801  25.339569 22.880
 85    32.641 55190.66569854 52.13  86.264961  25.342859 22.880
 86    33.288 55225.66569745 22.45  86.273493  25.321332 20.950
 86    34.538 55225.66569809 14.26  86.272663  25.324622 20.950
 86    31.321 55225.66569874 16.73  86.271823  25.327922 20.950
 87    37.417 55260.66568956 14.14  86.273602  25.321284 12.457
 87    37.307 55260.66569021 14.68  86.272762  25.324574 12.457
 87    37.045 55260.66569085 16.10  86.271932  25.327874 12.457
 88    35.836 55295.66568284 14.68  86.275458  25.319756 24.162
 88    35.439 55295.66568349 14.95  86.274628  25.323046 24.162
 88    36.960 55295.66568413 15.81  86.273788  25.326346 24.162
 88    36.461 55295.66568478 16.84  86.272958  25.329636 24.162
 89    36.394 55330.66567137 11.50  86.271173  25.321034  9.338
 89    38.194 55330.66567201 11.23  86.270343  25.324334  9.338
 89    37.390 55330.66567266 12.95  86.269503  25.327624  9.338
 89    36.031 55330.66567330 16.84  86.268673  25.330914  9.338
 89    31.488 55330.66567395 20.19  86.267833  25.334214  9.338
 89    31.521 55330.66567459 24.65  86.266993  25.337504  9.338
 89    31.261 55330.66567524 26.71  86.266163  25.340794  9.338
 90    35.588 55365.66566398 12.98  86.275203  25.319183  8.602
 90    35.807 55365.66566462 13.28  86.274373  25.322473  8.602
 90    35.896 55365.66566527 14.56  86.273533  25.325773  8.602
 90    36.732 55365.66566591 14.30  86.272703  25.329063  8.602
 91    36.465 55400.66567683 40.26  86.270951  25.322011 19.852
 91    36.555 55400.66567747 34.77  86.270111  25.325301 19.852
 91    36.817 55400.66567812 35.33  86.269281  25.328591 19.852
 91    37.006 55400.66567876 43.12  86.268441  25.331891 19.852
 91    37.208 55400.66567940 44.91  86.267611  25.335181 19.852
 91    36.883 55400.66568005 38.14  86.266771  25.338471 19.852
 91    36.976 55400.66568069 35.17  86.265931  25.341771 19.852
 92    40.329 55435.66568140 39.42  86.275667  25.320557 26.297
 92    40.490 55435.66568204 38.67  86.274827  25.323847 26.297
 92    40.380 55435.66568269 37.62  86.273997  25.327147 26.297
 92    40.274 55435.66568333 35.95  86.273157  25.330437 26.297
 93    39.996 55470.66563381 45.33  86.277153  25.319930 34.334
 93    40.155 55470.66563445 46.76  86.276313  25.323220 34.334
 93    40.240 55470.66563510 46.60  86.275483  25.326510 34.334
 93    40.186 55470.66563574 45.11  86.274643  25.329810 34.334
