# NaN NaN NaN ;Mean Elev.(m), Avg Gradient(m/km), RMS Gradient(m/km) - SRTM1     
#   49.456   0.074   1.907 ;Mean Elev.(m), Avg Gradient(m/km), RMS Gradient(m/km) - ASTER GDEM
#   49.797  -0.074   1.870 ;Mean Elev.(m), Avg Gradient(m/km), RMS Gradient(m/km) - GMTED2010 
  7    46.958 52470.19175338 18.81  85.114474  25.671000 12.225
  7    47.030 52470.19175403 19.70  85.113634  25.667710 12.225
  7    46.672 52470.19175467 24.69  85.112794  25.664410 12.225
  7    46.585 52470.19175661 30.47  85.110274  25.654540 12.225
  7    47.553 52470.19175725 25.97  85.109434  25.651240 12.225
  8   342.388 52505.19173690 26.69  85.114593  25.670021 11.353
  8   342.136 52505.19173755 22.69  85.113753  25.666731 11.353
  8   341.966 52505.19173819 22.55  85.112917  25.663436 20.335
  8   342.906 52505.19173948 21.84  85.111237  25.656856 20.335
  8   343.096 52505.19174013 31.55  85.110397  25.653556 20.335
 10    45.915 52575.19176514 22.33  85.113832  25.671027 18.918
 10    45.874 52575.19176578 27.66  85.112992  25.667737 18.918
 10    45.824 52575.19176643 23.94  85.112152  25.664437 18.918
 10    46.268 52575.19176836 30.83  85.109634  25.654562 15.911
 10    47.303 52575.19176901 37.04  85.108794  25.651272 15.911
 11    44.126 52610.19172610 26.45  85.115653  25.669696 21.576
 11    44.777 52610.19172674 24.53  85.114816  25.666401 20.443
 11    44.902 52610.19172868 38.57  85.112296  25.656521 20.443
 11    44.905 52610.19172932 30.00  85.111466  25.653231 20.443
 12    43.555 52645.19171552 30.22  85.118558  25.671308 14.751
 12    43.715 52645.19171617 46.21  85.117718  25.668008 14.751
 12    43.616 52645.19171681 50.48  85.116878  25.664718 14.751
 12    42.765 52645.19171875 22.04  85.114367  25.654843 15.374
 12    43.087 52645.19171939 21.90  85.113527  25.651553 15.374
 13    43.641 52680.19169166 27.87  85.121957  25.670348 13.321
 13    43.762 52680.19169230 38.66  85.121117  25.667048 13.321
 13    43.068 52680.19169488 22.96  85.117767  25.653878 13.321
 15    44.973 52750.19176690 17.25  85.104070  25.668562  7.776
 15    45.156 52750.19176755 19.51  85.103230  25.665272  7.776
 15    45.821 52750.19176819 20.68  85.102390  25.661982  7.776
 15    45.428 52750.19176883 23.97  85.101550  25.658682  7.776
 15    45.921 52750.19176948 22.54  85.100720  25.655392  7.776
 16    43.935 52785.19170826 17.08  85.119496  25.671806  6.434
 16    46.631 52785.19170890 16.34  85.118656  25.668516  6.434
 16    46.220 52785.19170954 17.53  85.117817  25.665222  9.028
 16    49.690 52785.19171148 16.74  85.115297  25.655342  9.028
 16    55.560 52785.19171212 14.33  85.114457  25.652052  9.028
 17    46.300 52820.19178397 31.17  85.118403  25.669367 11.475
 17    46.233 52820.19178461 47.05  85.117563  25.666077 11.475
 17    46.105 52820.19178654 42.44  85.115046  25.656203 24.418
 17    49.307 52820.19178719 24.42  85.114206  25.652903 24.418
 18    49.379 52855.19183191 23.18  85.120997  25.670592 11.322
 18    49.435 52855.19183255 22.28  85.120157  25.667302 11.322
 18    49.209 52855.19183320 21.09  85.119317  25.664012 11.322
 18    49.927 52855.19183513 28.23  85.116804  25.654137 25.830
 20    49.228 52925.19181874 34.07  85.113042  25.669537 17.919
 20    49.020 52925.19181938 33.12  85.112202  25.666247 17.919
 20    48.978 52925.19182003 37.76  85.111362  25.662957 17.919
 20    49.177 52925.19182132 36.19  85.109681  25.656371 17.447
 20    49.170 52925.19182196 36.63  85.108841  25.653081 17.447
 21    46.112 52960.19178512 43.60  85.127128  25.672830 25.220
 21    46.040 52960.19178577 40.47  85.126288  25.669540 25.220
 21    46.049 52960.19178641 41.17  85.125448  25.666240 25.220
 21    45.607 52960.19178899 34.48  85.122093  25.653067 15.125
 22    44.820 52995.19182060 37.79  85.118088  25.670492 15.584
 22    44.808 52995.19182124 35.68  85.117248  25.667202 15.584
 22    44.889 52995.19182189 27.97  85.116408  25.663902 15.584
 22    45.457 52995.19182382 24.07  85.113888  25.654022 15.584
 23    46.239 53030.19178388 22.29  85.115341  25.670543 15.606
 23    44.735 53030.19178453 21.13  85.114501  25.667253 15.606
 23    44.627 53030.19178517 20.64  85.113661  25.663963 15.606
 23    48.459 53030.19178711 21.15  85.111141  25.654083 15.606
 25    43.435 53100.19179758 19.87  85.109682  25.668578 20.084
 25    43.843 53100.19179822 20.24  85.108852  25.665278 20.084
 25    43.774 53100.19179887 22.46  85.108012  25.661988 20.084
 25    44.447 53100.19180016 23.64  85.106331  25.655401 12.486
 25    46.739 53100.19180080 24.40  85.105491  25.652111 12.486
 28    47.508 53205.19186015 21.93  85.115612  25.669882 18.591
 28    48.637 53205.19186080 21.62  85.114772  25.666592 18.591
 28    47.667 53205.19186144 24.24  85.113932  25.663292 18.591
 28    47.576 53205.19186273 31.34  85.112252  25.656712 18.591
 28    48.788 53205.19186338 26.44  85.111422  25.653412 18.591
 29    50.820 53240.19182748 29.66  85.120998  25.672468 14.867
 29    50.897 53240.19182812 25.76  85.120158  25.669178 14.867
 29    50.768 53240.19182877 21.47  85.119328  25.665888 14.867
 29    50.908 53240.19183135 31.84  85.115964  25.652712 18.354
 56    43.525 54185.19172405 23.24  85.114398  25.668825 11.364
 56    43.587 54185.19172470 27.34  85.113558  25.665535 11.364
 56    46.529 54185.19172663 20.46  85.111048  25.655655 11.364
 56    43.991 54185.19172727 23.48  85.110208  25.652365 11.364
 57    43.427 54220.19175446 25.33  85.118156  25.671572 11.390
 57    43.397 54220.19175510 30.18  85.117316  25.668282 11.390
 57    43.210 54220.19175575 37.16  85.116476  25.664982 11.390
 57    43.925 54220.19175768 21.70  85.113956  25.655102 11.390
 57    43.701 54220.19175832 24.29  85.113116  25.651812 11.390
 58    43.100 54255.19177836 27.71  85.117493  25.670978 14.116
 58    43.379 54255.19177901 38.91  85.116653  25.667688 14.116
 58    42.736 54255.19177965 37.22  85.115813  25.664388 14.116
 58    47.022 54255.19178159 18.29  85.113293  25.654508 14.116
 58    50.115 54255.19178223 17.29  85.112453  25.651218 14.116
 59    46.027 54290.19178123 42.81  85.119353  25.670403 22.425
 59    46.076 54290.19178187 40.47  85.118523  25.667103 22.425
 59    46.099 54290.19178252 39.19  85.117683  25.663813 22.425
 59    46.014 54290.19178445 50.48  85.115163  25.653933 22.425
 60    49.769 54325.19177879 45.46  85.118991  25.669828 32.821
 60    49.836 54325.19177944 50.64  85.118161  25.666528 32.821
 60    49.748 54325.19178202 48.48  85.114801  25.653358 32.821
 61    48.993 54360.19173241 30.35  85.115170  25.669148 27.996
 61    49.118 54360.19173306 30.69  85.114330  25.665848 27.996
 61    49.211 54360.19173499 41.44  85.111810  25.655968 27.996
 61    49.177 54360.19173564 34.17  85.110980  25.652678 27.996
 62    46.858 54395.19171881 49.42  85.119578  25.670751 28.793
 62    46.835 54395.19171945 50.92  85.118738  25.667461 28.793
 62    46.607 54395.19172009 48.08  85.117898  25.664161 28.793
 62    46.782 54395.19172203 51.93  85.115378  25.654291 28.793
 63    44.898 54430.19168237 52.29  85.117783  25.671020 21.608
 63    44.857 54430.19168301 49.11  85.116943  25.667730 21.608
 63    44.985 54430.19168366 32.46  85.116103  25.664430 21.608
 63    45.001 54430.19168559 35.53  85.113583  25.654560 21.608
 63    44.890 54430.19168624 45.73  85.112743  25.651260 21.608
 64    43.657 54465.19169874 19.99  85.120727  25.670161 18.052
 64    43.219 54465.19169939 24.17  85.119887  25.666871 18.052
 64    43.265 54465.19170003 23.48  85.119047  25.663571 18.052
 64    43.858 54465.19170197 36.76  85.116527  25.653701 18.052
 66    42.680 54535.19171324 24.99  85.119563  25.670925 14.380
 66    42.733 54535.19171388 20.36  85.118723  25.667625 14.380
 66    42.874 54535.19171453 20.73  85.117883  25.664335 14.380
 66    43.627 54535.19171646 34.08  85.115363  25.654455 14.380
 66    43.457 54535.19171710 45.02  85.114523  25.651165 14.380
 67    45.524 54570.19169715 16.18  85.116169  25.669413  6.828
 67    45.437 54570.19169780 18.38  85.115329  25.666123  6.828
 67    46.082 54570.19169973 23.60  85.112807  25.656245 13.537
 67    43.531 54570.19170038 33.13  85.111967  25.652945 13.537
 68    42.964 54605.19170737 19.10  85.118023  25.670440  5.796
 68    42.731 54605.19170802 19.47  85.117182  25.667146 12.947
 68    45.727 54605.19170866 18.75  85.116342  25.663856 12.947
 68    43.502 54605.19171060 28.29  85.113832  25.653976 12.947
 69    48.946 54640.19171745 19.12  85.116679  25.671112 13.829
 69    49.009 54640.19171810 19.33  85.115841  25.667818 25.105
 69    48.900 54640.19171874 21.82  85.115001  25.664528 25.105
 69    48.894 54640.19172068 28.85  85.112481  25.654648 25.105
 69    47.246 54640.19172132 29.50  85.111651  25.651358 25.105
 70    51.274 54675.19171937 39.63  85.116835  25.672157 25.821
 70    50.675 54675.19172001 25.92  85.115995  25.668867 25.821
 70    50.593 54675.19172066 26.73  85.115156  25.665572 21.140
 70    51.138 54675.19172259 24.47  85.112636  25.655692 21.140
 70    51.107 54675.19172323 26.12  85.111806  25.652402 21.140
 71    51.547 54710.19167594 43.01  85.118182  25.671906 26.838
 71    51.350 54710.19167658 40.84  85.117352  25.668616 26.838
 71    51.383 54710.19167723 45.26  85.116512  25.665326 26.838
 71    51.410 54710.19167916 49.19  85.113990  25.655450 25.518
 71    51.424 54710.19167980 50.86  85.113150  25.652150 25.518
 72    49.187 54745.19168740 21.52  85.117847  25.669345 12.341
 72    49.256 54745.19168804 21.73  85.117017  25.666055 12.341
 72    49.231 54745.19168997 27.95  85.114497  25.656175 12.341
 72    49.162 54745.19169062 23.02  85.113657  25.652885 12.341
 73    45.780 54780.19166061 42.06  85.118683  25.671371 18.831
 73    45.701 54780.19166126 48.58  85.117846  25.668076 23.543
 73    45.741 54780.19166190 50.77  85.117006  25.664786 23.543
 73    45.611 54780.19166384 48.18  85.114496  25.654906 23.543
 73    45.514 54780.19166448 54.29  85.113656  25.651616 23.543
 74    44.657 54815.19167984 27.12  85.119617  25.671527 19.766
 74    44.596 54815.19168049 29.51  85.118783  25.668232 22.076
 74    44.763 54815.19168113 38.89  85.117943  25.664942 22.076
 74    44.742 54815.19168306 37.16  85.115423  25.655062 22.076
 74    44.521 54815.19168371 36.86  85.114583  25.651772 22.076
 75    44.154 54850.19165897 29.54  85.117533  25.671775 11.889
 75    44.273 54850.19165962 32.21  85.116693  25.668485 11.889
 75    44.166 54850.19166026 37.26  85.115857  25.665190 20.982
 75    44.269 54850.19166220 37.95  85.113337  25.655310 20.982
 75    46.868 54850.19166284 33.35  85.112507  25.652020 20.982
 76    43.563 54885.19168402 23.95  85.117713  25.672024 18.965
 76    43.664 54885.19168467 29.99  85.116873  25.668734 18.965
 76    43.706 54885.19168531 32.48  85.116033  25.665444 18.965
 76    46.896 54885.19168725 24.47  85.113513  25.655564 18.965
 76    47.482 54885.19168789 29.77  85.112673  25.652264 18.965
 77    43.347 54920.19166115 26.63  85.112231  25.668754 10.953
 77    43.338 54920.19166179 26.66  85.111390  25.665456 12.645
 77    43.683 54920.19166372 25.50  85.108870  25.655576 12.645
 77    43.773 54920.19166437 25.00  85.108030  25.652286 12.645
 78    43.823 54955.19167881 26.45  85.117968  25.670489  7.313
 78    43.712 54955.19167946 31.22  85.117135  25.667193 15.487
 78    43.768 54955.19168010 30.43  85.116285  25.663903 15.487
 78    46.176 54955.19168204 24.22  85.113775  25.654023 15.487
 79    43.958 54990.19170316 27.67  85.115073  25.669213 15.408
 79    44.099 54990.19170380 36.61  85.114233  25.665923 15.408
 79    43.851 54990.19170574 32.18  85.111723  25.656043 15.408
 79    47.364 54990.19170638 25.40  85.110883  25.652753 15.408
 80    45.172 55025.19169400 19.20  85.118273  25.671354  8.431
 80    45.370 55025.19169465 21.22  85.117436  25.668058 14.693
 80    45.149 55025.19169529 26.57  85.116596  25.664768 14.693
 80    45.421 55025.19169722 29.18  85.114086  25.654888 14.693
 80    45.242 55025.19169787 34.00  85.113246  25.651598 14.693
 81    48.325 55060.19168782 40.18  85.118116  25.671178 15.033
 81    48.454 55060.19168846 30.42  85.117276  25.667888 15.033
 81    48.296 55060.19168911 31.20  85.116437  25.664592 19.571
 81    48.373 55060.19169104 35.90  85.113927  25.654712 19.571
 81    48.532 55060.19169168 32.52  85.113087  25.651422 19.571
 82    48.904 55095.19164037 25.67  85.114039  25.668964 22.870
 82    49.103 55095.19164101 24.04  85.113199  25.665674 22.870
 82    49.415 55095.19164295 31.09  85.110679  25.655798 21.747
 82    48.861 55095.19164359 28.75  85.109839  25.652498 21.747
 83    47.038 55130.19163060 42.47  85.117863  25.669902 21.539
 83    47.155 55130.19163124 43.35  85.117023  25.666612 21.539
 83    47.170 55130.19163189 48.58  85.116183  25.663322 21.539
 83    47.129 55130.19163382 51.10  85.113673  25.653442 21.539
 84    45.079 55165.19160181 48.21  85.117943  25.670516 14.467
 84    45.010 55165.19160245 40.60  85.117113  25.667226 14.467
 84    44.943 55165.19160310 49.06  85.116267  25.663930 18.808
 84    45.000 55165.19160503 47.66  85.113747  25.654050 18.808
 85    43.889 55200.19162224 31.88  85.117741  25.669329 21.072
 85    44.046 55200.19162288 31.66  85.116901  25.666039 21.072
 85    44.017 55200.19162482 32.07  85.114381  25.656159 21.072
 85    43.957 55200.19162546 33.93  85.113541  25.652869 21.072
 86    43.768 55235.19160784 38.58  85.115439  25.670712  9.805
 86    43.744 55235.19160848 43.25  85.114595  25.667418 18.249
 86    43.952 55235.19160913 42.56  85.113755  25.664128 18.249
 86    43.759 55235.19161106 45.82  85.111245  25.654248 18.249
 86    43.804 55235.19161171 44.13  85.110405  25.650958 18.249
 87    43.629 55270.19161663 31.99  85.117803  25.669891 19.499
 87    43.425 55270.19161727 33.74  85.116973  25.666601 19.499
 87    43.464 55270.19161792 28.65  85.116123  25.663311 19.499
 87    43.542 55270.19161985 34.62  85.113613  25.653431 19.499
 88    43.709 55305.19158820 32.18  85.116285  25.669923 10.665
 88    43.464 55305.19158885 32.96  85.115445  25.666633 10.665
 88    43.325 55305.19158949 26.11  85.114605  25.663335 14.942
 88    43.545 55305.19159078 33.77  85.112925  25.656755 14.942
 88    43.623 55305.19159143 34.38  85.112085  25.653455 14.942
 89    43.703 55340.19158777 26.04  85.118526  25.671282  6.035
 89    43.833 55340.19158841 29.25  85.117686  25.667992  6.035
 89    43.787 55340.19158906 35.13  85.116847  25.664698 13.477
 89    43.747 55340.19159099 30.95  85.114327  25.654818 13.477
 89    43.552 55340.19159164 34.93  85.113497  25.651528 13.477
 90    43.524 55375.19157999 21.57  85.118212  25.672404  7.468
 90    43.603 55375.19158064 27.05  85.117375  25.669109 15.735
 90    43.411 55375.19158128 32.19  85.116535  25.665819 15.735
 90    43.518 55375.19158322 26.87  85.114025  25.655939 15.735
 90    43.561 55375.19158386 32.95  85.113185  25.652649 15.735
 91    48.653 55410.19160183 20.07  85.120231  25.671463 12.714
 91    48.518 55410.19160247 21.07  85.119399  25.668167 18.040
 91    49.006 55410.19160312 20.23  85.118559  25.664877 18.040
 91    49.445 55410.19160505 27.22  85.116039  25.654997 18.040
 91    49.166 55410.19160570 26.60  85.115199  25.651707 18.040
 92    50.892 55445.19159635 28.79  85.118309  25.671202 18.960
 92    50.521 55445.19159700 28.56  85.117469  25.667912 18.960
 92    50.800 55445.19159764 31.90  85.116631  25.664617 24.444
 92    50.729 55445.19159958 33.46  85.114111  25.654737 24.444
 92    50.960 55445.19160022 35.10  85.113281  25.651447 24.444
 93    48.809 55480.19153159 41.23  85.116005  25.671614 21.732
 93    48.566 55480.19153223 33.83  85.115165  25.668324 21.732
 93    48.592 55480.19153288 35.63  85.114325  25.665034 21.732
 93    48.564 55480.19153481 41.21  85.111807  25.655158 21.324
 93    48.443 55480.19153545 42.95  85.110967  25.651858 21.324
