# NaN NaN NaN ;Mean Elev.(m), Avg Gradient(m/km), RMS Gradient(m/km) - SRTM1     
#    8.144  -0.104   3.496 ;Mean Elev.(m), Avg Gradient(m/km), RMS Gradient(m/km) - ASTER GDEM
#   24.020  -0.070   9.577 ;Mean Elev.(m), Avg Gradient(m/km), RMS Gradient(m/km) - GMTED2010 
  8  87.774491  25.101952    25.808    25.777 16 52492.66176055 31.630
 10  87.765932  25.106373    24.547    24.556  3 52562.66178633 52.051
 14  87.768422  25.109272    23.973    23.765  7 52702.66174177 34.241
 16  87.769592  25.108970    23.352    23.347  7 52772.66174563 52.064
 20  87.774587  25.103252    28.131    28.137 16 52912.66185914 48.107
 21  87.766303  25.106299    24.626    24.601  3 52947.66181725 50.032
 23  87.765783  25.107560    23.474    23.461  3 53017.66184697 52.374
 24  87.765763  25.106386    23.426    23.426  2 53052.66182746 50.267
 28  87.768484  25.109132    25.233    25.235  7 53192.66188499 28.468
 33  87.769128  25.110407    23.856    23.482  7 53367.66181071 32.935
 35  87.767354  25.109352    23.335    23.322  6 53437.66182828 51.906
 43  87.769590  25.108809    23.595    23.566  7 53717.66180467 31.052
 44  87.767953  25.109634    23.223    23.241  7 53752.66172503 45.418
 45  87.768828  25.109477    23.227    23.216  7 53787.66175508 51.041
 48  87.767735  25.108037    25.431    25.484  6 53892.66181545 29.079
 52  87.765988  25.105954    24.108    24.108  2 54032.66185400 50.879
 54  87.766375  25.108776    23.440    23.438  4 54102.66180765 48.946
 56  87.766062  25.105120    23.446    23.446  2 54172.66178451 48.922
 60  87.765919  25.107770    26.982    26.988  3 54312.66182876 26.925
 61  87.767313  25.108030    27.079    27.054  5 54347.66180075 27.585
 63  87.766113  25.106183    24.858    23.914  3 54417.66174954 42.400
 65  87.766572  25.107183    23.552    23.540  3 54487.66174741 52.719
 67  87.766055  25.107546    24.933    24.858  3 54557.66175759 24.389
 71  87.767158  25.109746    27.989    27.974  6 54697.66174296 29.646
 73  87.765946  25.106099    24.086    24.067  3 54767.66172122 50.495
 77  87.765259  25.107099    23.267    23.267  2 54907.66172160 50.748
 82  87.767086  25.108265    25.802    25.771  5 55082.66170887 24.472
 88  87.766398  25.106876    22.575    22.567  3 55292.66165326 52.614
 90  87.765964  25.105670    23.355    23.334  3 55362.66163201 35.401
 93  87.768202  25.110035    27.052    27.076  7 55467.66160663 35.563
