-265182.767    -7.292     0.00    1.55
-264806.103    -7.317    -0.07    1.54
-264429.428    -7.896    -1.54    1.77
-264052.739    -8.352    -1.21    1.69
-263676.039    -8.940    -1.56    2.26
-263299.327    -9.685    -1.98    2.26
-262922.603   -10.094    -1.08    2.19
-262545.866   -10.798    -1.87    1.79
-262169.117   -10.823    -0.06    1.59
-261792.356   -10.892    -0.18    1.81
-261415.583   -11.417    -1.39    2.29
-261038.798   -12.504    -2.88    2.83
-260662.001   -13.579    -2.85    2.92
-260285.191   -14.457    -2.33    2.52
-259908.369   -14.442     0.04    2.57
-259531.535   -14.017     1.13    2.83
-259154.689   -13.376     1.70    2.88
-258777.831   -13.311     0.17    2.78
-258400.961   -13.481    -0.45    2.81
-258024.078   -13.442     0.10    2.76
-257649.005   -14.185    -1.98    2.48
-257274.525   -14.167     0.05    2.53
-256900.034   -14.145     0.06    2.66
-256525.530   -13.632     1.37    2.82
-256151.014   -13.140     1.31    2.83
-255776.487   -12.116     2.73    2.51
-255401.947   -11.311     2.15    2.23
-255027.395   -11.442    -0.35    2.24
-254652.832   -12.595    -3.08    2.93
-254278.256   -12.638    -0.11    3.04
-253903.668   -12.632     0.01    2.84
-253529.068   -11.780     2.27    2.57
-253154.456   -10.467     3.50    1.65
-252779.832   -10.392     0.20    1.69
-252405.196   -10.270     0.33    1.70
-252030.548   -10.148     0.33    1.62
-251655.888   -10.262    -0.30    1.46
-251281.215   -11.311    -2.80    2.40
-250906.531   -12.213    -2.41    2.53
-250531.835   -12.614    -1.07    2.67
-250157.126   -12.504     0.29    2.87
-249782.406   -11.798     1.88    2.64
-249407.673   -11.140     1.76    2.43
-249032.928   -11.798    -1.76    2.57
-248658.171   -12.481    -1.82    2.63
-248283.402   -12.642    -0.43    2.42
-247908.621   -12.867    -0.60    1.99
-247533.828   -11.965     2.41    1.61
-247159.023   -12.317    -0.94    2.09
-246784.205   -12.400    -0.22    2.30
-246409.376   -12.517    -0.31    2.52
-246034.534   -12.471     0.12    2.48
-245659.680   -12.442     0.08    2.22
-245284.815   -12.492    -0.13    2.09
-244909.937   -11.937     1.48    1.41
-244535.046   -12.164    -0.61    1.10
-244160.144   -12.335    -0.46    1.23
-243785.230   -12.213     0.33    1.09
-243410.303   -12.384    -0.46    1.13
-243035.365   -12.607    -0.59    1.33
-242660.414   -12.757    -0.40    1.25
-242285.451   -12.991    -0.63    1.23
-241910.476   -13.090    -0.26    1.53
-241535.489   -12.566     1.40    1.63
-241160.489   -12.442     0.33    1.61
-240785.478   -12.228     0.57    1.56
-240410.454   -11.990     0.64    1.27
-240035.418   -11.780     0.56    1.21
-239660.370   -11.408     0.99    1.43
-239285.310   -11.335     0.20    1.89
-238910.238   -11.804    -1.25    2.46
-238535.153   -12.478    -1.80    2.55
-238160.057   -12.804    -0.87    2.73
-237784.948   -12.603     0.54    2.88
-237409.827   -12.164     1.17    2.67
-237034.693   -12.140     0.07    2.58
-236659.548   -12.142    -0.01    2.56
-236284.390   -12.342    -0.53    2.45
-235909.221   -12.786    -1.18    2.28
-235534.038   -13.359    -1.53    1.98
-235158.844   -13.709    -0.93    1.84
-234783.638   -13.667     0.11    1.90
-234408.419   -13.804    -0.36    2.05
-234033.188   -14.442    -1.70    2.09
-233657.945   -14.892    -1.20    1.63
-233282.690   -14.917    -0.07    1.70
-232907.423   -14.872     0.12    1.45
-232532.143   -14.579     0.78    1.63
-232156.851   -14.367     0.56    1.75
-231781.547   -14.677    -0.82    1.53
-231406.230   -14.832    -0.41    1.45
-231030.902   -14.876    -0.12    1.40
-230655.561   -14.837     0.10    1.32
-230280.208   -14.725     0.30    1.27
-229904.842   -14.733    -0.02    1.26
-229529.465   -14.717     0.04    1.19
-229154.075   -14.566     0.40    1.33
-228778.673   -14.279     0.76    1.53
-228403.259   -14.495    -0.57    1.43
-228027.832   -14.457     0.10    1.40
-227652.393   -14.335     0.32    1.29
-227276.942   -14.182     0.41    1.17
-226901.478   -14.119     0.17    1.13
-226526.003   -14.042     0.20    1.27
-226150.515   -13.920     0.32    1.19
-225775.015   -13.994    -0.19    1.24
-225399.502   -13.798     0.52    1.28
-225023.977   -13.842    -0.12    1.02
-224648.440   -13.638     0.55    1.27
-224272.891   -13.442     0.52    1.22
-223897.329   -13.161     0.75    1.52
-223521.755   -12.311     2.26    2.25
-223146.169   -11.872     1.17    2.38
-222770.571   -12.142    -0.72    2.45
-222394.960   -11.991     0.40    2.53
-222019.337   -12.603    -1.63    2.23
-221643.701   -12.947    -0.92    2.01
-221268.053   -13.142    -0.52    1.72
-220892.393   -13.019     0.33    1.69
-220516.721   -12.817     0.54    1.93
-220141.036   -13.116    -0.79    2.16
-219765.339   -13.717    -1.60    2.00
-219389.630   -14.384    -1.77    1.71
-219013.908   -14.603    -0.58    1.80
-218638.174   -14.742    -0.37    1.87
-218262.428   -15.018    -0.73    1.52
-217886.669   -15.068    -0.13    1.68
-217510.898   -14.876     0.51    1.77
-217135.115   -14.658     0.58    1.87
-216759.319   -14.335     0.86    1.93
-216383.511   -13.995     0.91    1.83
-216007.690   -13.967     0.07    1.79
-215631.857   -14.090    -0.33    1.94
-215256.012   -14.121    -0.08    2.19
-214880.155   -13.896     0.60    2.19
-214504.285   -13.579     0.84    2.06
-214128.403   -13.767    -0.50    1.71
-213752.508   -14.508    -1.97    1.28
-213376.601   -14.832    -0.86    0.66
-213000.681   -14.876    -0.12    0.58
-212624.750   -14.804     0.19    0.62
-212248.806   -14.798     0.02    0.70
-211872.849   -14.798     0.00    0.86
-211496.880   -14.760     0.10    0.76
-211120.899   -14.709     0.14    0.98
-210744.905   -14.555     0.41    1.05
-210368.899   -14.774    -0.58    0.74
-209992.880   -14.896    -0.32    0.65
-209616.849   -14.792     0.28    0.95
-209240.806   -14.592     0.53    1.18
-208864.750   -14.222     0.99    1.57
-208488.682   -13.717     1.34    2.26
-208112.601   -12.876     2.24    2.42
-207736.508   -12.116     2.02    2.64
-207360.403   -11.209     2.41    2.58
-206984.285   -10.262     2.52    2.71
-206608.155   -10.324    -0.17    2.98
-206232.012    -9.945     1.01    2.99
-205855.857    -9.335     1.62    2.52
-205479.689    -9.725    -1.04    2.47
-205103.509   -10.192    -1.24    2.05
-204727.317   -10.467    -0.73    2.36
-204351.112   -11.148    -1.81    2.70
-203974.894   -11.852    -1.87    2.92
-203598.664   -12.847    -2.65    2.77
-203222.422   -13.481    -1.69    2.42
-202846.167   -13.967    -1.29    1.99
-202469.900   -14.145    -0.47    1.77
-202093.620   -14.471    -0.87    1.50
-201717.328   -14.376     0.25    1.46
-201341.023   -14.114     0.70    1.80
-200964.706   -14.342    -0.61    2.02
-200588.377   -14.581    -0.63    2.00
-200212.034   -14.247     0.89    2.52
-199835.680   -14.119     0.34    2.62
-199459.313   -13.555     1.50    2.52
-199082.933   -12.920     1.68    2.03
-198706.541   -13.067    -0.39    1.90
-198330.137   -12.406     1.76    2.16
-197953.720   -11.674     1.94    2.31
-197577.290   -11.161     1.36    2.40
-197200.848   -11.114     0.13    2.29
-196824.393   -11.311    -0.52    2.18
-196447.926   -11.828    -1.37    1.80
-196071.447   -12.401    -1.52    1.69
-195694.954   -12.042     0.95    1.92
-195318.450   -12.116    -0.19    2.15
-194941.933   -12.140    -0.06    2.31
-194565.403   -11.823     0.84    2.26
-194188.861   -11.592     0.61    2.55
-193812.306   -11.517     0.20    2.67
-193435.738   -11.607    -0.24    2.61
-193059.159   -11.138     1.24    2.64
-192682.566   -10.433     1.87    2.91
-192305.961   -10.067     0.97    2.56
-191929.344   -10.189    -0.32    2.66
-191552.714   -11.117    -2.47    2.77
-191176.071   -12.067    -2.52    2.53
-190799.416   -12.566    -1.33    2.31
-190422.748   -11.945     1.65    2.58
-190046.068   -11.140     2.14    2.42
-189669.375   -10.213     2.46    1.92
-189292.669   -10.142     0.19    1.74
-188915.951   -10.376    -0.62    1.83
-188539.221   -10.423    -0.13    2.41
-188162.478   -10.847    -1.13    2.48
-187785.722   -10.798     0.13    2.50
-187408.953   -10.742     0.15    2.39
-187032.173    -9.490     3.32    2.63
-186655.379    -7.694     4.77    2.23
-186278.573    -7.018     1.79    2.07
-185901.754    -6.530     1.29    2.41
-185524.923    -6.992    -1.23    2.71
-185148.079    -7.437    -1.18    2.80
-184771.222    -7.474    -0.10    3.04
-184394.353    -7.453     0.06    2.78
-184017.471    -7.091     0.96    2.77
-183640.577    -6.896     0.52    2.58
-183263.670    -6.940    -0.12    2.62
-182886.750    -7.179    -0.63    2.56
-182512.137    -7.658    -1.28    2.60
-182137.703    -9.164    -4.02    2.42
-181763.257   -10.238    -2.87    2.40
-181388.798   -10.945    -1.89    2.08
-181014.326   -11.089    -0.38    2.21
-180639.842   -11.411    -0.86    1.89
-180265.346   -11.042     0.98    2.01
-179890.837   -10.780     0.70    1.87
-179516.315   -11.042    -0.70    1.72
-179141.781   -11.018     0.07    2.01
-178767.235   -11.092    -0.20    2.09
-178392.676   -11.217    -0.33    2.18
-178018.105   -11.367    -0.40    2.43
-177643.521   -11.677    -0.83    2.17
-177268.924   -11.971    -0.79    2.22
-176894.316   -11.701     0.72    2.34
-176519.694   -11.019     1.82    2.36
-176145.060   -10.506     1.37    2.47
-175770.414   -10.427     0.21    2.12
-175395.755    -9.917     1.36    2.36
-175021.084   -10.018    -0.27    2.10
-174646.400   -10.164    -0.39    2.18
-174271.703   -10.238    -0.20    2.30
-173896.995   -11.567    -3.55    1.99
-173522.273   -12.463    -2.39    1.35
-173147.539   -12.352     0.30    1.28
-172772.793   -12.632    -0.75    1.37
-172398.034   -12.725    -0.25    1.35
-172023.262   -12.733    -0.02    1.41
-171648.478   -12.742    -0.03    1.40
-171273.681   -12.531     0.56    1.52
-170898.872   -11.542     2.64    2.19
-170524.050    -9.923     4.32    2.60
-170149.216    -8.750     3.13    2.45
-169774.369    -8.530     0.59    2.09
-169399.510    -8.638    -0.29    2.13
-169024.638    -8.196     1.18    1.98
-168649.753    -7.852     0.92    1.82
-168274.856    -7.742     0.29    1.87
-167899.946    -7.566     0.47    1.94
-167525.024    -7.164     1.07    1.94
-167150.089    -7.192    -0.07    2.01
-166775.142    -7.481    -0.77    2.01
-166400.182    -8.167    -1.83    2.03
-166025.209    -8.774    -1.62    1.78
-165650.224    -8.774     0.00    1.88
-165275.227    -8.471     0.81    2.13
-164900.216    -8.442     0.08    2.31
-164525.193    -8.257     0.50    2.20
-164150.158    -8.067     0.51    2.34
-163775.110    -8.392    -0.87    2.44
-163400.049    -8.217     0.47    2.45
-163024.976    -8.542    -0.87    2.38
-162649.890    -8.872    -0.88    2.00
-162274.791    -8.750     0.33    1.83
-161899.680    -8.642     0.29    1.89
-161524.556    -8.423     0.58    2.01
-161149.419    -8.504    -0.21    2.04
-160774.270    -8.286     0.58    1.83
-160399.109    -8.774    -1.30    1.91
-160023.934    -8.677     0.26    2.15
-159648.747    -8.757    -0.21    2.11
-159273.548    -8.437     0.85    2.28
-158898.335    -8.406     0.08    2.33
-158523.111    -8.517    -0.30    2.26
-158147.873    -9.311    -2.11    2.16
-157772.623    -9.847    -1.43    1.52
-157397.360    -9.965    -0.31    1.31
-157022.084   -10.065    -0.27    1.11
-156646.796    -9.478     1.56    1.92
-156271.495    -8.567     2.43    2.28
-155896.182    -8.384     0.49    2.33
-155520.856    -8.632    -0.66    2.14
-155145.517    -8.531     0.27    2.14
-154770.165    -8.542    -0.03    2.19
-154394.801    -8.692    -0.40    2.49
-154019.424    -8.994    -0.80    2.49
-153644.034    -9.335    -0.91    2.25
-153268.632    -9.481    -0.39    2.13
-152893.217    -8.683     2.13    2.23
-152517.789    -8.067     1.64    2.06
-152142.349    -7.542     1.40    2.00
-151766.896    -7.733    -0.51    1.98
-151391.430    -8.467    -1.96    1.68
-151015.952    -9.018    -1.47    1.46
-150640.460    -8.994     0.06    1.45
-150264.956    -8.242     2.00    2.17
-149889.440    -7.567     1.80    2.00
-149513.910    -6.519     2.79    2.24
-149138.368    -6.262     0.68    2.32
-148762.813    -6.433    -0.45    2.45
-148387.246    -6.311     0.32    2.89
-148011.666    -6.677    -0.97    2.64
-147636.073    -6.735    -0.15    2.74
-147260.467    -6.185     1.46    2.62
-146884.848    -5.872     0.83    2.48
-146509.217    -5.750     0.32    2.54
-146133.573    -4.717     2.75    2.63
-145757.916    -4.279     1.17    2.35
-145382.247    -4.247     0.09    2.22
-145006.565    -5.171    -2.46    2.56
-144630.869    -6.701    -4.07    2.58
-144255.162    -7.408    -1.88    2.27
-143879.441    -7.709    -0.80    2.08
-143503.708    -7.724    -0.04    1.95
-143127.962    -7.094     1.68    2.18
-142752.203    -6.603     1.30    2.19
-142376.431    -6.292     0.83    2.30
-142000.647    -6.292     0.00    2.40
-141624.849    -6.974    -1.81    2.18
-141249.039    -7.885    -2.42    1.67
-140873.217    -7.774     0.29    1.96
-140497.381    -7.376     1.06    2.27
-140121.532    -7.164     0.56    2.36
-139745.671    -6.495     1.78    2.43
-139369.797    -6.504    -0.02    2.49
-138993.910    -6.262     0.64    2.23
-138618.011    -5.945     0.84    2.31
-138242.098    -5.725     0.58    2.21
-137866.173    -5.481     0.65    2.27
-137490.235    -5.442     0.10    2.18
-137114.284    -6.317    -2.33    2.92
-136738.320    -6.917    -1.60    2.95
-136362.344    -7.603    -1.82    2.43
-135986.354    -7.376     0.61    2.46
-135610.352    -6.969     1.08    2.21
-135234.337    -6.709     0.69    2.45
-134858.309    -6.542     0.44    2.63
-134482.268    -7.017    -1.26    2.21
-134106.214    -7.090    -0.19    1.99
-133730.148    -7.018     0.19    1.93
-133354.069    -6.945     0.19    2.10
-132977.976    -6.967    -0.06    2.19
-132601.871    -6.969    -0.00    2.25
-132225.753    -6.760     0.56    2.16
-131849.623    -6.530     0.61    2.25
-131473.479    -6.701    -0.45    2.21
-131097.322    -6.603     0.26    2.19
-130721.153    -6.506     0.26    2.00
-130344.971    -6.760    -0.68    1.75
-129968.775    -6.828    -0.18    1.49
-129592.567    -6.248     1.54    2.18
-129216.346    -5.923     0.86    2.54
-128840.112    -6.161    -0.63    2.66
-128463.866    -5.842     0.85    2.52
-128087.606    -6.601    -2.01    1.88
-127711.333    -6.376     0.60    1.72
-127335.048    -5.876     1.33    1.90
-126958.750    -6.042    -0.44    1.97
-126582.438    -5.617     1.13    1.95
-126206.114    -5.792    -0.46    2.17
-125829.777    -5.516     0.73    2.13
-125453.427    -5.257     0.69    1.84
-125077.064    -4.971     0.76    1.94
-124700.688    -4.847     0.33    1.99
-124324.299    -4.923    -0.20    1.99
-123947.897    -5.171    -0.66    1.92
-123571.483    -4.804     0.97    2.02
-123195.055    -4.923    -0.32    1.85
-122818.614    -5.304    -1.01    1.84
-122442.161    -5.506    -0.54    1.31
-122065.694    -5.217     0.77    1.45
-121689.215    -4.725     1.31    1.60
-121312.722    -4.417     0.82    1.61
-120936.217    -4.400     0.05    1.88
-120559.699    -5.116    -1.90    3.07
-120183.167    -6.876    -4.67    3.63
-119806.623    -7.917    -2.77    3.12
-119430.066    -8.467    -1.46    2.84
-119053.496    -7.408     2.81    2.80
-118676.912    -5.900     4.01    1.75
-118300.316    -5.733     0.44    1.41
-117923.707    -5.566     0.44    1.47
-117547.085    -5.566     0.00    1.47
-117170.450    -5.481     0.23    1.52
-116793.802    -4.725     2.01    1.88
-116417.140    -3.920     2.14    2.16
-116040.466    -3.335     1.55    1.87
-115663.779    -2.920     1.10    1.78
-115287.079    -2.213     1.88    1.69
-114910.366    -2.542    -0.87    2.18
-114533.640    -3.042    -1.33    2.12
-114156.900    -3.167    -0.33    2.13
-113780.148    -3.400    -0.62    1.83
-113403.383    -3.352     0.13    1.83
-113026.605    -3.481    -0.34    2.32
-112649.813    -3.114     0.98    2.32
-112273.009    -2.581     1.41    2.43
-111896.191    -2.433     0.39    2.79
-111519.361    -3.233    -2.12    3.12
-111142.518    -4.167    -2.48    3.03
-110765.661    -4.638    -1.25    2.30
-110388.792    -5.017    -1.01    1.94
-110011.909    -5.066    -0.13    1.96
-109635.013    -4.495     1.52    2.00
-109258.104    -4.442     0.14    2.11
-108881.183    -4.554    -0.30    2.05
-108504.248    -4.700    -0.39    2.13
-108127.300    -5.112    -1.09    2.10
-107750.582    -5.457    -0.92    1.50
-107376.210    -5.376     0.22    1.49
-107001.825    -4.923     1.21    1.67
-106627.428    -4.427     1.33    1.82
-106253.017    -3.947     1.28    2.01
-105878.594    -3.940     0.02    2.21
-105504.158    -4.652    -1.90    2.27
-105129.709    -5.359    -1.89    2.05
-104755.247    -5.823    -1.24    1.71
-104380.772    -5.823     0.00    1.54
-104006.284    -5.017     2.15    2.04
-103631.783    -4.292     1.94    2.02
-103257.269    -3.942     0.93    2.01
-102882.743    -3.542     1.07    1.67
-102508.203    -2.969     1.53    1.62
-102133.651    -3.042    -0.20    1.86
-101759.085    -3.359    -0.85    2.04
-101384.507    -3.542    -0.49    2.09
-101009.916    -3.642    -0.27    1.93
-100635.311    -3.971    -0.88    1.96
-100260.694    -4.189    -0.58    1.97
 -99886.064    -4.628    -1.17    1.63
 -99511.421    -4.852    -0.60    1.55
 -99136.765    -4.750     0.27    1.60
 -98762.096    -4.709     0.11    1.95
 -98387.414    -4.900    -0.51    1.93
 -98012.719    -4.384     1.38    2.41
 -97638.011    -3.359     2.73    3.12
 -97263.291    -1.617     4.65    3.05
 -96888.557    -0.889     1.94    2.38
 -96513.810    -0.724     0.44    1.96
 -96139.050    -1.632    -2.42    1.85
 -95764.277    -1.995    -0.97    2.11
 -95389.492    -2.495    -1.33    2.28
 -95014.693    -3.042    -1.46    2.06
 -94639.881    -3.338    -0.79    1.87
 -94265.057    -3.516    -0.48    1.01
 -93890.219    -3.066     1.20    1.30
 -93515.368    -2.614     1.21    1.76
 -93140.504    -2.555     0.16    1.91
 -92765.628    -2.590    -0.09    2.00
 -92390.738    -2.581     0.02    2.38
 -92015.835    -2.733    -0.41    2.37
 -91640.919    -3.238    -1.35    2.18
 -91265.991    -3.090     0.39    2.29
 -90891.049    -2.872     0.58    1.88
 -90516.094    -2.817     0.14    1.75
 -90141.126    -2.872    -0.14    1.32
 -89766.145    -2.717     0.41    1.12
 -89391.151    -2.517     0.53    1.30
 -89016.144    -1.995     1.39    1.48
 -88641.124    -2.138    -0.38    1.57
 -88266.091    -2.519    -1.02    1.90
 -87891.045    -3.090    -1.52    1.61
 -87515.986    -3.757    -1.78    1.64
 -87140.914    -3.658     0.26    1.58
 -86765.829    -3.267     1.04    1.42
 -86390.730    -2.842     1.13    1.49
 -86015.619    -2.311     1.42    1.94
 -85640.494    -2.506    -0.52    1.98
 -85265.357    -2.042     1.24    2.09
 -84890.206    -2.750    -1.89    2.45
 -84515.043    -3.427    -1.81    2.62
 -84139.866    -3.685    -0.69    2.26
 -83764.676    -3.628     0.15    2.36
 -83389.473    -2.495     3.02    2.29
 -83014.257    -1.920     1.53    2.12
 -82639.028    -1.911     0.03    2.02
 -82263.786    -2.020    -0.29    2.05
 -81888.530    -2.217    -0.53    1.75
 -81513.262    -2.042     0.47    1.79
 -81137.980    -1.213     2.21    2.07
 -80762.686    -0.786     1.14    2.20
 -80387.378    -0.429     0.95    2.05
 -80012.057    -0.324     0.28    2.16
 -79636.723     0.080     1.08    2.14
 -79261.376     0.553     1.26    2.25
 -78886.016     1.641     2.90    2.03
 -78510.642     1.685     0.12    2.02
 -78135.256     1.352    -0.89    2.24
 -77759.856     0.577    -2.07    2.26
 -77384.443    -0.400    -2.60    2.43
 -77009.017    -0.603    -0.54    2.36
 -76633.578    -0.506     0.26    2.44
 -76258.126     0.111     1.64    2.28
 -75882.661     0.624     1.37    2.29
 -75507.182     0.908     0.75    2.07
 -75131.691     0.738    -0.45    2.22
 -74756.186     0.494    -0.65    2.18
 -74380.668     0.006    -1.30    1.95
 -74005.137    -0.017    -0.06    1.95
 -73629.592    -0.167    -0.40    1.77
 -73254.035    -0.750    -1.55    1.74
 -72878.464    -1.328    -1.54    2.14
 -72502.880    -1.917    -1.57    2.10
 -72127.283    -2.566    -1.73    1.73
 -71751.673    -3.090    -1.39    1.83
 -71376.050    -2.750     0.91    2.43
 -71000.413    -2.317     1.15    2.68
 -70624.763    -1.603     1.90    2.86
 -70249.100    -1.017     1.56    2.15
 -69873.424    -0.579     1.17    2.21
 -69497.735    -0.257     0.86    1.89
 -69122.032    -0.442    -0.49    1.98
 -68746.316     0.077     1.38    2.00
 -68370.587     0.009    -0.18    1.85
 -67994.845     0.339     0.88    1.77
 -67619.089     0.104    -0.62    1.49
 -67243.320     0.260     0.42    1.42
 -66867.539     0.600     0.91    1.94
 -66491.743     0.984     1.02    2.28
 -66115.935     1.230     0.66    2.37
 -65740.113     1.358     0.34    2.36
 -65364.278     1.005    -0.94    2.22
 -64988.430     1.055     0.13    1.97
 -64612.569     0.496    -1.49    1.59
 -64236.694    -0.020    -1.37    1.62
 -63860.806    -0.042    -0.06    1.50
 -63484.905     0.153     0.52    1.62
 -63108.991     0.529     1.00    1.74
 -62733.063     0.676     0.39    1.75
 -62357.122     0.276    -1.06    2.12
 -61981.168     0.168    -0.29    2.38
 -61605.200    -0.242    -1.09    2.67
 -61229.220    -0.335    -0.25    3.20
 -60853.226    -0.896    -1.49    2.82
 -60477.218    -1.228    -0.88    2.46
 -60101.198    -1.174     0.14    2.17
 -59725.164    -0.717     1.21    1.62
 -59349.117    -0.447     0.72    1.38
 -58973.056     0.031     1.27    1.52
 -58596.982     0.315     0.76    1.75
 -58220.895     0.233    -0.22    2.05
 -57844.795     0.008    -0.60    2.00
 -57468.681    -0.248    -0.68    1.69
 -57092.554    -0.138     0.29    2.00
 -56716.414     0.128     0.71    1.96
 -56340.260     0.148     0.05    1.99
 -55964.093     0.006    -0.38    2.02
 -55587.913    -0.367    -0.99    2.19
 -55211.719     0.348     1.90    2.56
 -54835.512     0.679     0.88    2.65
 -54459.292     0.592    -0.23    2.69
 -54083.058     0.339    -0.67    2.40
 -53706.811     0.299    -0.10    2.06
 -53330.551     0.258    -0.11    2.13
 -52954.277     0.519     0.69    2.21
 -52577.990     0.811     0.78    2.55
 -52201.690     0.860     0.13    2.50
 -51825.376     1.031     0.45    2.20
 -51449.049     0.811    -0.58    2.09
 -51072.708     0.783    -0.08    1.53
 -50696.355     0.696    -0.23    1.67
 -50319.987     0.983     0.76    1.83
 -49943.607     1.445     1.23    2.06
 -49567.213     0.982    -1.23    2.26
 -49190.805     0.804    -0.47    1.55
 -48814.385     1.553     1.99    1.93
 -48437.951     1.881     0.87    2.01
 -48061.503     2.005     0.33    2.00
 -47685.042     2.124     0.32    1.62
 -47308.568     2.058    -0.18    1.41
 -46932.080     2.306     0.66    1.90
 -46555.579     2.800     1.31    2.21
 -46179.064     2.818     0.05    2.21
 -45802.537     1.982    -2.22    1.92
 -45425.995     2.031     0.13    1.33
 -45049.440     2.399     0.98    1.69
 -44672.872     3.037     1.69    2.20
 -44296.291     2.841    -0.52    2.36
 -43919.696     2.592    -0.66    2.55
 -43543.087     2.267    -0.86    2.51
 -43166.465     1.434    -2.21    2.17
 -42789.830     2.368     2.48    2.52
 -42413.181     2.839     1.25    2.64
 -42036.519     3.058     0.58    2.33
 -41659.843     2.886    -0.46    2.27
 -41283.154     1.933    -2.53    1.64
 -40906.452     2.433     1.33    2.06
 -40529.736     2.529     0.26    2.13
 -40153.006     2.483    -0.12    2.14
 -39776.263     2.153    -0.88    2.04
 -39399.507     2.006    -0.39    1.66
 -39022.737     2.177     0.45    2.09
 -38645.954     2.421     0.65    2.07
 -38269.157     2.483     0.16    2.04
 -37892.346     2.519     0.10    2.30
 -37515.523     3.383     2.29    2.51
 -37138.685     3.410     0.07    2.57
 -36761.835     3.177    -0.62    2.64
 -36384.970     3.144    -0.09    2.36
 -36008.093     2.177    -2.56    1.96
 -35631.201     1.202    -2.59    1.73
 -35254.297     0.553    -1.72    1.45
 -34877.378     0.772     0.58    1.84
 -34500.446     1.100     0.87    2.24
 -34123.501     0.933    -0.44    2.24
 -33746.542     0.808    -0.33    2.32
 -33369.570     0.348    -1.22    1.99
 -32992.584     0.553     0.54    2.01
 -32616.273     1.006     1.21    2.25
 -32241.951     1.481     1.27    2.05
 -31867.615     1.833     0.94    2.00
 -31493.266     1.860     0.07    1.71
 -31118.903     0.599    -3.37    3.22
 -30744.527    -1.185    -4.76    4.11
 -30370.138    -3.042    -4.96    3.73
 -29995.735    -4.677    -4.36    2.58
 -29621.319    -4.367     0.83    2.64
 -29246.890    -2.806     4.17    3.11
 -28872.448    -1.861     2.52    3.02
 -28497.992    -0.530     3.55    2.23
 -28123.522    -0.042     1.30    1.51
 -27749.039     0.190     0.62    1.66
 -27374.543    -0.242    -1.16    2.49
 -27000.034    -1.361    -2.99    2.85
 -26625.511    -2.332    -2.59    3.12
 -26250.975    -3.577    -3.33    3.06
 -25876.425    -4.161    -1.56    2.39
 -25501.862    -4.352    -0.51    2.53
 -25127.286    -3.182     3.12    2.93
 -24752.696    -2.042     3.04    2.95
 -24378.093    -0.804     3.31    2.30
 -24003.477    -0.192     1.63    2.56
 -23628.847     0.445     1.70    2.60
 -23254.203     1.128     1.82    1.90
 -22879.547     1.494     0.98    1.27
 -22504.877     1.714     0.59    1.32
 -22130.193     1.708    -0.02    1.08
 -21755.496     1.665    -0.11    1.05
 -21380.786     1.983     0.85    1.19
 -21006.062     2.005     0.06    1.17
 -20631.325     1.909    -0.26    1.53
 -20256.574     0.539    -3.66    2.88
 -19881.810    -0.481    -2.72    3.39
 -19507.032    -2.042    -4.17    3.47
 -19132.241    -3.408    -3.64    2.84
 -18757.437    -4.066    -1.75    2.42
 -18382.619    -4.359    -0.78    2.20
 -18007.788    -4.019     0.91    3.01
 -17632.943    -2.994     2.73    3.79
 -17258.085    -1.992     2.67    4.19
 -16883.213    -0.359     4.36    4.70
 -16508.328     0.767     3.01    4.48
 -16133.429     2.177     3.76    4.10
 -15758.517     3.421     3.32    3.68
 -15383.592     4.762     3.58    1.83
 -15008.653     4.624    -0.37    1.68
 -14633.700     4.791     0.44    1.67
 -14258.734     4.855     0.17    1.60
 -13883.755     4.410    -1.19    1.60
 -13508.762     4.243    -0.44    1.67
 -13133.755     4.372     0.34    1.53
 -12758.735     4.655     0.75    1.91
 -12383.702     5.115     1.23    2.19
 -12008.655     5.185     0.18    2.13
 -11633.595     4.783    -1.07    2.17
 -11258.521     4.148    -1.69    2.46
 -10883.433     3.696    -1.21    2.27
 -10508.332     3.419    -0.74    2.38
 -10133.218     3.162    -0.69    2.32
  -9758.090     2.932    -0.61    2.23
  -9382.948     2.616    -0.84    1.81
  -9007.793     2.299    -0.85    1.30
  -8632.624     2.470     0.46    1.14
  -8257.442     2.679     0.56    1.05
  -7882.247     2.905     0.60    0.93
  -7507.037     2.608    -0.79    1.59
  -7131.815     0.600    -5.35    4.28
  -6756.578    -0.872    -3.92    4.57
  -6381.329    -1.876    -2.68    4.48
  -6006.065    -1.506     0.99    4.57
  -5630.788    -0.192     3.50    3.63
  -5255.498     0.358     1.47    2.68
  -4880.194     0.696     0.90    2.29
  -4504.876     0.053    -1.71    2.42
  -4129.545    -0.566    -1.65    2.57
  -3754.200    -1.286    -1.92    2.73
  -3378.842    -1.817    -1.41    2.93
  -3003.470    -2.447    -1.68    2.60
  -2628.084    -1.949     1.33    3.08
  -2252.685    -1.530     1.12    3.35
  -1877.272    -0.233     3.46    3.38
  -1501.846    -0.311    -0.21    3.58
  -1126.406     1.397     4.55    4.85
   -750.952     2.133     1.96    4.90
   -375.485     0.860    -3.39    4.88
     -0.005    -0.017    -2.34    5.18
    375.490    -0.995    -2.60    4.37
    750.998    -0.876     0.32    4.33
   1126.519     1.005     5.01    4.96
   1502.054     3.529     6.72    4.41
   1877.603     5.188     4.42    2.10
   2253.166     4.888    -0.80    1.98
   2628.742     4.787    -0.27    1.96
   3004.331     4.725    -0.16    1.63
   3379.935     4.981     0.68    1.55
   3755.552     5.115     0.36    1.62
   4131.182     4.912    -0.54    1.75
   4506.827     4.333    -1.54    1.93
   4882.484     4.004    -0.87    1.80
   5258.156     3.839    -0.44    1.76
   5633.841     3.701    -0.37    1.55
   6009.540     3.503    -0.53    1.59
   6385.253     2.881    -1.66    1.55
   6760.979     2.665    -0.57    1.62
   7136.719     2.811     0.39    1.90
   7512.472     2.808    -0.01    2.08
   7888.240     3.367     1.49    2.13
   8264.020     3.537     0.45    2.20
   8639.815     3.275    -0.70    1.66
   9015.623     3.505     0.61    1.52
   9391.445     3.494    -0.03    1.83
   9767.281     3.237    -0.69    1.92
  10143.130     2.804    -1.15    2.24
  10518.993     2.767    -0.10    2.21
  10894.870     2.981     0.57    1.87
  11270.761     2.811    -0.45    1.80
  11646.665     2.153    -1.75    1.90
  12022.583     1.708    -1.18    2.03
  12398.514     1.226    -1.28    1.96
  12774.460     0.624    -1.60    1.92
  13150.419     0.376    -0.66    1.97
  13526.391     0.434     0.15    2.00
  13902.378     1.029     1.58    2.36
  14278.378     1.470     1.17    2.23
  14654.392     1.494     0.06    2.23
  15030.420     1.519     0.06    2.35
  15406.461     1.529     0.03    2.37
  15782.517     1.933     1.07    2.40
  16158.585     2.315     1.01    2.12
  16534.668     2.315     0.00    1.75
  16910.765     2.446     0.35    1.75
  17286.875     1.982    -1.23    1.70
  17662.999     2.006     0.06    1.79
  18039.137     2.083     0.20    1.47
  18415.288     2.226     0.38    1.83
  18791.453     1.958    -0.71    1.90
  19167.633     1.600    -0.95    2.28
  19543.825     2.220     1.65    2.04
  19920.032     2.829     1.62    2.00
  20296.252     3.051     0.59    2.31
  20672.487     2.055    -2.65    2.87
  21048.735     1.267    -2.09    2.66
  21424.997    -0.019    -3.42    2.31
  21801.272    -0.753    -1.95    1.83
  22177.562    -0.770    -0.04    1.70
  22553.865    -1.042    -0.72    1.79
  22930.182    -1.328    -0.76    1.73
  23306.513    -1.042     0.76    2.02
  23682.857    -0.779     0.70    2.39
  24059.216    -0.429     0.93    2.38
  24435.588     0.009     1.16    2.45
  24811.974    -0.042    -0.14    2.73
  25188.374    -0.164    -0.32    3.12
  25564.788    -0.324    -0.43    3.32
  25941.216    -0.497    -0.46    3.34
  26317.657    -0.607    -0.29    2.60
  26694.112    -0.114     1.31    2.64
  27070.582     0.839     2.53    2.62
  27447.065     2.158     3.50    2.15
  27823.562     2.185     0.07    1.85
  28200.072     2.168    -0.04    2.26
  28576.597     2.434     0.71    2.35
  28953.135     2.679     0.65    2.07
  29329.688     2.886     0.55    1.85
  29706.254     2.435    -1.20    1.81
  30082.834     1.752    -1.81    1.24
  30459.428     1.696    -0.15    1.13
  30836.036     1.791     0.25    1.21
  31212.658     1.934     0.38    1.63
  31589.293     1.648    -0.76    1.98
  31965.943     1.133    -1.37    2.61
  32342.606     0.624    -1.35    2.66
  32719.283    -0.342    -2.57    2.10
  33095.975    -0.457    -0.30    1.75
  33472.680     0.077     1.42    2.28
  33849.399     0.275     0.53    2.46
  34226.132     0.738     1.23    2.79
  34602.878     1.308     1.51    2.87
  34979.639     1.445     0.37    2.45
  35356.414     1.592     0.39    2.19
  35733.202     2.315     1.92    2.05
  36110.005     2.762     1.19    1.89
  36486.821     2.841     0.21    2.06
  36863.652     3.080     0.63    1.76
  37240.496     3.299     0.58    1.74
  37617.354     3.362     0.17    1.85
  37994.227     3.516     0.41    1.68
  38371.113     2.934    -1.54    1.64
  38748.013     2.982     0.13    1.86
  39124.927     3.433     1.20    1.75
  39501.855     3.982     1.46    2.08
  39878.797     4.315     0.88    2.09
  40255.753     4.220    -0.25    2.18
  40632.723     3.696    -1.39    1.84
  41009.707     3.333    -0.96    1.90
  41386.705     2.958    -0.99    1.57
  41763.717     3.260     0.80    1.60
  42140.743     3.648     1.03    1.73
  42516.636     3.616    -0.08    1.68
  42890.908     3.600    -0.04    1.88
  43265.193     3.733     0.35    2.03
  43639.492     3.708    -0.07    2.26
  44013.805     3.911     0.54    2.70
  44388.132     3.909    -0.01    2.45
  44762.473     3.787    -0.33    2.17
  45136.827     3.648    -0.37    1.79
  45511.195     3.836     0.50    1.69
  45885.577     4.339     1.34    1.75
  46259.973     4.676     0.90    1.62
  46634.382     4.958     0.75    1.46
  47008.805     5.220     0.70    1.40
  47383.243     5.291     0.19    1.41
  47757.694     5.624     0.89    1.98
  48132.158     6.086     1.23    2.08
  48506.637     6.003    -0.22    2.27
  48881.129     6.111     0.29    2.55
  49255.636     5.267    -2.25    2.75
  49630.156     4.250    -2.72    2.69
  50004.690     4.008    -0.65    2.86
  50379.237     3.867    -0.38    2.14
  50753.799     4.694     2.21    2.61
  51128.374     6.811     5.65    3.95
  51502.964     9.434     7.00    4.90
  51877.567    12.031     6.93    4.94
  52252.184    14.469     6.51    3.47
  52626.815    15.804     3.56    2.59
  53001.459    15.696    -0.29    2.46
  53376.118    14.665    -2.75    2.12
  53750.790    13.862    -2.14    1.86
  54125.477    12.811    -2.81    2.29
  54500.177    12.196    -1.64    2.30
  54874.891    11.543    -1.74    2.53
  55249.619    11.315    -0.61    2.78
  55624.361    10.397    -2.45    2.73
  55999.117     9.600    -2.12    2.63
  56373.886     9.055    -1.46    2.62
  56748.670     8.725    -0.88    2.11
  57123.467     8.600    -0.33    2.22
  57498.279     8.934     0.89    2.17
  57873.104    10.220     3.43    2.31
  58247.943    10.783     1.50    2.51
  58622.796    11.811     2.74    2.26
  58997.663    12.648     2.23    2.23
  59372.544    12.665     0.04    2.74
  59747.439    12.862     0.53    2.87
  60122.348    12.608    -0.68    2.90
  60497.270    11.852    -2.01    2.60
  60872.207    11.260    -1.58    2.35
  61247.157    11.006    -0.68    1.99
  61622.122    11.202     0.52    2.35
  61997.100    11.958     2.02    2.25
  62372.093    12.137     0.48    2.11
  62747.099    12.162     0.07    1.77
  63122.119    12.291     0.34    1.56
  63497.154    12.196    -0.25    1.85
  63872.202    12.100    -0.25    2.10
  64247.264    11.787    -0.84    1.99
  64622.340    12.662     2.33    2.75
  64997.430    13.194     1.42    3.04
  65372.534    14.299     2.94    4.09
  65747.653    14.833     1.42    3.38
  66122.785    14.492    -0.91    3.03
  66497.931    14.910     1.11    3.43
  66873.091    14.701    -0.56    3.44
  67248.265    14.776     0.20    3.25
  67623.453    14.642    -0.36    2.74
  67998.655    15.458     2.17    3.09
  68373.871    16.616     3.09    2.93
  68749.101    16.982     0.98    2.74
  69124.345    18.139     3.08    2.75
  69499.603    18.445     0.81    2.73
  69874.875    19.243     2.13    2.90
  70250.161    20.720     3.93    2.62
  70625.461    21.909     3.17    2.65
  71000.775    22.933     2.73    2.89
  71376.103    22.933     0.00    2.41
  71751.445    22.836    -0.26    2.87
  72126.802    22.553    -0.75    3.26
  72502.172    21.748    -2.14    2.81
  72877.556    21.410    -0.90    2.82
  73252.954    21.260    -0.40    2.87
  73628.367    19.958    -3.47    2.52
  74003.793    20.299     0.91    2.58
  74379.234    20.714     1.10    2.46
  74754.688    20.958     0.65    2.91
  75130.157    20.767    -0.51    3.51
  75505.640    20.743    -0.06    3.84
  75881.136    19.458    -3.42    4.19
  76256.647    18.562    -2.38    3.65
  76632.172    18.720     0.42    3.47
  77007.711    17.738    -2.61    3.57
  77383.264    17.608    -0.35    3.61
  77758.831    16.811    -2.12    3.34
  78134.412    14.909    -5.07    3.15
  78510.008    14.148    -2.03    3.54
  78885.617    14.934     2.09    4.05
  79261.241    15.650     1.91    4.00
  79636.878    15.655     0.01    3.91
  80012.530    15.128    -1.40    3.35
  80388.196    13.836    -3.44    2.99
  80763.876    12.519    -3.51    2.92
  81139.570    11.747    -2.05    2.86
  81515.278    11.276    -1.25    2.79
  81891.001    11.163    -0.30    3.09
  82266.737    10.958    -0.55    2.66
  82642.488    10.795    -0.43    2.51
  83018.252    11.342     1.46    2.42
  83394.031    11.753     1.09    3.13
  83769.824    12.829     2.86    3.53
  84145.631    14.458     4.33    3.66
  84521.453    15.291     2.22    3.55
  84897.288    16.100     2.15    3.28
  85273.138    16.753     1.74    3.59
  85649.002    17.089     0.89    3.34
  86024.879    17.571     1.28    3.04
  86400.772    17.558    -0.04    3.54
  86776.678    16.027    -4.07    4.30
  87152.598    13.981    -5.44    5.34
  87528.533    11.906    -5.52    5.44
  87904.482    10.412    -3.97    5.20
  88280.445     8.221    -5.83    4.27
  88656.422     6.958    -3.36    3.19
  89032.413     5.738    -3.24    2.03
  89408.419     5.762     0.06    1.49
  89784.438     6.117     0.94    2.01
  90160.472     6.221     0.28    2.18
  90536.521     6.291     0.19    2.41
  90912.583     6.029    -0.70    2.46
  91288.659     6.689     1.76    2.21
  91664.750     7.672     2.61    2.36
  92040.855     8.265     1.58    2.92
  92416.974     8.696     1.14    3.20
  92793.108     8.714     0.05    3.22
  93169.256     7.600    -2.96    2.63
  93545.418     7.397    -0.54    2.50
  93921.594     7.519     0.32    2.86
  94297.784     8.397     2.33    3.20
  94673.989     9.226     2.20    3.38
  95050.208    10.077     2.26    3.39
  95426.441    10.696     1.65    3.22
  95802.688    10.862     0.44    3.06
  96178.950    11.376     1.37    2.74
  96555.226    11.934     1.48    2.79
  96931.516    12.665     1.94    2.98
  97307.820    12.202    -1.23    3.05
  97684.139    11.275    -2.46    2.94
  98060.472    11.097    -0.47    2.97
  98436.819    10.791    -0.81    2.84
  98813.180    10.748    -0.11    2.73
  99189.556    10.839     0.24    2.78
  99565.946    10.104    -1.95    2.03
  99942.351    10.053    -0.14    1.53
 100318.769    10.202     0.39    1.58
 100695.202    10.529     0.87    1.45
 101071.650    10.860     0.88    1.81
 101448.111    10.543    -0.84    1.86
 101824.587    11.008     1.23    2.05
 102201.077    11.148     0.37    2.25
 102577.582    10.884    -0.70    2.26
 102954.101    10.791    -0.25    2.53
 103330.634    10.683    -0.29    2.50
 103707.181    10.358    -0.86    2.44
 104083.743     9.818    -1.43    1.87
 104460.319    10.080     0.69    1.98
 104836.910    10.348     0.71    2.14
 105213.514    10.299    -0.13    2.14
 105590.134    10.083    -0.57    1.76
 105966.767    10.367     0.75    1.60
 106343.415    10.240    -0.34    1.52
 106720.077    10.862     1.65    1.61
 107096.754    10.958     0.25    1.70
 107473.445    11.376     1.11    2.44
 107850.150    12.049     1.78    3.12
 108226.870    12.573     1.39    3.43
 108603.604    12.776     0.54    3.42
 108980.352    12.910     0.36    2.94
 109357.115    13.539     1.67    2.99
 109733.892    13.934     1.05    2.84
 110110.683    14.826     2.37    2.43
 110487.489    15.026     0.53    1.99
 110864.310    14.933    -0.25    1.89
 111241.144    14.213    -1.91    2.35
 111617.994    14.053    -0.43    2.44
 111994.857    14.419     0.97    2.22
 112371.735    14.526     0.28    2.19
 112748.627    15.060     1.42    2.07
 113125.534    14.958    -0.27    1.97
 113502.455    14.910    -0.13    2.21
 113879.391    14.727    -0.49    2.21
 114256.341    13.912    -2.16    2.43
 114633.305    13.668    -0.65    2.28
 115010.284    13.787     0.32    1.84
 115387.278    14.243     1.21    1.92
 115764.285    14.470     0.60    1.57
 116141.307    13.935    -1.42    1.96
 116518.344    13.379    -1.48    2.33
 116895.395    12.505    -2.32    2.15
 117272.461    11.609    -2.38    1.57
 117647.930    11.567    -0.11    1.50
 118022.158    11.562    -0.01    1.48
 118396.400    11.701     0.37    1.43
 118770.656    12.148     1.19    1.74
 119144.927    12.811     1.77    2.12
 119519.212    12.743    -0.18    2.01
 119893.511    12.839     0.25    2.06
 120267.824    13.348     1.36    2.14
 120642.152    13.053    -0.79    2.21
 121016.494    13.124     0.19    2.08
 121390.850    13.399     0.74    1.94
 121765.220    12.934    -1.24    1.75
 122139.605    12.981     0.13    1.58
 122514.003    12.981    -0.00    1.78
 122888.417    12.748    -0.62    1.58
 123262.844    12.738    -0.03    1.68
 123637.286    13.033     0.79    1.70
 124011.742    13.100     0.18    1.63
 124386.212    13.097    -0.01    1.44
 124760.697    13.196     0.26    1.45
 125135.195    13.577     1.02    1.85
 125509.709    14.148     1.53    1.95
 125884.236    14.884     1.97    2.02
 126258.778    14.883    -0.00    2.10
 126633.334    14.243    -1.71    2.06
 127007.904    13.483    -2.03    1.68
 127382.489    13.505     0.06    1.53
 127757.088    13.481    -0.06    1.35
 128131.701    13.679     0.53    1.44
 128506.329    13.791     0.30    1.67
 128880.971    14.089     0.80    1.76
 129255.627    14.071    -0.05    1.69
 129630.298    14.348     0.74    1.70
 130004.983    14.362     0.04    1.71
 130379.682    14.592     0.61    1.79
 130754.396    14.650     0.16    1.75
 131129.124    14.753     0.28    1.52
 131503.866    14.676    -0.21    1.52
 131878.623    14.553    -0.33    1.36
 132253.394    14.702     0.40    1.57
 132628.179    14.323    -1.01    1.43
 133002.979    14.639     0.84    1.49
 133377.793    14.431    -0.56    1.35
 133752.622    14.753     0.86    1.49
 134127.464    15.172     1.12    1.79
 134502.322    15.469     0.79    1.87
 134877.193    15.362    -0.29    1.85
 135252.080    15.701     0.90    1.67
 135626.980    15.685    -0.04    1.34
 136001.895    15.547    -0.37    1.46
 136376.824    15.291    -0.68    1.36
 136751.768    15.172    -0.32    1.62
 137126.726    15.421     0.66    2.04
 137501.698    15.818     1.06    2.23
 137876.685    16.158     0.91    2.16
 138251.686    16.315     0.42    2.14
 138626.702    16.458     0.38    1.84
 139001.732    16.934     1.27    1.85
 139376.777    17.958     2.73    2.09
 139751.836    18.267     0.83    2.12
 140126.909    18.299     0.09    1.73
 140501.997    17.787    -1.37    1.70
 140877.099    17.815     0.07    1.44
 141252.216    18.243     1.14    1.64
 141627.347    18.505     0.70    1.78
 142002.493    19.120     1.64    1.88
 142377.653    19.120     0.00    1.98
 142752.827    19.196     0.20    2.17
 143128.016    19.386     0.51    2.22
 143503.220    19.421     0.09    2.23
 143878.437    19.743     0.86    2.38
 144253.670    19.958     0.57    2.01
 144628.917    20.100     0.38    1.88
 145004.178    20.458     0.95    1.86
 145379.454    20.250    -0.55    1.58
 145754.744    20.481     0.62    1.99
 146130.049    20.267    -0.57    1.97
 146505.368    20.348     0.22    1.97
 146880.702    20.505     0.42    1.70
 147256.050    20.592     0.23    1.76
 147631.413    20.858     0.71    1.68
 148006.790    20.818    -0.11    1.37
 148382.182    20.808    -0.03    1.41
 148757.588    20.934     0.34    1.79
 149133.009    21.839     2.41    2.54
 149508.444    22.283     1.18    2.45
 149883.894    22.886     1.61    2.88
 150259.359    23.445     1.49    2.96
 150634.838    23.162    -0.75    2.60
 151010.331    23.689     1.40    2.56
 151385.839    23.190    -1.33    2.17
 151761.362    23.696     1.35    2.27
 152136.899    24.168     1.26    2.20
 152512.450    24.526     0.95    2.08
 152888.016    25.163     1.70    1.96
 153263.597    24.600    -1.50    2.29
 153639.192    24.609     0.02    2.33
 154014.802    24.368    -0.64    2.46
 154390.427    24.026    -0.91    2.36
 154766.066    24.615     1.57    2.25
 155141.719    24.553    -0.17    2.16
 155517.387    24.446    -0.28    2.10
 155893.070    24.767     0.85    1.92
 156268.767    24.594    -0.46    1.67
 156644.479    24.522    -0.19    1.43
 157020.206    24.571     0.13    1.56
 157395.947    24.862     0.77    1.92
 157771.702    25.720     2.28    2.50
 158147.473    26.220     1.33    2.31
 158523.258    26.778     1.49    1.97
 158899.057    26.889     0.30    2.14
 159274.871    26.708    -0.48    1.84
 159650.700    26.886     0.48    2.09
 160026.543    26.787    -0.26    2.10
 160402.401    26.787     0.00    1.79
 160778.274    27.004     0.58    2.38
 161154.161    27.408     1.07    2.24
 161530.063    28.053     1.72    2.20
 161905.979    28.434     1.01    2.04
 162281.910    28.275    -0.42    1.98
 162657.856    28.153    -0.32    2.17
 163033.816    28.315     0.43    2.07
 163409.792    27.909    -1.08    2.27
 163785.781    27.362    -1.45    2.32
 164161.786    26.562    -2.13    1.85
 164537.805    26.077    -1.29    1.42
 164913.838    26.027    -0.13    1.55
 165289.887    25.981    -0.12    1.58
 165665.950    26.386     1.08    1.94
 166042.027    26.836     1.20    2.20
 166418.120    27.434     1.59    1.92
 166794.227    28.100     1.77    2.26
 167170.349    28.190     0.24    2.56
 167546.485    28.074    -0.31    2.55
 167922.636    27.862    -0.56    2.39
 168298.802    27.348    -1.37    2.04
 168674.983    27.665     0.84    1.95
 169051.178    28.213     1.46    2.13
 169427.388    28.505     0.78    2.25
 169803.613    29.077     1.52    2.07
 170179.852    29.445     0.98    1.82
 170556.106    29.080    -0.97    2.10
 170932.375    28.888    -0.51    2.38
 171308.658    28.791    -0.26    2.16
 171684.957    29.100     0.82    1.92
 172061.270    29.553     1.20    1.87
 172437.597    30.080     1.40    2.15
 172813.940    30.608     1.40    2.40
 173190.297    31.243     1.69    2.02
 173566.669    31.933     1.83    1.88
 173943.056    31.862    -0.19    2.09
 174319.457    31.505    -0.95    2.20
 174695.874    31.372    -0.35    2.32
 175072.305    30.958    -1.10    2.12
 175448.750    30.470    -1.29    1.88
 175825.211    30.458    -0.03    1.82
 176201.686    30.267    -0.51    1.63
 176578.176    30.492     0.60    1.65
 176954.681    30.743     0.67    1.76
 177331.201    31.111     0.98    1.87
 177707.735    31.503     1.04    1.98
 178084.285    31.323    -0.48    2.14
 178460.849    31.458     0.36    2.04
 178837.428    31.104    -0.94    1.62
 179214.021    30.800    -0.81    1.69
 179590.630    30.526    -0.73    1.92
 179967.253    30.111    -1.10    2.10
 180343.891    30.055    -0.15    2.37
 180720.544    30.516     1.22    2.26
 181097.212    30.433    -0.22    2.14
 181473.894    30.753     0.85    2.03
 181850.591    31.291     1.43    1.96
 182227.304    31.306     0.04    1.97
 182604.031    31.330     0.06    1.84
 182980.772    31.696     0.97    2.06
 183357.529    31.730     0.09    2.13
 183734.301    31.352    -1.00    2.06
 184111.087    31.685     0.88    1.98
 184487.888    31.909     0.59    2.07
 184864.704    32.862     2.53    2.24
 185241.535    34.029     3.10    2.38
 185618.381    34.368     0.90    2.17
 185995.242    34.162    -0.55    2.38
 186372.117    34.265     0.27    2.60
 186749.008    34.594     0.87    2.64
 187125.913    35.267     1.79    2.79
 187502.833    35.752     1.29    2.69
 187879.768    35.867     0.30    2.37
 188256.718    35.599    -0.71    2.36
 188633.683    34.910    -1.83    1.94
 189010.663    34.795    -0.31    1.88
 189387.658    35.258     1.23    1.99
 189764.667    35.811     1.47    1.92
