# NaN NaN NaN ;Mean Elev.(m), Avg Gradient(m/km), RMS Gradient(m/km) - SRTM1     
#    8.678  -0.141   3.200 ;Mean Elev.(m), Avg Gradient(m/km), RMS Gradient(m/km) - ASTER GDEM
#   23.915  -0.152   1.353 ;Mean Elev.(m), Avg Gradient(m/km), RMS Gradient(m/km) - GMTED2010 
  8  87.836822  25.061738    26.525    26.469  3 52499.18387068 28.536
 10  87.838968  25.059977    23.909    23.902  3 52569.18388731 50.492
 11  87.833414  25.061109    26.285    26.709  3 52604.18387260 19.677
 12  87.837430  25.061934    23.277    23.292  3 52639.18385211 38.799
 13  87.835585  25.060774    25.453    25.906  3 52674.18384892 18.834
 14  87.837946  25.059772    23.225    23.227  3 52709.18386298 45.802
 15  87.829432  25.060047    24.381    24.381  2 52744.18389246 27.637
 17  87.836452  25.059873    27.325    26.192  3 52814.18391173 22.055
 18  87.838847  25.061141    25.393    25.371  4 52849.18396440 45.437
 19  87.833656  25.061279    26.863    26.863  2 52884.18400014 32.079
 20  87.836390  25.061876    26.884    26.830  3 52919.18395641 33.602
 21  87.844415  25.058748    24.069    24.079  4 52954.18391997 50.115
 22  87.846459  25.059740    24.777    24.678  4 52989.18392821 21.996
 23  87.842461  25.060055    23.428    23.431  4 53024.18391231 48.579
 24  87.846089  25.058939    23.379    23.377  5 53059.18390939 49.320
 25  87.827955  25.061478    24.543    24.543  2 53094.18394716 22.629
 26  87.843796  25.059028    23.552    23.114  4 53129.18391856 17.829
 28  87.837848  25.061499    26.426    26.501  3 53199.18398747 27.235
 29  87.844175  25.058509    25.614    25.613  4 53234.18395794 30.689
 58  87.837007  25.060135    23.180    23.168  3 54249.18391087 32.957
 59  87.838045  25.061795    24.794    25.040  3 54284.18391879 19.360
 60  87.838210  25.060071    26.960    26.849  3 54319.18391659 33.428
 61  87.836197  25.061674    26.948    26.920  3 54354.18387980 48.257
 62  87.838542  25.060686    25.271    25.173  4 54389.18385677 34.853
 63  87.836348  25.061866    26.547    26.563  3 54424.18382990 17.005
 64  87.840190  25.060487    23.440    23.439  3 54459.18383198 46.200
 66  87.840484  25.060511    24.301    24.081  3 54529.18384478 18.039
 67  87.834823  25.060848    23.059    23.056  3 54564.18384134 46.883
 68  87.837391  25.060316    23.326    23.331  3 54599.18384016 48.109
 69  87.836153  25.061624    26.209    26.241  3 54634.18385295 18.520
 70  87.835546  25.060431    26.530    26.586  3 54669.18385782 31.626
 71  87.837009  25.061017    27.077    27.063  3 54704.18382150 34.975
 72  87.838795  25.059807    25.730    25.738  3 54739.18382038 32.432
 73  87.837076  25.060073    23.771    23.723  3 54774.18380333 33.531
 74  87.838769  25.059722    23.384    23.417  3 54809.18381372 35.233
 75  87.836929  25.062553    23.283    23.277  3 54844.18380071 44.178
 76  87.836589  25.060610    24.148    23.414  3 54879.18381729 29.704
 77  87.833191  25.060469    23.247    23.247  2 54914.18380525 32.980
 78  87.836315  25.059804    25.321    25.357  3 54949.18380901 18.721
 79  87.836139  25.062593    23.228    23.260  3 54984.18383393 41.448
 80  87.837578  25.059639    27.798    29.420  3 55019.18383086 20.859
 81  87.837843  25.061368    28.332    29.073  3 55054.18382628 21.239
 82  87.834377  25.060966    25.425    25.425  2 55089.18378743 46.158
 83  87.838995  25.060016    24.772    24.725  4 55124.18376407 41.216
 84  87.834857  25.060322    24.518    23.470  3 55159.18374859 32.291
 85  87.839068  25.060609    23.366    23.358  4 55194.18375371 51.071
 87  87.838479  25.061230    24.383    24.147  3 55264.18374901 22.833
 88  87.835898  25.060844    25.027    25.307  3 55299.18373314 17.109
 89  87.836096  25.062247    24.670    24.905  3 55334.18372630 14.863
 90  87.837192  25.060174    24.467    24.733  3 55369.18371812 20.514
 91  87.839295  25.059930    24.951    24.898  3 55404.18373454 20.304
 92  87.837743  25.060849    26.461    26.318  3 55439.18373597 38.485
 93  87.835682  25.060883    25.654    25.597  3 55474.18368292 33.762
