-220854.644  1237.701     0.00  234.31
-220478.619  1294.599   151.34  237.09
-220102.609  1353.202   155.88  219.27
-219726.616  1440.752   232.89  187.06
-219350.637  1526.871   229.10  159.06
-218974.675  1622.829   255.28  139.57
-218598.727  1737.847   306.00  137.63
-218222.796  1857.620   318.66  148.06
-217846.880  1961.131   275.41  126.99
-217470.979  2015.550   144.80  119.68
-217095.094  1971.347  -117.62  185.53
-216719.224  1877.719  -249.14  237.72
-216343.370  1777.490  -266.72  221.51
-215967.532  1723.248  -144.35  206.68
-215591.709  1728.806    14.79  198.05
-215215.901  1763.014    91.04  176.95
-214840.109  1819.646   150.73  177.24
-214464.333  1885.538   175.38  164.13
-214088.571  1949.760   170.94  159.26
-213712.826  2013.063   168.50  124.22
-213337.096  2065.202   138.79   93.83
-212961.381  2092.847    73.59   69.66
-212585.682  2080.942   -31.69   80.34
-212209.998  2031.490  -131.66  108.46
-211834.330  1993.085  -102.25  106.73
-211458.678  1957.704   -94.20  109.83
-211083.040  1922.061   -94.90  123.54
-210707.418  1876.132  -122.30  145.33
-210331.812  1815.752  -160.78  167.29
-209956.221  1779.574   -96.34  181.04
-209580.646  1760.085   -51.90  198.84
-209205.086  1760.061    -0.06  212.05
-208829.541  1753.561   -17.31  198.61
-208454.012  1728.155   -67.67  201.88
-208078.498  1659.402  -183.12  193.69
-207703.000  1562.085  -259.21  198.19
-207327.517  1477.481  -225.36  210.51
-206952.050  1442.485   -93.22  211.03
-206576.598  1436.942   -14.77  206.16
-206201.161  1421.776   -40.40  163.46
-205825.740  1340.228  -217.25  154.07
-205450.334  1196.990  -381.62  202.51
-205074.944  1037.235  -425.64  187.28
-204699.569   917.403  -319.29  160.11
-204324.209   794.354  -327.87  131.28
-203948.865   717.585  -204.56  104.98
-203573.536   672.752  -119.47   81.37
-203198.223   662.710   -26.76   76.06
-202822.925   659.222    -9.30   76.96
-202447.642   603.342  -148.93  120.04
-202072.375   519.039  -224.69  145.23
-201697.123   432.225  -231.39  113.26
-201321.886   387.806  -118.39   65.37
-200946.665   368.790   -50.69   53.28
-200571.459   372.375     9.56   55.49
-200196.269   366.813   -14.83   56.76
-199821.093   344.685   -58.99   65.47
-199445.934   301.574  -114.93   68.05
-199070.789   256.300  -120.70   44.91
-198695.660   228.675   -73.65   22.01
-198320.546   219.017   -25.75   16.58
-197945.448   214.188   -12.88   13.00
-197570.364   211.442    -7.32   10.58
-197195.297   209.335    -5.62   11.40
-196820.244   207.585    -4.67   10.37
-196445.207   200.222   -19.64   12.06
-196070.185   193.401   -18.19   11.75
-195695.178   187.472   -15.81    9.66
-195320.187   182.899   -12.20    6.03
-194945.211   182.597    -0.81    5.71
-194570.251   182.039    -1.49    6.29
-194195.305   181.342    -1.86    5.58
-193820.375   179.472    -4.99    5.24
-193445.460   177.598    -5.00    3.99
-193070.561   176.768    -2.21    4.02
-192695.676   175.178    -4.24    4.95
-192320.808   172.183    -7.99    6.30
-191945.954   168.155   -10.75    7.14
-191571.115   164.137   -10.72    7.27
-191196.292   159.061   -13.54    5.14
-190821.484   154.847   -11.25    4.67
-190446.692   151.038   -10.17    4.89
-190071.914   147.204   -10.23    3.95
-189697.152   144.451    -7.35    3.46
-189322.405   141.538    -7.78    3.50
-188947.673   139.347    -5.85    3.07
-188572.957   137.388    -5.23    3.04
-188198.256   135.457    -5.15    3.30
-187823.570   133.704    -4.68    3.36
-187448.899   131.841    -4.97    2.96
-187074.244   129.969    -5.00    2.61
-186699.603   128.538    -3.82    2.37
-186324.978   127.300    -3.31    2.21
-185950.368   126.574    -1.94    1.91
-185575.774   126.276    -0.80    2.29
-185201.194   125.969    -0.82    2.51
-184826.630   125.388    -1.55    2.80
-184452.081   125.109    -0.75    2.69
-184077.547   124.419    -1.84    3.22
-183703.028   123.395    -2.73    3.95
-183328.525   121.800    -4.26    4.22
-182954.036   119.853    -5.20    4.01
-182579.563   117.994    -4.96    3.40
-182205.105   116.014    -5.29    3.23
-181830.662   113.631    -6.37    3.74
-181456.235   111.038    -6.93    4.43
-181081.822   108.402    -7.04    4.27
-180707.425   105.466    -7.84    3.18
-180333.043   103.395    -5.53    2.08
-179958.676   102.157    -3.31    2.04
-179584.324   100.585    -4.20    2.16
-179209.987    98.966    -4.33    2.67
-178835.666    96.942    -5.41    2.90
-178461.359    95.135    -4.83    2.68
-178087.068    93.244    -5.05    2.65
-177712.792    91.573    -4.47    2.55
-177338.531    90.300    -3.40    2.28
-176964.285    88.942    -3.63    2.01
-176590.054    87.785    -3.09    2.29
-176215.838    86.517    -3.39    2.85
-175841.638    84.906    -4.31    3.38
-175467.452    82.295    -6.98    3.96
-175093.282    79.504    -7.46    4.41
-174719.127    77.969    -4.10    3.82
-174344.987    75.608    -6.31    3.02
-173970.861    74.164    -3.86    2.78
-173596.751    73.290    -2.34    3.46
-173222.657    72.342    -2.53    3.79
-172846.635    71.527    -2.17    4.00
-172469.520    70.800    -1.93    4.13
-172092.420    69.572    -3.25    4.03
-171715.335    68.313    -3.34    3.53
-171338.266    66.572    -4.62    2.99
-170961.213    65.085    -3.94    2.81
-170584.174    64.062    -2.71    2.52
-170207.151    63.060    -2.66    2.07
-169830.143    62.449    -1.62    2.13
-169453.151    62.033    -1.10    2.04
-169076.174    61.267    -2.03    2.54
-168699.212    60.248    -2.70    2.67
-168322.265    58.992    -3.33    2.19
-167945.334    58.563    -1.14    1.99
-167568.418    58.085    -1.27    1.91
-167191.517    57.494    -1.57    1.63
-166814.632    57.280    -0.57    1.81
-166437.762    56.922    -0.95    1.69
-166060.907    56.538    -1.02    1.85
-165684.067    55.854    -1.81    1.86
-165307.243    55.131    -1.92    1.93
-164930.434    54.743    -1.03    1.58
-164553.640    54.419    -0.86    1.60
-164176.862    53.620    -2.12    1.67
-163800.099    53.085    -1.42    1.53
-163423.351    52.858    -0.60    1.27
-163046.618    52.954     0.25    1.51
-162669.900    53.633     1.80    1.98
-162293.198    53.899     0.71    1.93
-161916.511    53.704    -0.52    1.95
-161539.839    53.295    -1.09    2.13
-161163.183    52.701    -1.58    1.74
-160786.541    52.313    -1.03    1.27
-160409.915    52.085    -0.60    1.19
-160033.304    51.776    -0.82    1.72
-159656.709    50.847    -2.47    2.07
-159280.128    49.935    -2.42    2.52
-158903.563    49.040    -2.38    2.28
-158527.013    48.235    -2.14    1.97
-158150.478    48.061    -0.46    2.02
-157773.958    48.014    -0.13    1.87
-157397.454    48.183     0.45    2.05
-157020.965    48.178    -0.01    1.95
-156644.490    48.256     0.21    1.97
-156268.032    48.038    -0.58    2.07
-155891.588    47.597    -1.17    2.18
-155515.159    47.871     0.73    2.31
-155138.746    47.490    -1.01    2.24
-154762.348    47.680     0.51    2.92
-154385.964    46.966    -1.90    3.03
-154009.597    46.866    -0.27    3.15
-153633.244    46.853    -0.03    3.18
-153256.906    46.942     0.24    2.74
-152880.584    47.038     0.25    2.33
-152504.276    46.871    -0.44    2.16
-152127.984    46.347    -1.39    2.21
-151751.707    45.180    -3.10    2.59
-151375.445    44.176    -2.67    1.97
-150999.198    43.609    -1.51    1.60
-150622.967    43.271    -0.90    1.78
-150246.750    42.736    -1.42    1.80
-149870.549    42.427    -0.82    1.65
-149494.363    42.329    -0.26    1.64
-149118.191    42.180    -0.40    1.66
-148742.035    41.829    -0.93    1.94
-148365.894    41.178    -1.73    2.06
-147989.768    40.667    -1.36    2.17
-147613.658    40.966     0.80    2.12
-147237.562    41.157     0.51    2.34
-146861.481    41.667     1.36    2.26
-146485.416    42.109     1.18    2.10
-146109.365    41.667    -1.18    2.35
-145733.330    41.442    -0.60    2.31
-145357.310    40.992    -1.20    2.17
-144981.304    40.561    -1.15    1.99
-144605.314    40.466    -0.25    1.79
-144229.339    40.538     0.19    1.64
-143853.379    40.633     0.25    1.70
-143477.434    40.388    -0.65    1.78
-143101.504    40.204    -0.49    2.06
-142725.589    39.597    -1.62    2.00
-142349.690    39.922     0.87    2.10
-141973.805    39.800    -0.33    2.44
-141597.935    39.538    -0.70    2.41
-141222.080    39.132    -1.08    2.76
-140846.241    38.573    -1.49    2.30
-140470.416    38.235    -0.90    2.21
-140094.606    38.527     0.78    2.17
-139718.812    40.207     4.47    2.28
-139343.032    41.109     2.40    2.40
-138967.267    41.252     0.38    2.34
-138591.518    41.180    -0.19    2.39
-138215.783    41.157    -0.06    2.64
-137840.064    40.675    -1.28    2.67
-137464.359    40.783     0.29    2.75
-137088.669    41.300     1.38    2.34
-136712.995    40.992    -0.82    1.97
-136337.335    40.776    -0.58    2.04
-135961.691    40.191    -1.56    2.04
-135586.061    39.585    -1.61    1.89
-135210.446    39.585     0.00    2.03
-134834.847    39.134    -1.20    1.99
-134459.262    39.180     0.12    2.05
-134083.692    39.235     0.15    2.09
-133708.137    39.131    -0.28    2.28
-133332.597    39.162     0.08    2.32
-132957.072    39.015    -0.39    2.46
-132581.562    38.992    -0.06    2.64
-132206.067    39.276     0.76    2.56
-131830.587    38.335    -2.50    2.81
-131455.122    38.191    -0.39    3.14
-131079.672    37.131    -2.82    3.02
-130704.237    36.810    -0.85    2.52
-130328.816    36.829     0.05    2.26
-129953.411    37.204     1.00    2.04
-129578.020    37.419     0.57    1.80
-129202.645    36.381    -2.77    2.46
-128827.284    35.612    -2.05    2.38
-128451.938    34.378    -3.29    2.23
-128076.608    33.620    -2.02    1.97
-127701.292    33.036    -1.56    1.64
-127325.991    32.903    -0.35    1.82
-126950.704    32.290    -1.63    1.58
-126575.433    32.490     0.53    1.50
-126200.177    32.657     0.44    1.84
-125824.935    32.895     0.63    1.95
-125449.709    33.109     0.57    2.05
-125074.497    33.960     2.27    2.48
-124699.300    34.271     0.83    2.52
-124324.118    34.485     0.57    2.54
-123948.951    33.817    -1.78    2.42
-123573.799    32.899    -2.45    2.12
-123198.661    32.671    -0.61    2.10
-122823.539    31.657    -2.70    2.01
-122448.431    30.585    -2.86    1.60
-122073.338    30.061    -1.40    1.73
-121698.260    29.395    -1.78    1.79
-121323.197    28.946    -1.20    1.67
-120948.149    28.895    -0.14    1.73
-120573.115    29.419     1.40    2.02
-120198.096    29.466     0.13    1.95
-119823.093    29.490     0.06    2.25
-119448.104    29.597     0.29    2.19
-119073.129    28.597    -2.67    1.97
-118698.170    27.922    -1.80    2.00
-118323.225    27.620    -0.81    1.78
-117948.296    27.323    -0.79    1.68
-117573.381    27.248    -0.20    1.43
-117198.481    26.966    -0.75    1.53
-116823.595    27.323     0.95    2.20
-116448.725    27.597     0.73    2.95
-116073.869    27.466    -0.35    3.04
-115699.028    27.133    -0.89    3.11
-115324.202    26.919    -0.57    3.04
-114949.390    26.817    -0.27    2.56
-114574.593    26.510    -0.82    2.23
-114199.812    26.990     1.28    2.57
-113825.044    27.500     1.36    2.58
-113450.292    27.752     0.67    2.28
-113075.555    27.752     0.00    2.10
-112700.832    27.752     0.00    2.31
-112326.124    27.323    -1.14    2.06
-111951.430    26.829    -1.32    1.74
-111576.752    26.585    -0.65    2.01
-111202.088    25.866    -1.92    2.09
-110827.439    25.109    -2.02    1.88
-110452.804    24.427    -1.82    1.81
-110078.185    24.112    -0.84    1.85
-109703.580    23.949    -0.43    1.71
-109328.990    23.624    -0.87    1.70
-108954.414    23.371    -0.67    1.44
-108579.854    23.411     0.11    1.43
-108205.308    23.460     0.13    1.51
-107830.776    23.881     1.12    2.15
-107456.260    24.506     1.67    2.56
-107081.758    25.176     1.79    2.59
-106707.271    25.271     0.25    2.43
-106332.798    25.202    -0.19    2.56
-105958.340    25.039    -0.43    2.71
-105583.897    25.316     0.74    2.79
-105209.469    25.108    -0.56    2.83
-104835.055    25.510     1.07    2.48
-104460.656    24.942    -1.52    2.37
-104086.272    24.466    -1.27    2.50
-103711.902    24.183    -0.76    2.28
-103337.547    23.903    -0.75    2.26
-102963.206    23.701    -0.54    2.29
-102588.881    23.180    -1.39    2.10
-102214.570    22.633    -1.46    1.81
-101840.273    22.204    -1.15    1.60
-101465.992    22.300     0.25    1.77
-101091.724    22.110    -0.51    2.31
-100717.472    21.719    -1.04    2.42
-100343.234    21.183    -1.43    2.30
 -99969.011    20.466    -1.92    2.14
 -99594.802    19.776    -1.85    1.62
 -99220.608    19.180    -1.59    1.46
 -98846.429    19.267     0.23    1.33
 -98472.264    19.667     1.07    1.75
 -98098.114    19.988     0.86    2.06
 -97721.584    20.185     0.52    2.37
 -97344.517    20.207     0.06    2.48
 -96967.465    19.899    -0.82    2.49
 -96590.428    19.481    -1.11    2.54
 -96213.406    19.252    -0.61    2.43
 -95836.398    19.036    -0.57    2.47
 -95459.406    18.895    -0.38    2.64
 -95082.428    18.806    -0.24    2.58
 -94705.465    18.276    -1.41    2.48
 -94328.517    18.919     1.71    2.41
 -93951.583    19.155     0.63    2.43
 -93574.665    19.466     0.83    2.37
 -93197.761    19.915     1.19    2.13
 -92820.872    19.915     0.00    2.02
 -92443.998    19.109    -2.14    1.91
 -92067.139    18.680    -1.14    1.82
 -91690.294    18.252    -1.14    1.64
 -91313.465    17.719    -1.41    1.43
 -90936.650    17.466    -0.67    1.34
 -90559.850    17.260    -0.55    1.41
 -90183.065    17.133    -0.34    1.64
 -89806.294    17.609     1.26    2.09
 -89429.538    18.300     1.83    2.19
 -89052.797    18.109    -0.51    2.48
 -88676.071    17.290    -2.17    2.56
 -88299.360    16.527    -2.03    2.02
 -87922.663    16.524    -0.01    2.23
 -87545.981    16.776     0.67    2.14
 -87169.314    17.134     0.95    2.45
 -86792.662    17.265     0.35    2.26
 -86416.024    16.563    -1.86    2.19
 -86039.401    16.134    -1.14    2.21
 -85662.793    15.256    -2.33    1.99
 -85286.200    14.990    -0.71    1.92
 -84909.621    14.915    -0.20    2.02
 -84533.057    14.699    -0.57    2.19
 -84156.508    14.931     0.62    2.25
 -83779.974    14.657    -0.73    2.19
 -83403.454    14.466    -0.51    2.14
 -83026.949    13.783    -1.81    2.19
 -82650.459    13.358    -1.13    1.90
 -82273.983    13.137    -0.59    1.85
 -81897.522    13.176     0.11    1.81
 -81521.076    13.442     0.71    1.83
 -81144.645    13.295    -0.39    1.73
 -80768.228    13.481     0.49    1.61
 -80391.826    14.085     1.61    1.82
 -80015.439    13.517    -1.51    1.97
 -79639.066    13.360    -0.42    2.29
 -79262.708    12.858    -1.33    2.51
 -78886.365    12.514    -0.91    2.23
 -78510.036    12.316    -0.53    2.03
 -78133.722    12.063    -0.67    2.05
 -77757.423    12.496     1.15    2.14
 -77381.138    12.442    -0.14    2.15
 -77004.868    12.388    -0.15    2.38
 -76628.613    12.685     0.79    2.53
 -76252.372    12.358    -0.87    2.35
 -75876.146    12.954     1.58    2.28
 -75499.935    12.574    -1.01    2.31
 -75123.738    12.085    -1.30    2.16
 -74747.556    11.728    -0.95    2.06
 -74371.389    11.108    -1.65    1.69
 -73995.236    10.624    -1.29    2.29
 -73619.098    10.653     0.08    2.40
 -73242.974    10.585    -0.18    2.35
 -72866.865    10.395    -0.51    2.18
 -72490.771    10.490     0.25    2.25
 -72114.691    10.285    -0.54    2.29
 -71738.626     9.504    -2.08    2.07
 -71362.576     9.385    -0.32    1.92
 -70986.540     9.500     0.30    1.70
 -70610.519     8.988    -1.36    1.80
 -70234.512     8.671    -0.84    1.77
 -69858.520     8.276    -1.05    1.45
 -69482.543     8.207    -0.18    1.66
 -69106.580     8.252     0.12    1.81
 -68730.632     8.323     0.19    1.88
 -68354.698     8.038    -0.76    1.87
 -67978.779     7.841    -0.52    1.58
 -67602.874     7.966     0.33    1.70
 -67226.984     8.347     1.01    2.11
 -66851.109     8.752     1.08    2.02
 -66475.248     9.248     1.32    2.05
 -66099.402     9.609     0.96    1.99
 -65723.570     9.690     0.22    2.25
 -65347.753     9.574    -0.31    2.14
 -64971.950     9.014    -1.49    2.17
 -64596.162     8.671    -0.91    2.01
 -64220.388     8.823     0.41    1.93
 -63844.629     8.800    -0.06    1.92
 -63468.885     8.946     0.39    2.00
 -63093.155     9.252     0.81    1.99
 -62717.440     8.783    -1.25    2.03
 -62341.739     8.823     0.11    2.21
 -61966.052     8.609    -0.57    1.86
 -61590.381     8.609     0.00    1.64
 -61214.723     8.988     1.01    1.50
 -60839.080     8.823    -0.44    1.45
 -60463.452     8.704    -0.32    1.68
 -60087.838     8.012    -1.84    1.27
 -59712.239     7.939    -0.19    1.51
 -59336.654     7.752    -0.50    1.41
 -58961.084     8.207     1.21    1.45
 -58585.528     8.768     1.49    1.93
 -58209.987     9.475     1.88    2.14
 -57834.460     9.985     1.36    2.36
 -57458.947     9.992     0.02    2.26
 -57083.449    10.008     0.04    2.24
 -56707.966     9.990    -0.05    1.87
 -56332.497     9.871    -0.32    1.91
 -55957.042     9.853    -0.05    1.81
 -55581.602     9.667    -0.50    1.38
 -55206.177    10.033     0.97    1.58
 -54830.766     9.972    -0.16    1.51
 -54455.369     9.963    -0.02    1.58
 -54079.987    10.271     0.82    1.95
 -53704.619    10.633     0.96    2.11
 -53329.265    10.880     0.66    2.30
 -52953.927    10.449    -1.15    2.30
 -52578.602     9.931    -1.38    2.13
 -52203.292     9.776    -0.41    1.98
 -51827.996     9.752    -0.06    2.32
 -51452.715     9.510    -0.64    2.45
 -51077.448     9.358    -0.41    2.44
 -50702.196     9.059    -0.80    2.73
 -50326.958     8.713    -0.92    2.18
 -49951.734     8.527    -0.50    2.41
 -49576.525     8.371    -0.42    2.16
 -49201.330     7.926    -1.19    2.15
 -48826.150     7.854    -0.19    2.32
 -48450.984     6.752    -2.94    2.11
 -48075.832     6.158    -1.58    2.04
 -47700.695     5.919    -0.64    1.92
 -47325.572     6.085     0.44    1.72
 -46950.464     6.866     2.08    2.38
 -46575.370     7.657     2.11    2.50
 -46200.290     7.935     0.74    2.30
 -45825.225     8.378     1.18    2.29
 -45450.174     7.490    -2.37    2.37
 -45075.137     6.728    -2.03    2.37
 -44700.115     6.609    -0.32    2.48
 -44325.107     6.225    -1.02    2.50
 -43950.114     6.207    -0.05    2.51
 -43575.135     5.451    -2.02    2.62
 -43200.170     4.990    -1.23    2.21
 -42825.219     5.276     0.76    2.11
 -42450.283     5.155    -0.32    2.44
 -42075.361     4.823    -0.88    2.44
 -41700.454     4.990     0.44    2.26
 -41325.561     4.988    -0.01    1.77
 -40950.682     4.752    -0.63    1.52
 -40575.817     5.232     1.28    1.48
 -40200.967     4.990    -0.64    1.41
 -39826.131     5.012     0.06    1.89
 -39451.310     4.680    -0.88    1.80
 -39076.503     4.841     0.43    1.89
 -38701.710     5.180     0.90    1.99
 -38326.931     5.316     0.36    1.83
 -37952.167     5.504     0.50    1.75
 -37577.417     6.012     1.36    1.85
 -37202.681     5.990    -0.06    1.97
 -36827.959     5.646    -0.92    2.05
 -36453.252     5.612    -0.09    2.02
 -36078.559     5.813     0.54    2.76
 -35703.880     6.235     1.13    2.94
 -35329.216     6.475     0.64    2.94
 -34954.566     6.597     0.32    2.90
 -34579.930     6.367    -0.61    2.67
 -34205.309     5.426    -2.51    2.67
 -33830.701     4.521    -2.42    2.47
 -33456.108     4.244    -0.74    2.50
 -33081.529     3.680    -1.51    2.27
 -32706.965     3.371    -0.83    2.24
 -32332.414     3.426     0.15    1.99
 -31957.878     3.213    -0.57    1.75
 -31583.357     3.176    -0.10    2.00
 -31208.849     2.470    -1.89    1.70
 -30834.356     2.895     1.13    2.46
 -30459.876     3.427     1.42    2.89
 -30085.411     3.280    -0.39    2.92
 -29710.961     3.108    -0.46    2.74
 -29336.524     2.638    -1.26    2.16
 -28962.102     2.204    -1.16    1.77
 -28587.694     1.800    -1.08    1.77
 -28213.300     1.866     0.18    1.90
 -27838.920     1.963     0.26    2.30
 -27464.555     1.885    -0.21    2.26
 -27090.204     2.329     1.19    2.28
 -26715.867     2.752     1.13    2.39
 -26341.544     2.992     0.64    2.06
 -25967.235     3.180     0.50    2.15
 -25592.940     3.466     0.76    2.20
 -25218.660     3.657     0.51    2.37
 -24844.394     3.853     0.52    2.65
 -24470.142     4.256     1.08    2.94
 -24095.904     4.671     1.11    2.96
 -23721.680     4.622    -0.13    2.95
 -23347.471     4.442    -0.48    2.61
 -22973.276     3.573    -2.32    2.16
 -22596.255     3.204    -0.98    1.45
 -22219.228     3.573     0.98    1.47
 -21842.216     3.985     1.09    1.39
 -21465.218     4.434     1.19    1.48
 -21088.235     4.347    -0.23    1.59
 -20711.266     4.305    -0.11    1.42
 -20334.311     4.133    -0.46    1.36
 -19957.371     4.232     0.26    1.42
 -19580.445     4.402     0.45    1.51
 -19203.534     4.323    -0.21    1.59
 -18826.636     4.305    -0.05    1.65
 -18449.754     4.207    -0.26    1.62
 -18072.885     3.232    -2.59    2.01
 -17696.031     3.235     0.01    2.38
 -17319.191     3.318     0.22    2.59
 -16942.365     3.597     0.74    2.66
 -16565.554     3.490    -0.29    2.35
 -16188.757     3.680     0.51    2.00
 -15811.975     3.866     0.49    1.75
 -15435.207     4.271     1.08    1.99
 -15058.453     4.778     1.34    1.94
 -14681.713     4.966     0.50    1.43
 -14304.988     4.228    -1.96    1.57
 -13928.277     4.318     0.24    1.84
 -13551.580     4.364     0.12    2.25
 -13174.898     4.547     0.48    2.53
 -12798.230     4.926     1.01    2.31
 -12421.576     4.752    -0.46    1.84
 -12044.936     4.597    -0.41    1.62
 -11668.311     4.364    -0.62    1.71
 -11291.700     4.112    -0.67    1.84
 -10915.104     3.699    -1.10    1.87
 -10538.521     3.510    -0.50    2.06
 -10161.953     3.574     0.17    2.21
  -9785.399     3.585     0.03    2.07
  -9408.860     3.470    -0.31    1.77
  -9032.334     3.176    -0.78    2.07
  -8655.823     2.803    -0.99    1.93
  -8279.326     2.719    -0.22    1.88
  -7902.844     2.207    -1.36    1.91
  -7526.375     2.185    -0.06    1.43
  -7149.921     1.926    -0.69    1.68
  -6773.482     1.769    -0.42    1.99
  -6397.056     1.939     0.45    2.03
  -6020.645     1.411    -1.40    2.13
  -5644.247     1.695     0.75    1.76
  -5267.864     2.063     0.98    1.27
  -4891.496     2.111     0.13    1.50
  -4515.141     1.609    -1.33    1.88
  -4138.801     0.876    -1.95    2.12
  -3762.475     0.300    -1.53    2.36
  -3386.163    -0.105    -1.08    2.28
  -3009.865     0.188     0.78    2.71
  -2633.582     1.847     4.41    3.53
  -2257.313     3.535     4.49    3.49
  -1881.058     4.061     1.40    3.24
  -1504.817     3.871    -0.51    3.10
  -1128.590     3.207    -1.76    2.35
   -752.378     2.329    -2.33    2.37
   -376.179     1.160    -3.11    2.26
      0.005     0.378    -2.08    2.08
    376.175     1.378     2.66    4.00
    752.331     3.776     6.37    5.09
   1128.472     6.232     6.53    4.12
   1504.600     7.481     3.32    2.85
   1880.713     7.371    -0.29    2.66
   2256.812     6.435    -2.49    2.36
   2632.897     5.228    -3.21    2.54
   3008.968     4.178    -2.79    1.59
   3385.025     3.899    -0.74    1.50
   3761.067     3.633    -0.71    1.77
   4137.096     4.110     1.27    1.89
   4513.110     3.500    -1.62    1.90
   4889.110     3.039    -1.23    1.77
   5265.096     2.847    -0.51    1.79
   5641.068     2.204    -1.71    2.09
   6017.026     1.895    -0.82    2.10
   6392.970     1.183    -1.89    1.69
   6768.899     1.061    -0.32    1.62
   7144.814     0.919    -0.38    1.12
   7520.716     0.988     0.18    1.26
   7896.603     1.204     0.58    1.40
   8272.476     1.671     1.24    1.79
   8648.335     2.185     1.37    1.86
   9024.180     2.276     0.24    2.28
   9400.011     2.213    -0.17    2.75
   9775.828     1.871    -0.91    2.80
  10151.630     3.204     3.55    5.09
  10527.419     5.062     4.94    6.33
  10903.194     5.371     0.82    4.81
  11278.954     5.880     1.35    3.09
  11654.700     7.131     3.33    3.12
  12030.433    11.768    12.34    9.35
  12406.151    20.992    24.55   19.63
  12781.855    35.323    38.14   24.64
  13157.545    48.427    34.88   22.79
  13533.221    53.017    12.22   18.27
  13908.883    58.265    13.97   19.60
  14284.531    63.378    13.61   27.29
  14660.165    67.823    11.83   31.93
  15035.785    67.880     0.15   35.42
  15411.391    60.131   -20.63   36.56
  15786.983    49.496   -28.32   32.55
  16162.561    37.134   -32.91   25.55
  16538.124    26.657   -27.90   14.19
  16913.674    21.427   -13.93    7.04
  17289.210    17.835    -9.56    5.60
  17664.732    15.572    -6.03    4.12
  18040.239    12.561    -8.02    3.85
  18415.733    10.760    -4.80    3.87
  18791.213     8.966    -4.78    3.37
  19166.678     7.419    -4.12    2.50
  19542.130     6.485    -2.49    2.34
  19917.568     5.704    -2.08    2.11
  20292.992     5.310    -1.05    2.27
  20668.401     4.823    -1.30    2.01
  21043.797     5.036     0.57    2.02
  21419.179     5.395     0.95    2.16
  21794.547     5.451     0.15    2.06
  22169.900     6.204     2.01    2.30
  22545.240     6.280     0.20    2.10
  22920.566     6.442     0.43    2.36
  23295.878     6.990     1.46    2.61
  23671.176     6.876    -0.30    2.86
  24046.460     6.969     0.25    2.79
  24421.730     6.524    -1.18    2.31
  24796.986     5.960    -1.50    1.57
  25172.228     6.061     0.27    1.74
  25547.456     6.295     0.62    1.96
  25922.671     6.646     0.94    2.29
  26297.871     6.633    -0.04    2.31
  26673.057     6.038    -1.59    2.16
  27048.230     6.210     0.46    2.10
  27423.388     6.256     0.12    1.76
  27798.533     6.323     0.18    1.72
  28173.663     6.939     1.64    1.73
  28548.780     6.988     0.13    1.53
  28923.883     7.427     1.17    1.49
  29298.972     8.060     1.69    1.69
  29674.047     8.667     1.62    1.76
  30049.108     9.316     1.73    1.75
  30424.155     9.919     1.61    1.94
  30799.189     9.966     0.13    2.13
  31174.208     9.561    -1.08    2.04
  31549.214     8.899    -1.77    1.79
  31924.205     8.506    -1.05    1.62
  32299.183     8.085    -1.12    1.45
  32674.147     7.760    -0.87    1.51
  33049.097     7.527    -0.62    1.68
  33424.033     7.157    -0.99    1.30
  33798.955     7.496     0.90    1.19
  34173.864     7.767     0.72    1.16
  34548.758     8.188     1.12    1.62
  34923.639     9.183     2.65    2.06
  35298.506    10.768     4.23    2.44
  35673.359    12.646     5.01    3.19
  36048.198    14.472     4.87    3.55
  36423.023    15.269     2.13    3.40
  36797.835    16.061     2.11    3.26
  37172.632    16.895     2.22    2.90
  37547.416    18.549     4.41    3.40
  37922.186    20.939     6.38    4.12
  38296.942    26.585    15.07   12.14
  38671.685    34.817    21.97   16.48
  39046.413    40.378    14.84   15.22
  39421.128    43.109     7.29   13.08
  39795.828    44.036     2.48   10.22
  40170.516    45.514     3.94    7.76
  40545.189    50.561    13.47   10.55
  40919.848    52.204     4.38   10.20
  41294.494    50.646    -4.16   11.48
  41669.126    44.210   -17.18   12.40
  42043.744    40.695    -9.38   10.41
  42418.348    38.300    -6.39   10.92
  42792.938    37.036    -3.37   12.53
  43167.515    33.109   -10.48   15.39
  43542.078    28.310   -12.81   15.92
  43916.627    20.134   -21.83   10.34
  44291.162    14.854   -14.10    4.39
  44665.684    13.347    -4.02    2.41
  45040.191    14.524     3.14    3.57
  45414.685    16.419     5.06    3.80
  45789.166    17.622     3.21    3.22
  46163.632    17.954     0.89    3.08
  46538.085    18.108     0.41    3.34
  46912.524    19.752     4.39    4.55
  47286.949    22.963     8.58    4.85
  47661.360    28.085    13.68    6.11
  48035.758    32.342    11.37    7.89
  48410.142    37.176    12.91   10.60
  48784.512    42.664    14.66   12.31
  49158.869    46.574    10.44   13.57
  49533.212    51.633    13.51   14.89
  49907.541    57.752    16.35   15.48
  50281.856    61.271     9.40   16.34
  50656.158    64.265     8.00   17.02
  51030.446    67.063     7.47   19.91
  51404.720    72.162    13.62   19.68
  51778.980    79.280    19.02   18.34
  52153.724    87.768    22.65   14.08
  52530.721    94.719    18.44   11.46
  52907.704   100.434    15.16   10.63
  53284.673   103.901     9.20    8.86
  53661.628   104.960     2.81    7.88
  54038.570   103.183    -4.72    7.84
  54415.497   103.329     0.39    7.27
  54792.411   103.942     1.63    7.16
  55169.310   106.110     5.75    6.98
  55546.196   108.817     7.18    6.75
  55923.068   107.514    -3.46    9.07
  56299.925   104.939    -6.83    8.93
  56676.769   101.038   -10.35    9.90
  57053.600    95.895   -13.65   10.58
  57430.416    88.910   -18.53    9.87
  57807.218    83.210   -15.13    8.68
  58184.007    77.466   -15.24    8.63
  58560.781    74.395    -8.15    7.99
  58937.542    74.538     0.38   11.01
  59314.289    77.817     8.70   13.08
  59691.022    79.935     5.62   12.65
  60067.741    82.573     7.00   12.10
  60444.447    82.388    -0.49   11.00
  60821.138    77.411   -13.21   13.61
  61197.816    71.609   -15.40   17.56
  61574.480    61.633   -26.48   17.05
  61951.130    49.622   -31.89   12.10
  62327.766    41.014   -22.85    8.87
  62704.389    34.549   -17.17    7.18
  63080.997    29.990   -12.10    5.68
  63457.592    27.378    -6.94    3.72
  63834.173    26.427    -2.53    2.80
  64210.740    27.960     4.07    4.65
  64587.293    30.866     7.72    5.70
  64963.833    31.793     2.46    5.59
  65340.358    32.157     0.97    6.24
  65716.870    29.561    -6.89    5.11
  66093.368    27.810    -4.65    3.39
  66469.853    29.538     4.59    4.60
  66846.323    31.547     5.34    5.21
  67222.780    35.609    10.79    5.59
  67599.223    43.133    19.99   12.04
  67975.652    51.574    22.42   14.83
  68352.068    56.490    13.06   12.22
  68728.469    57.521     2.74   11.13
  69104.857    52.085   -14.44    5.67
  69481.231    47.646   -11.79    5.41
  69857.591    45.109    -6.74    5.67
  70233.938    41.847    -8.67    5.00
  70610.271    38.033   -10.14    5.00
  70986.590    34.631    -9.04    4.75
  71362.895    32.085    -6.76    3.95
  71739.187    30.783    -3.46    2.94
  72115.465    30.300    -1.28    2.26
  72491.729    30.957     1.75    2.64
  72867.979    32.949     5.29    3.39
  73244.216    35.880     7.79    5.04
  73620.439    39.646    10.01    6.01
  73996.648    43.597    10.50    5.38
  74372.843    46.710     8.27    4.45
  74749.025    49.722     8.00    5.63
  75125.193    52.559     7.54    6.05
  75501.347    56.207     9.70    5.76
  75877.488    57.657     3.85    5.27
  76253.615    57.256    -1.07    5.49
  76629.728    56.667    -1.57    5.84
  77005.827    55.265    -3.73    6.49
  77381.913    55.895     1.68    6.46
  77757.985    56.728     2.22    6.13
  78134.044    56.475    -0.67    5.54
  78510.088    56.500     0.06    5.08
  78886.119    53.835    -7.09    4.99
  79262.137    51.735    -5.58    4.88
  79638.140    49.158    -6.85    5.25
  80014.130    45.155   -10.65    5.62
  80390.107    40.695   -11.86    5.80
  80766.069    37.451    -8.63    4.96
  81142.018    35.183    -6.03    2.85
  81517.954    34.835    -0.92    2.22
  81893.875    36.183     3.58    2.59
  82269.783    39.133     7.85    4.18
  82645.678    42.062     7.79    4.53
  83021.559    42.204     0.38    4.93
  83397.426    41.490    -1.90    5.73
  83773.279    39.180    -6.14    4.92
  84149.119    36.475    -7.20    3.19
  84524.945    37.085     1.62    3.77
  84900.758    38.635     4.12    3.47
  85276.557    39.915     3.40    3.05
  85652.342    39.323    -1.57    3.01
  86028.114    38.329    -2.65    2.59
  86403.872    39.300     2.58    3.67
  86779.616    41.906     6.94    5.51
  87155.347    46.657    12.64    6.79
  87531.065    55.354    23.15   16.36
  87906.768    67.667    32.77   23.52
  88282.458    79.942    32.67   24.49
  88658.135    93.164    35.19   21.18
  89033.798    96.153     7.96   16.81
  89409.447    90.597   -14.79   20.10
  89785.083    77.942   -33.69   22.07
  90160.705    65.451   -33.25   21.29
  90536.313    53.983   -30.53   14.52
  90911.908    46.608   -19.63    5.05
  91287.490    42.213   -11.70    4.91
  91663.058    39.475    -7.29    4.73
  92038.612    38.354    -2.99    4.11
  92414.152    37.735    -1.65    3.77
  92789.680    37.108    -1.67    3.76
  93165.193    36.717    -1.04    3.12
  93540.693    37.671     2.54    3.91
  93916.180    39.680     5.35    5.15
  94291.653    42.427     7.31    4.48
  94667.112    44.858     6.47    4.13
  95042.558    47.649     7.43    4.48
  95417.990    51.157     9.34    5.58
  95793.409    52.823     4.44    5.39
  96168.814    54.633     4.82    4.93
  96544.206    54.841     0.56    5.17
  96919.584    54.510    -0.88    5.23
  97294.949    54.573     0.17    5.53
  97670.300    56.385     4.83    5.38
  98045.638    60.524    11.03    7.80
  98420.962    66.500    15.92    8.78
  98796.273    72.157    15.07    7.76
  99171.570    76.402    11.31    7.00
  99546.853    77.990     4.23    7.53
  99922.123    77.646    -0.92    6.51
 100297.380    73.329   -11.50    7.98
 100672.623    69.354   -10.59    8.65
 101047.853    63.514   -15.56    7.46
 101423.069    60.207    -8.81    6.32
 101798.272    56.620    -9.56    5.25
 102173.461    54.524    -5.59    3.86
 102548.637    54.585     0.16    3.40
 102923.799    54.310    -0.73    2.99
 103298.948    56.573     6.03    4.50
 103674.083    59.085     6.70    4.93
 104049.205    60.157     2.86    4.39
 104424.314    59.585    -1.52    4.72
 104799.409    56.533    -8.14    5.07
 105174.490    53.881    -7.07    5.39
 105549.558    51.573    -6.15    4.64
 105924.613    50.622    -2.54    4.17
 106299.654    50.817     0.52    3.66
 106674.682    51.880     2.83    3.59
 107049.696    53.426     4.12    4.19
 107424.697    55.137     4.56    5.21
 107799.685    58.180     8.12    7.06
 108174.659    60.657     6.60    7.08
 108549.619    62.260     4.28    5.93
 108924.567    62.494     0.62    4.88
 109299.500    61.691    -2.14    4.19
 109674.421    60.609    -2.88    4.71
 110049.328    61.202     1.58    6.19
 110424.221    64.800     9.60    8.64
 110799.102    69.276    11.94    8.07
 111173.968    71.803     6.74    7.45
 111548.822    69.919    -5.03    8.80
 111923.662    65.435   -11.96    6.86
 112298.488    62.109    -8.87    6.11
 112673.301    60.490    -4.32    5.84
 113048.101    59.475    -2.71    6.29
 113422.888    57.622    -4.95    6.82
 113797.661    52.660   -13.24    6.95
 114172.421    48.134   -12.08    6.73
 114547.167    43.695   -11.84    6.26
 114921.900    40.371    -8.87    4.40
 115296.619    38.561    -4.83    3.47
 115671.326    37.966    -1.59    3.26
 116046.019    38.158     0.51    2.78
 116420.698    38.510     0.94    2.68
 116795.364    39.335     2.20    3.36
 117170.017    40.252     2.45    4.13
 117544.657    42.061     4.83    5.12
 117919.283    44.280     5.92    5.43
 118293.896    44.538     0.69    5.22
 118668.495    43.597    -2.51    5.40
 119043.081    40.927    -7.13    5.51
 119417.654    37.643    -8.77    4.17
 119792.214    35.256    -6.37    2.52
 120166.760    34.378    -2.34    1.78
 120541.293    33.635    -1.98    1.83
 120915.812    33.778     0.38    2.24
 121290.319    35.540     4.71    3.62
 121664.812    37.803     6.04    4.70
 122039.291    40.180     6.35    5.13
 122413.758    42.015     4.90    4.53
 122788.211    42.410     1.05    4.40
 123162.650    41.631    -2.08    4.69
 123537.077    40.112    -4.06    4.85
 123911.490    38.752    -3.63    5.29
 124285.890    37.252    -4.01    4.14
 124660.276    36.300    -2.54    2.74
 125034.650    36.228    -0.19    1.98
 125409.010    36.316     0.23    2.07
 125783.357    36.276    -0.11    2.35
 126157.690    36.610     0.89    2.77
 126532.010    37.232     1.66    2.68
 126906.317    37.939     1.89    2.23
 127281.604    38.329     1.04    3.51
 127658.556    39.305     2.59    4.19
 128035.495    40.402     2.91    4.32
 128412.420    42.280     4.98    3.66
 128789.331    43.435     3.06    2.62
 129166.230    44.133     1.85    2.21
 129543.114    44.012    -0.32    1.90
 129919.986    44.039     0.07    1.77
 130296.843    43.646    -1.04    1.76
 130673.688    43.410    -0.63    1.65
 131050.519    43.085    -0.86    2.00
 131427.337    42.442    -1.71    2.28
 131804.141    42.228    -0.57    3.06
 132180.931    42.300     0.19    3.64
 132557.709    42.960     1.75    4.95
 132934.473    43.885     2.45    5.09
 133311.223    44.427     1.44    4.79
 133687.960    44.719     0.78    3.50
 134064.684    44.232    -1.29    3.44
 134441.394    43.036    -3.17    3.40
 134818.091    41.451    -4.21    3.57
 135194.775    39.137    -6.14    2.97
 135571.445    37.466    -4.43    3.02
 135948.102    36.036    -3.80    3.06
 136324.745    34.204    -4.86    2.83
 136701.375    32.646    -4.14    2.76
 137077.991    31.612    -2.75    2.64
 137454.595    30.457    -3.06    2.48
 137831.185    29.329    -3.00    1.93
 138207.761    29.036    -0.78    1.69
 138584.324    29.329     0.78    2.11
 138960.874    30.427     2.92    2.28
 139337.410    30.881     1.20    2.52
 139713.934    31.034     0.41    2.29
 140090.443    29.988    -2.78    2.58
 140466.940    29.256    -1.94    2.39
 140843.423    28.444    -2.16    1.74
 141219.892    28.472     0.07    1.88
 141596.349    28.778     0.81    2.36
 141972.792    28.695    -0.22    2.32
 142349.221    29.280     1.55    2.22
 142725.638    30.435     3.07    2.52
 143102.041    31.994     4.14    3.03
 143478.431    34.006     5.34    2.55
 143854.807    35.524     4.03    2.52
 144231.170    37.395     4.97    2.32
 144607.520    38.402     2.68    2.04
 144983.856    38.403     0.00    1.90
 145360.180    38.265    -0.37    1.76
 145736.489    37.871    -1.05    1.62
 146112.786    37.419    -1.20    1.34
 146489.069    37.549     0.35    1.57
 146865.339    37.500    -0.13    1.94
 147241.596    37.547     0.12    2.36
 147617.839    37.871     0.86    2.48
 147994.070    37.841    -0.08    2.64
 148370.286    38.110     0.71    2.55
 148746.490    38.427     0.84    2.39
 149122.680    38.280    -0.39    2.25
 149498.857    38.035    -0.65    2.39
 149875.021    37.285    -1.99    1.99
 150251.172    35.963    -3.51    1.83
 150627.309    35.657    -0.82    2.26
 151003.433    35.323    -0.89    2.22
 151379.544    34.300    -2.72    2.09
 151755.641    34.180    -0.32    2.32
 152131.726    34.280     0.27    2.49
 152507.797    35.276     2.65    2.74
 152883.854    35.963     1.83    2.16
 153259.899    36.323     0.96    1.91
 153635.930    36.280    -0.11    1.74
 154011.948    36.597     0.84    1.73
 154387.953    37.260     1.76    2.24
 154763.945    37.134    -0.34    2.18
 155139.923    37.260     0.34    1.92
 155515.889    37.061    -0.53    1.91
 155891.840    37.395     0.89    1.73
 156267.779    37.704     0.82    1.55
 156643.705    37.466    -0.63    1.32
 157019.617    37.547     0.21    1.23
 157395.516    37.225    -0.86    1.36
 157771.402    36.939    -0.76    1.57
 158147.275    36.800    -0.37    1.69
 158523.135    36.776    -0.06    1.65
 158898.981    36.796     0.05    1.68
 159274.814    37.176     1.01    1.81
 159650.635    37.235     0.16    1.76
 160026.441    37.597     0.96    1.88
 160402.235    37.585    -0.03    1.84
 160778.016    37.162    -1.13    1.68
 161153.783    36.699    -1.23    1.42
 161529.537    36.521    -0.47    1.41
 161905.278    35.785    -1.96    1.62
 162281.006    35.305    -1.28    1.80
 162656.721    34.931    -0.99    2.06
 163032.422    34.039    -2.38    2.44
 163408.111    33.585    -1.21    2.21
 163783.786    33.460    -0.33    2.44
 164159.448    33.695     0.62    2.60
 164535.097    33.622    -0.19    3.19
 164910.733    33.585    -0.10    3.24
 165286.356    32.726    -2.29    3.27
 165661.965    32.427    -0.80    3.15
 166037.562    33.280     2.27    3.12
 166413.145    34.890     4.29    4.59
 166788.715    37.597     7.21    5.39
 167164.273    40.038     6.50    5.75
 167539.817    43.085     8.11    5.45
 167915.347    46.635     9.45    6.14
 168290.865    49.817     8.47    5.76
 168666.370    51.481     4.43    3.99
 169041.862    51.960     1.28    3.76
 169417.340    50.800    -3.09    4.26
 169792.805    48.963    -4.89    4.90
 170168.258    47.135    -4.87    5.03
 170543.697    44.985    -5.73    5.41
 170919.123    43.256    -4.61    5.30
 171294.536    40.524    -7.28    4.78
 171669.936    38.744    -4.74    4.15
 172045.323    36.635    -5.62    3.51
 172420.697    35.006    -4.34    2.52
 172796.058    33.561    -3.85    2.05
 173171.405    32.572    -2.63    1.70
 173546.740    31.646    -2.47    1.67
 173922.061    31.657     0.03    2.06
 174297.370    32.983     3.53    3.53
 174672.665    35.472     6.63    4.72
 175047.948    39.239    10.04    4.78
 175423.217    41.157     5.11    3.72
 175798.474    41.158     0.00    3.57
 176173.717    38.910    -5.99    4.81
 176548.947    36.199    -7.22    3.95
 176924.164    34.348    -4.93    2.83
 177299.368    34.395     0.12    2.85
 177674.560    36.012     4.31    3.59
 178049.738    37.704     4.51    3.49
 178424.903    39.646     5.18    3.43
 178800.055    41.521     5.00    4.27
 179175.194    43.847     6.20    4.86
 179550.320    46.885     8.10    4.49
 179925.433    49.232     6.25    4.35
 180300.533    50.785     4.14    4.63
 180675.620    53.793     8.02    4.08
 181050.694    55.475     4.49    3.16
 181425.755    56.012     1.43    2.79
 181800.804    54.985    -2.74    3.52
 182175.839    52.158    -7.54    4.10
 182550.861    48.942    -8.57    4.43
 182925.870    45.823    -8.32    3.98
 183300.866    43.276    -6.79    3.05
 183675.849    41.305    -5.26    2.62
 184050.819    39.735    -4.19    2.23
 184425.777    38.735    -2.67    2.58
 184800.721    38.035    -1.87    2.81
 185175.652    37.573    -1.23    2.88
 185550.570    37.549    -0.07    2.92
 185925.476    37.561     0.03    2.82
 186300.368    37.207    -0.94    3.08
 186675.248    36.239    -2.58    3.36
 187050.114    34.481    -4.69    3.02
 187424.968    32.768    -4.57    2.80
 187799.808    32.305    -1.24    2.82
 188174.636    30.671    -4.36    2.79
 188549.451    30.624    -0.13    2.90
 188924.253    32.017     3.72    3.36
 189299.042    33.470     3.88    3.85
 189673.818    35.110     4.37    3.36
 190048.581    36.915     4.82    2.05
 190423.331    37.085     0.46    1.55
 190798.068    37.040    -0.12    1.24
 191172.792    36.927    -0.30    1.28
 191547.504    36.549    -1.01    1.16
 191922.202    36.466    -0.22    1.46
 192296.888    36.305    -0.43    1.41
 192671.560    36.202    -0.28    1.50
 193046.220    35.983    -0.58    1.31
 193420.867    36.300     0.85    1.30
 193795.501    36.419     0.32    1.54
 194170.122    35.988    -1.15    1.56
 194544.730    35.793    -0.52    1.50
 194919.326    35.735    -0.15    1.42
 195293.908    35.760     0.07    1.54
 195668.478    35.635    -0.33    1.41
 196043.035    35.256    -1.01    1.09
 196417.578    35.038    -0.58    1.13
 196792.109    35.010    -0.07    1.14
 197166.628    34.728    -0.75    1.72
 197541.133    33.524    -3.21    2.54
 197915.625    32.256    -3.39    2.51
 198290.105    31.835    -1.12    2.10
 198664.571    32.158     0.86    2.18
 199039.025    33.785     4.34    3.09
 199413.466    35.573     4.77    3.75
 199787.895    39.061     9.31    5.01
 200162.310    41.667     6.96    5.35
 200536.712    45.490    10.21    5.20
 200911.102    49.034     9.46    4.15
 201285.479    51.244     5.90    3.31
 201659.843    52.744     4.00    3.08
 202034.194    53.280     1.43    3.79
 202410.002    54.744     3.89    3.47
 202786.920    55.470     1.93    3.30
 203163.824    55.244    -0.60    4.91
 203540.715    53.701    -4.10    6.57
 203917.594    52.329    -3.64    6.40
 204294.459    52.133    -0.52    5.59
 204671.312    54.829     7.15    6.50
 205048.151    58.835    10.63    6.33
 205424.978    63.367    12.03    4.35
 205801.791    65.260     5.02    3.93
 206178.592    66.841     4.20    3.60
 206555.379    66.393    -1.19    3.85
 206932.154    64.783    -4.27    4.30
 207308.916    61.980    -7.44    4.41
 207685.664    57.935   -10.73    5.31
 208062.400    53.354   -12.16    6.23
 208439.123    51.012    -6.21    5.18
 208815.833    48.768    -5.96    4.20
 209192.529    48.638    -0.35    5.00
 209569.213    48.285    -0.94    5.11
 209945.884    46.735    -4.11    5.14
 210322.542    45.500    -3.28    4.63
 210699.187    46.646     3.04    5.53
 211075.819    49.853     8.51    7.50
 211452.439    54.835    13.23    6.80
 211829.045    58.360     9.36    3.88
 212205.638    58.538     0.47    3.68
 212582.219    57.988    -1.46    3.57
 212958.786    57.609    -1.01    2.97
 213335.341    56.988    -1.65    3.02
 213711.883    55.285    -4.52    3.74
 214088.411    53.610    -4.45    3.23
 214464.927    51.695    -5.09    3.22
 214841.430    50.085    -4.27    3.79
 215217.920    49.110    -2.59    3.51
 215594.397    47.360    -4.65    3.64
 215970.862    46.768    -1.57    3.47
 216347.313    45.624    -3.04    4.01
 216723.752    43.061    -6.81    4.82
 217100.177    39.451    -9.59    5.71
 217476.590    36.276    -8.43    4.87
 217852.990    33.371    -7.72    3.11
 218229.377    32.265    -2.94    1.41
 218605.751    32.108    -0.42    1.42
 218982.112    31.988    -0.32    1.51
 219358.460    32.014     0.07    1.37
 219734.796    32.524     1.36    1.53
 220111.119    32.033    -1.31    1.87
 220487.428    31.653    -1.01    2.05
 220863.725    31.010    -1.71    1.95
 221240.009    30.866    -0.38    1.93
 221616.281    29.866    -2.66    2.72
 221992.539    29.316    -1.46    2.92
 222368.785    28.290    -2.73    3.11
 222745.017    27.316    -2.59    2.50
 223121.237    27.235    -0.21    2.57
 223497.444    26.817    -1.11    2.35
 223873.639    26.829     0.03    2.21
 224249.820    27.155     0.87    2.44
 224625.989    27.322     0.44    2.34
 225002.144    28.535     3.22    2.79
 225378.287    30.768     5.94    3.68
 225754.418    32.378     4.28    3.72
 226130.535    34.323     5.17    3.61
 226506.639    36.060     4.62    3.67
 226882.731    38.685     6.98    4.01
 227258.810    42.646    10.53    4.54
 227634.876    45.354     7.20    5.43
 228010.930    48.427     8.17    5.68
 228386.970    50.514     5.55    5.10
 228762.998    52.535     5.37    5.11
 229139.013    54.235     4.52    5.32
 229515.015    55.719     3.95    4.74
 229891.005    58.183     6.55    5.28
 230266.981    61.280     8.24    6.62
 230642.945    65.228    10.50    5.59
 231018.896    66.985     4.67    4.16
 231394.835    66.210    -2.06    4.05
 231770.760    64.460    -4.65    4.19
 232146.673    63.204    -3.34    4.37
 232522.573    62.305    -2.39    4.45
 232898.460    60.466    -4.89    4.54
 233274.335    58.985    -3.94    4.56
 233650.197    57.265    -4.58    4.80
 234026.046    56.585    -1.81    4.48
 234401.882    56.540    -0.12    4.31
