# NaN NaN NaN ;Mean Elev.(m), Avg Gradient(m/km), RMS Gradient(m/km) - SRTM1     
#   34.479  -0.312   2.406 ;Mean Elev.(m), Avg Gradient(m/km), RMS Gradient(m/km) - ASTER GDEM
#   40.439  -0.236   1.564 ;Mean Elev.(m), Avg Gradient(m/km), RMS Gradient(m/km) - GMTED2010 
  9    42.822 52521.18974491 16.31  85.796092  25.521037 25.028
  9    42.257 52521.18974556 15.06  85.795252  25.517747 25.028
  9    41.955 52521.18974620 17.33  85.794422  25.514457 25.028
  9    41.802 52521.18974684 18.31  85.793582  25.511167 25.028
  9    41.903 52521.18974749 21.22  85.792742  25.507867 25.028
 10    44.239 52556.18979574 22.63  85.794960  25.522701 26.510
 10    40.494 52556.18979638 21.68  85.794120  25.519411 26.510
 10    40.565 52556.18979703 23.38  85.793280  25.516121 26.510
 10    40.966 52556.18979767 27.02  85.792450  25.512831 26.510
 10    41.033 52556.18979832 33.12  85.791610  25.509531 26.510
 11    38.795 52591.18978731 21.64  85.794831  25.523254 29.847
 11    38.957 52591.18978796 25.39  85.793991  25.519964 29.847
 11    38.998 52591.18978860 33.87  85.793151  25.516664 29.847
 11    39.126 52591.18978925 41.16  85.792311  25.513374 29.847
 11    39.077 52591.18978989 43.56  85.791471  25.510084 29.847
 11    39.160 52591.18979054 37.13  85.790641  25.506784 29.847
 12    37.843 52626.18970792 50.41  85.803762  25.523809 30.380
 12    37.713 52626.18970856 48.52  85.802932  25.520519 30.380
 12    38.189 52626.18970921 39.12  85.802092  25.517229 30.380
 12    38.077 52626.18970985 39.76  85.801252  25.513939 30.380
 12    38.095 52626.18971049 25.15  85.800412  25.510639 30.380
 13    38.470 52661.18975175 30.90  85.798047  25.522413 33.213
 13    38.121 52661.18975239 29.76  85.797207  25.519113 33.213
 13    38.471 52661.18975304 23.62  85.796367  25.515823 33.213
 13    38.682 52661.18975368 22.35  85.795537  25.512533 33.213
 13    38.982 52661.18975433 20.17  85.794697  25.509243 33.213
 14    37.339 52696.18972955 47.65  85.805205  25.524006 20.559
 14    37.336 52696.18973019 47.93  85.804365  25.520716 20.559
 14    37.067 52696.18973084 32.71  85.803525  25.517416 20.559
 14    36.968 52696.18973148 21.33  85.802695  25.514126 20.559
 14    36.657 52696.18973213 19.49  85.801855  25.510836 20.559
 15    39.339 52731.18975725 18.91  85.804997  25.524225  9.555
 15    36.861 52731.18975789 31.74  85.804167  25.520935  9.555
 15    37.297 52731.18975853 29.62  85.803327  25.517645  9.555
 15    39.208 52731.18975918 20.12  85.802489  25.514348  9.481
 15    39.966 52731.18975982 17.21  85.801649  25.511058  9.481
 16    37.741 52766.18976743 48.65  85.789731  25.521698 18.958
 16    37.617 52766.18976807 50.73  85.788891  25.518408 18.958
 16    37.496 52766.18976872 51.16  85.788051  25.515108 18.958
 16    37.519 52766.18976936 33.98  85.787211  25.511818 18.958
 16    37.326 52766.18977000 25.28  85.786381  25.508528 18.958
 17    37.141 52801.18976587 22.13  85.804422  25.524052 13.339
 17    37.416 52801.18976651 28.47  85.803592  25.520752 13.339
 17    37.332 52801.18976716 28.06  85.802752  25.517462 13.339
 17    36.948 52801.18976780 23.30  85.801912  25.514172 13.339
 17    36.785 52801.18976845 19.08  85.801072  25.510872 13.339
 18    42.255 52836.18983261 18.62  85.804408  25.523851 16.513
 18    42.036 52836.18983325 17.18  85.803578  25.520561 16.513
 18    42.172 52836.18983390 16.11  85.802738  25.517261 16.513
 18    42.470 52836.18983454 16.19  85.801898  25.513971 16.513
 18    43.662 52836.18983519 16.54  85.801058  25.510681 16.513
 19    44.635 52871.18987343 36.75  85.803487  25.524295 23.724
 19    43.968 52871.18987408 26.96  85.802647  25.521005 23.724
 19    43.685 52871.18987472 27.87  85.801817  25.517705 23.724
 19    43.060 52871.18987537 30.94  85.800977  25.514415 23.724
 19    43.971 52871.18987601 28.89  85.800137  25.511125 23.724
 19    44.248 52871.18987666 29.74  85.799297  25.507835 23.724
 20    45.016 52906.18987011 26.32  85.800014  25.523400 18.023
 20    44.705 52906.18987075 19.54  85.799184  25.520110 18.023
 20    44.546 52906.18987140 19.67  85.798344  25.516820 18.023
 20    44.141 52906.18987204 19.46  85.797504  25.513520 18.023
 20    44.689 52906.18987269 18.80  85.796664  25.510230 18.023
 21    41.329 52941.18980132 49.70  85.805005  25.521827 31.073
 21    41.390 52941.18980197 47.44  85.804175  25.518527 31.073
 21    41.499 52941.18980261 47.87  85.803335  25.515237 31.073
 21    41.575 52941.18980325 49.59  85.802495  25.511947 31.073
 21    41.531 52941.18980390 50.68  85.801655  25.508647 31.073
 23    38.122 53011.18985354 20.38  85.794592  25.523283 25.055
 23    38.264 53011.18985418 26.26  85.793762  25.519993 25.055
 23    38.398 53011.18985483 32.81  85.792922  25.516703 25.055
 23    38.296 53011.18985547 34.86  85.792082  25.513403 25.055
 23    38.479 53011.18985612 33.65  85.791242  25.510113 25.055
 23    38.364 53011.18985676 32.16  85.790412  25.506823 25.055
 24    38.760 53046.18981787 53.75  85.799568  25.522904 35.110
 24    38.714 53046.18981851 51.24  85.798728  25.519614 35.110
 24    38.486 53046.18981916 50.67  85.797888  25.516324 35.110
 24    38.621 53046.18981980 41.13  85.797058  25.513034 35.110
 24    38.715 53046.18982045 50.86  85.796218  25.509734 35.110
 25    37.874 53081.18985294 29.70  85.791656  25.521027 18.975
 25    37.435 53081.18985358 30.22  85.790816  25.517737 18.975
 25    37.247 53081.18985423 30.48  85.789976  25.514437 18.975
 25    37.252 53081.18985487 33.81  85.789136  25.511147 18.975
 25    37.454 53081.18985552 43.12  85.788296  25.507857 18.975
 26    37.472 53116.18982308 21.34  85.795673  25.520566 25.729
 26    37.345 53116.18982372 25.66  85.794833  25.517276 25.729
 26    37.485 53116.18982437 26.80  85.794003  25.513976 25.729
 26    37.445 53116.18982501 33.51  85.793163  25.510686 25.729
 26    37.482 53116.18982566 37.26  85.792323  25.507396 25.729
 27    37.809 53151.18987051 17.90  85.794482  25.522786 23.069
 27    37.616 53151.18987116 24.21  85.793652  25.519496 23.069
 27    37.741 53151.18987180 26.43  85.792812  25.516206 23.069
 27    37.699 53151.18987245 28.49  85.791972  25.512906 23.069
 27    37.915 53151.18987309 33.79  85.791132  25.509616 23.069
 28    40.249 53186.18985694 44.44  85.808108  25.523782 26.280
 28    40.386 53186.18985758 44.85  85.807268  25.520492 26.280
 28    39.987 53186.18985822 51.35  85.806428  25.517202 26.280
 28    40.150 53186.18985887 48.81  85.805588  25.513902 26.280
 28    40.097 53186.18985951 43.08  85.804748  25.510612 26.280
 29    42.030 53221.18988400 12.34  85.798728  25.521413 11.374
 29    42.115 53221.18988465 11.99  85.797888  25.518113 11.374
 29    42.190 53221.18988529 11.49  85.797048  25.514823 11.374
 29    42.347 53221.18988593 11.42  85.796218  25.511533 11.374
 29    42.881 53221.18988658 12.10  85.795378  25.508243 11.374
 30    38.509 53256.18986081 18.31  85.791391  25.520648 31.331
 30    42.329 53256.18986146 15.26  85.790551  25.517348 31.331
 30    41.978 53256.18986210 19.29  85.789711  25.514058 31.331
 30    42.466 53256.18986275 20.26  85.788881  25.510768 31.331
 30    42.504 53256.18986339 23.20  85.788041  25.507468 31.331
 56    37.417 54166.18977899 22.34  85.795647  25.520449 15.933
 56    37.297 54166.18977964 20.83  85.794807  25.517159 15.933
 56    37.324 54166.18978028 23.95  85.793967  25.513869 15.933
 56    37.662 54166.18978093 26.26  85.793137  25.510569 15.933
 56    37.707 54166.18978157 29.88  85.792297  25.507279 15.933
 57    37.650 54201.18975691 20.68  85.800956  25.522708 20.164
 57    37.489 54201.18975755 18.09  85.800119  25.519409 16.929
 57    37.599 54201.18975820 20.99  85.799279  25.516119 16.929
 57    37.605 54201.18975884 22.78  85.798449  25.512829 16.929
 57    37.455 54201.18975949 25.01  85.797609  25.509529 16.929
 58    37.991 54236.18979277 15.75  85.801384  25.522375 17.700
 58    37.792 54236.18979341 16.64  85.800554  25.519085 17.700
 58    37.596 54236.18979406 20.09  85.799712  25.515785 15.298
 58    37.618 54236.18979470 23.01  85.798872  25.512495 15.298
 58    37.395 54236.18979535 25.69  85.798032  25.509205 15.298
 59    38.415 54271.18981357 21.46  85.800081  25.523828 18.884
 59    38.422 54271.18981421 22.64  85.799241  25.520538 18.884
 59    38.427 54271.18981485 22.59  85.798402  25.517241 16.735
 59    38.614 54271.18981550 28.06  85.797562  25.513951 16.735
 59    38.692 54271.18981614 30.32  85.796722  25.510661 16.735
 59    38.714 54271.18981679 31.33  85.795892  25.507361 16.735
 60    42.891 54306.18981665 19.98  85.799946  25.521916 29.318
 60    43.082 54306.18981730 20.66  85.799105  25.518618 22.930
 60    43.171 54306.18981794 26.00  85.798265  25.515328 22.930
 60    43.152 54306.18981859 27.39  85.797425  25.512038 22.930
 60    42.987 54306.18981923 20.82  85.796585  25.508738 22.930
 61    43.542 54341.18979827 23.05  85.798420  25.521264 36.185
 61    43.705 54341.18979892 21.93  85.797585  25.517964 21.861
 61    43.774 54341.18979956 22.44  85.796745  25.514674 21.861
 61    43.856 54341.18980020 22.06  85.795905  25.511384 21.861
 61    43.763 54341.18980085 23.07  85.795065  25.508084 21.861
 62    44.280 54376.18975143 48.01  85.800341  25.521208 34.881
 62    44.294 54376.18975207 50.29  85.799501  25.517918 34.881
 62    44.287 54376.18975271 48.38  85.798671  25.514618 34.881
 62    44.291 54376.18975336 45.30  85.797831  25.511328 34.881
 62    44.533 54376.18975400 46.06  85.796991  25.508038 34.881
 63    39.887 54411.18974502 53.05  85.798316  25.522320 33.222
 63    40.036 54411.18974566 51.90  85.797476  25.519030 33.222
 63    39.907 54411.18974631 54.09  85.796646  25.515730 33.222
 63    40.021 54411.18974695 52.82  85.795806  25.512440 33.222
 63    39.982 54411.18974760 40.19  85.794966  25.509150 33.222
 64    38.397 54446.18971551 44.90  85.801937  25.521400 29.454
 64    38.512 54446.18971616 44.81  85.801097  25.518110 29.454
 64    38.398 54446.18971680 51.63  85.800257  25.514810 29.454
 64    38.496 54446.18971745 36.67  85.799417  25.511520 29.454
 64    38.383 54446.18971809 29.85  85.798577  25.508230 29.454
 66    37.047 54516.18972938 27.77  85.803032  25.523387 20.456
 66    37.144 54516.18973002 34.33  85.802192  25.520097 20.456
 66    36.836 54516.18973067 34.55  85.801352  25.516807 20.456
 66    36.677 54516.18973131 24.35  85.800512  25.513517 20.456
 66    36.893 54516.18973196 21.82  85.799672  25.510217 20.456
 67    36.654 54551.18974947 36.08  85.797160  25.521786 26.167
 67    36.639 54551.18975011 37.67  85.796320  25.518486 26.167
 67    36.589 54551.18975076 30.83  85.795480  25.515196 26.167
 67    36.590 54551.18975140 23.60  85.794640  25.511906 26.167
 67    37.066 54551.18975205 19.33  85.793800  25.508616 26.167
 68    36.680 54586.18972499 31.88  85.800412  25.521686 20.822
 68    36.591 54586.18972563 31.19  85.799582  25.518386 20.822
 68    36.586 54586.18972628 26.24  85.798742  25.515096 20.822
 68    36.571 54586.18972692 21.67  85.797902  25.511806 20.822
 68    36.637 54586.18972757 18.75  85.797062  25.508506 20.822
 69    37.175 54621.18974441 33.81  85.798784  25.521461 21.354
 69    37.049 54621.18974505 36.16  85.797944  25.518161 21.354
 69    37.023 54621.18974570 31.94  85.797104  25.514871 21.354
 69    36.909 54621.18974634 24.65  85.796264  25.511581 21.354
 69    36.873 54621.18974699 21.45  85.795424  25.508291 21.354
 70    43.916 54656.18975410 19.06  85.797752  25.523396 24.330
 70    43.854 54656.18975475 17.50  85.796922  25.520106 24.330
 70    43.081 54656.18975539 18.87  85.796082  25.516806 24.330
 70    43.134 54656.18975603 18.37  85.795242  25.513516 24.330
 70    43.780 54656.18975668 17.19  85.794402  25.510226 24.330
 70    44.115 54656.18975732 20.52  85.793562  25.506926 24.330
 71    44.187 54691.18973914 19.98  85.797717  25.521118 14.858
 71    43.791 54691.18973978 21.37  85.796887  25.517828 14.858
 71    43.792 54691.18974043 20.57  85.796047  25.514538 14.858
 71    44.172 54691.18974107 20.40  85.795207  25.511238 14.858
 71    44.600 54691.18974172 19.76  85.794367  25.507948 14.858
 72    43.921 54726.18970509 20.99  85.802888  25.524045 14.167
 72    43.486 54726.18970574 20.17  85.802058  25.520755 14.167
 72    43.462 54726.18970638 18.77  85.801218  25.517455 14.167
 72    42.871 54726.18970702 19.21  85.800378  25.514165 14.167
 72    42.713 54726.18970767 19.42  85.799538  25.510875 14.167
 73    40.477 54761.18971610 50.19  85.798097  25.523447 33.404
 73    40.647 54761.18971674 48.82  85.797257  25.520157 33.404
 73    40.569 54761.18971739 49.14  85.796417  25.516857 33.404
 73    40.737 54761.18971803 50.84  85.795577  25.513567 33.404
 73    40.719 54761.18971868 51.07  85.794737  25.510277 33.404
 73    40.941 54761.18971932 52.35  85.793907  25.506977 33.404
 74    38.998 54796.18969853 50.18  85.801815  25.524265 28.677
 74    39.114 54796.18969917 44.92  85.800985  25.520975 28.677
 74    39.128 54796.18969982 50.35  85.800145  25.517685 28.677
 74    39.193 54796.18970046 45.66  85.799305  25.514395 28.677
 74    39.235 54796.18970111 39.08  85.798465  25.511095 28.677
 74    39.375 54796.18970175 43.36  85.797625  25.507805 28.677
 75    38.014 54831.18971648 38.74  85.798610  25.521548 30.211
 75    38.024 54831.18971712 52.51  85.797770  25.518248 30.211
 75    38.137 54831.18971777 49.82  85.796930  25.514958 30.211
 75    38.182 54831.18971841 40.80  85.796090  25.511668 30.211
 75    38.330 54831.18971906 37.72  85.795250  25.508378 30.211
 76    37.670 54866.18969440 38.89  85.802039  25.521346 28.202
 76    37.527 54866.18969504 51.16  85.801199  25.518056 28.202
 76    37.473 54866.18969569 47.31  85.800359  25.514766 28.202
 76    37.844 54866.18969633 35.44  85.799519  25.511476 28.202
 76    37.777 54866.18969698 40.70  85.798679  25.508176 28.202
 77    36.932 54901.18971579 25.71  85.795591  25.521509 23.681
 77    37.087 54901.18971643 22.23  85.794751  25.518209 23.681
 77    37.020 54901.18971708 26.65  85.793911  25.514919 23.681
 77    37.200 54901.18971772 32.52  85.793071  25.511629 23.681
 77    37.281 54901.18971836 32.78  85.792241  25.508329 23.681
 78    36.790 54936.18968450 32.59  85.800887  25.521340 24.140
 78    36.489 54936.18968514 23.16  85.800057  25.518040 24.140
 78    36.792 54936.18968579 21.15  85.799217  25.514750 24.140
 78    37.268 54936.18968643 26.21  85.798377  25.511460 24.140
 78    37.190 54936.18968708 28.65  85.797537  25.508170 24.140
 79    36.569 54971.18971685 35.80  85.800560  25.523223 22.008
 79    36.462 54971.18971750 24.87  85.799730  25.519933 22.008
 79    36.331 54971.18971814 21.56  85.798890  25.516633 22.008
 79    37.015 54971.18971879 22.15  85.798050  25.513343 22.008
 79    36.850 54971.18971943 27.19  85.797210  25.510053 22.008
 80    36.866 55006.18973662 32.92  85.796929  25.523354 27.010
 80    36.804 55006.18973726 24.69  85.796099  25.520064 27.010
 80    36.801 55006.18973791 23.39  85.795259  25.516774 27.010
 80    37.047 55006.18973855 25.01  85.794419  25.513474 27.010
 80    37.091 55006.18973920 29.02  85.793579  25.510184 27.010
 80    37.344 55006.18973984 35.06  85.792739  25.506894 27.010
 81    40.437 55041.18972466 23.28  85.799865  25.521662 15.136
 81    40.399 55041.18972530 20.47  85.799025  25.518362 15.136
 81    40.606 55041.18972594 23.70  85.798185  25.515072 15.136
 81    40.528 55041.18972659 28.01  85.797345  25.511782 15.136
 81    40.497 55041.18972723 21.16  85.796505  25.508492 15.136
 82    43.065 55076.18970558 22.70  85.797901  25.523655 24.598
 82    42.922 55076.18970623 17.74  85.797061  25.520365 24.598
 82    42.823 55076.18970687 18.11  85.796221  25.517075 24.598
 82    42.793 55076.18970752 18.10  85.795391  25.513785 24.598
 82    42.960 55076.18970816 17.80  85.794551  25.510485 24.598
 82    43.127 55076.18970881 18.29  85.793711  25.507195 24.598
 83    41.329 55111.18965723 23.18  85.801233  25.523655 21.536
 83    40.290 55111.18965788 23.10  85.800403  25.520365 21.536
 83    40.459 55111.18965852 25.22  85.799563  25.517065 21.536
 83    40.410 55111.18965917 31.69  85.798723  25.513775 21.536
 83    40.497 55111.18965981 26.55  85.797883  25.510485 21.536
 84    39.614 55146.18965952 40.56  85.797437  25.523745 30.337
 84    39.564 55146.18966016 33.82  85.796607  25.520455 30.337
 84    39.519 55146.18966081 34.41  85.795767  25.517155 30.337
 84    39.764 55146.18966145 37.00  85.794927  25.513865 30.337
 84    39.837 55146.18966210 39.93  85.794087  25.510575 30.337
 84    39.911 55146.18966274 37.48  85.793257  25.507275 30.337
 85    38.292 55181.18963478 40.96  85.802710  25.523472 20.134
 85    38.502 55181.18963542 48.36  85.801870  25.520172 20.134
 85    38.295 55181.18963607 47.81  85.801030  25.516882 20.134
 85    38.334 55181.18963671 34.50  85.800190  25.513592 20.134
 85    38.728 55181.18963735 34.69  85.799350  25.510292 20.134
 86    37.818 55216.18965429 41.81  85.798192  25.522567 24.516
 86    37.719 55216.18965493 48.07  85.797352  25.519267 24.516
 86    37.647 55216.18965558 33.96  85.796512  25.515977 24.516
 86    37.521 55216.18965622 27.09  85.795672  25.512687 24.516
 86    37.678 55216.18965687 27.74  85.794832  25.509397 24.516
 87    37.418 55251.18963217 47.34  85.802587  25.521948 21.310
 87    37.491 55251.18963282 51.52  85.801747  25.518658 21.310
 87    37.300 55251.18963346 43.52  85.800907  25.515368 21.310
 87    37.113 55251.18963410 28.34  85.800067  25.512068 21.310
 87    37.360 55251.18963475 24.48  85.799227  25.508778 21.310
 88    36.778 55286.18964755 28.54  85.796371  25.522719 27.120
 88    36.929 55286.18964819 25.33  85.795541  25.519429 27.120
 88    37.008 55286.18964884 27.99  85.794701  25.516129 27.120
 88    36.992 55286.18964948 24.65  85.793861  25.512839 27.120
 88    37.380 55286.18965013 23.78  85.793021  25.509549 27.120
 89    36.988 55321.18962130 30.10  85.797740  25.523553 16.508
 89    37.065 55321.18962194 24.75  85.796910  25.520263 16.508
 89    37.234 55321.18962259 25.23  85.796070  25.516963 16.508
 89    37.274 55321.18962323 20.32  85.795230  25.513673 16.508
 89    37.054 55321.18962388 21.25  85.794390  25.510383 16.508
 89    37.404 55321.18962452 24.15  85.793550  25.507093 16.508
 90    36.976 55356.18962213 48.35  85.797969  25.522607 21.513
 90    37.104 55356.18962278 52.33  85.797129  25.519317 21.513
 90    37.204 55356.18962342 40.02  85.796289  25.516017 21.513
 90    37.013 55356.18962407 31.77  85.795449  25.512727 21.513
 90    36.998 55356.18962471 24.18  85.794609  25.509437 21.513
 91    39.908 55391.18962302 26.76  85.799721  25.521367 18.511
 91    39.846 55391.18962366 26.24  85.798881  25.518067 18.511
 91    40.067 55391.18962431 37.53  85.798041  25.514777 18.511
 91    40.003 55391.18962495 40.70  85.797201  25.511487 18.511
 91    39.953 55391.18962559 38.56  85.796361  25.508187 18.511
 92    43.078 55426.18963846 47.77  85.799957  25.522334 25.198
 92    43.072 55426.18963910 44.27  85.799127  25.519044 25.198
 92    42.887 55426.18963975 42.52  85.798287  25.515754 25.198
 92    42.894 55426.18964039 40.54  85.797447  25.512454 25.198
 92    42.897 55426.18964104 36.37  85.796607  25.509164 25.198
 93    45.111 55461.18960585 51.37  85.798960  25.523612 32.956
 93    44.981 55461.18960650 48.64  85.798120  25.520312 32.956
 93    44.976 55461.18960714 47.67  85.797290  25.517022 32.956
 93    45.076 55461.18960779 47.21  85.796450  25.513732 32.956
 93    45.298 55461.18960843 49.25  85.795610  25.510432 32.956
 93    45.347 55461.18960908 48.61  85.794770  25.507142 32.956
