# NaN NaN NaN ;Mean Elev.(m), Avg Gradient(m/km), RMS Gradient(m/km) - SRTM1     
#   70.671  -0.280   2.001 ;Mean Elev.(m), Avg Gradient(m/km), RMS Gradient(m/km) - ASTER GDEM
#   65.432  -0.391   2.950 ;Mean Elev.(m), Avg Gradient(m/km), RMS Gradient(m/km) - GMTED2010 
 10    64.583 52562.19784145 29.55  82.824156  25.114078  8.865
 10    64.446 52562.19784210 24.42  82.823316  25.110778  8.865
 12    63.175 52632.19779940 28.56  82.823379  25.117350  9.749
 12    62.933 52632.19780005 33.28  82.822549  25.114060  9.749
 12    62.909 52632.19780069 30.07  82.821719  25.110760  9.749
 13    62.687 52667.19781928 51.02  82.819410  25.115966 11.922
 13    62.611 52667.19781993 51.98  82.818580  25.112666 11.922
 14    62.630 52702.19778980 22.36  82.831547  25.115705  8.247
 14    62.676 52702.19779045 26.13  82.830717  25.112415  8.247
 14    62.551 52702.19779109 19.80  82.829877  25.109115  8.247
 16    62.519 52772.19779946 26.36  82.821562  25.117491 11.012
 16    62.533 52772.19780010 31.50  82.820722  25.114191 11.012
 16    62.049 52772.19780075 24.24  82.819892  25.110901 11.012
 17    62.073 52807.19785566 50.08  82.821284  25.114463 14.595
 17    61.537 52807.19785631 51.08  82.820454  25.111173 14.595
 18    76.299 52842.19791442 17.43  82.823153  25.114249  8.868
 18    66.859 52842.19791506 26.54  82.822313  25.110959  8.868
 19    69.030 52877.19795247 46.11  82.821430  25.117317 14.078
 19    68.866 52877.19795311 54.07  82.820600  25.114017 14.078
 20    71.895 52912.19791119 44.47  82.826886  25.115180 17.170
 20    71.978 52912.19791184 45.50  82.826052  25.111891  6.886
 21    65.373 52947.19786793 49.45  82.830045  25.115882 17.971
 21    65.298 52947.19786857 53.22  82.829215  25.112582 17.971
 21    65.124 52947.19786922 48.87  82.828375  25.109292 17.971
 23    63.915 53017.19790051 52.06  82.819167  25.115719 13.401
 23    64.014 53017.19790115 50.70  82.818337  25.112419 13.401
 24    63.673 53052.19787960 48.83  82.826814  25.116743 17.487
 24    63.310 53052.19788025 53.15  82.825984  25.113453 17.487
 24    63.383 53052.19788089 51.55  82.825144  25.110163 17.487
 25    63.052 53087.19791672 25.64  82.811813  25.117327 10.295
 25    63.036 53087.19791736 33.65  82.810983  25.114037 10.295
 26    62.412 53122.19788621 37.22  82.822535  25.117169 13.643
 26    62.514 53122.19788686 36.50  82.821705  25.113879 13.643
 27    62.455 53157.19794223 39.65  82.816523  25.118186 15.462
 27    62.826 53157.19794287 41.72  82.815693  25.114896 15.462
 28   133.354 53192.19793563  6.85  82.825452  25.113698  5.212
 28   145.541 53192.19793628  6.89  82.824612  25.110408  5.212
 29    77.566 53227.19793601  8.58  82.824436  25.116827  6.937
 29    71.449 53227.19793665 11.90  82.823606  25.113537  6.937
 30    66.048 53262.19790974 49.76  82.815638  25.115817 11.650
 30    65.813 53262.19791039 50.34  82.814798  25.112517 11.650
 56    63.403 54172.19783736 25.49  82.819350  25.117493  9.546
 56    63.251 54172.19783801 22.68  82.818520  25.114203  9.546
 57    63.344 54207.19783319 48.41  82.822071  25.115877 14.289
 57    63.552 54207.19783384 48.17  82.821231  25.112587 14.289
 58    62.809 54242.19786527 30.45  82.822320  25.116574  8.254
 58    62.880 54242.19786591 27.24  82.821480  25.113284  8.254
 59    62.404 54277.19788008 38.61  82.821595  25.114581 12.859
 59    62.639 54277.19788073 27.76  82.820765  25.111291 12.859
 60    64.758 54312.19788065 37.84  82.822558  25.115513 15.839
 60    65.046 54312.19788130 43.82  82.821728  25.112223 15.839
 61    66.319 54347.19785336 50.14  82.819708  25.114739 13.652
 61    65.986 54347.19785400 43.63  82.818878  25.111449 13.652
 62    76.979 54382.19781776  9.60  82.823536  25.115638  7.028
 62    74.994 54382.19781841 12.54  82.822696  25.112348  7.028
 63    63.401 54417.19780249 49.58  82.820097  25.116339 12.332
 63    63.399 54417.19780313 51.09  82.819257  25.113049 12.332
 64    62.678 54452.19778735 50.01  82.823536  25.114269 12.597
 64    62.620 54452.19778799 50.40  82.822696  25.110979 12.597
 66    62.106 54522.19780022 25.52  82.824214  25.116358 11.453
 66    62.348 54522.19780087 28.93  82.823384  25.113068 11.453
 68    62.237 54592.19779595 47.06  82.821752  25.116420 14.574
 68    61.888 54592.19779659 49.75  82.820912  25.113130 14.574
 69    61.755 54627.19781221 30.11  82.820449  25.114565 11.739
 69    61.701 54627.19781285 37.36  82.819619  25.111275 11.739
 71    70.721 54697.19779452 34.01  82.821528  25.117095 15.910
 71    70.810 54697.19779517 41.51  82.820698  25.113805 15.910
 72    65.560 54732.19777567 46.48  82.823509  25.117281 12.216
 72    65.544 54732.19777632 52.42  82.822669  25.113991 12.216
 72    65.508 54732.19777696 48.74  82.821839  25.110701 12.216
 73    63.967 54767.19777440 47.95  82.821829  25.116192 13.853
 73    64.396 54767.19777504 52.66  82.820989  25.112902 13.853
 74    63.785 54802.19776976 43.04  82.822359  25.116437 12.237
 74    63.523 54802.19777041 50.47  82.821529  25.113147 12.237
 75    63.506 54837.19776631 38.41  82.822024  25.117631 10.733
 75    63.285 54837.19776695 40.13  82.821194  25.114331 10.733
 75    63.109 54837.19776760 44.41  82.820354  25.111041 10.733
 76    63.196 54872.19776894 31.04  82.822704  25.115171  9.311
 76    62.854 54872.19776958 27.97  82.821874  25.111871  9.311
 77    62.760 54907.19777446 47.69  82.817631  25.116542 14.507
 77    62.629 54907.19777510 50.35  82.816801  25.113252 14.507
 78    62.717 54942.19776098 43.05  82.822101  25.116337 13.635
 78    62.080 54942.19776162 51.29  82.821271  25.113047 13.635
 79    62.619 54977.19778878 32.23  82.820969  25.117238  9.490
 79    62.338 54977.19778943 27.42  82.820129  25.113948  9.490
 80    62.299 55012.19779743 27.17  82.820353  25.115545  9.919
 80    62.050 55012.19779807 21.07  82.819513  25.112255  9.919
 81    64.748 55047.19778934 20.29  82.822007  25.114496  8.625
 81    77.538 55047.19778998 15.79  82.821167  25.111206  8.625
 82    64.408 55082.19776075 21.98  82.819897  25.117527  8.168
 82    78.915 55082.19776140 17.85  82.819067  25.114237  8.168
 83    65.893 55117.19772171 53.33  82.823368  25.114462 16.879
 83    65.943 55117.19772235 51.73  82.822538  25.111172 16.879
 84   131.843 55152.19771937  7.05  82.819779  25.115138  4.762
 84   134.363 55152.19772001  6.76  82.818949  25.111838  4.762
 85    62.704 55187.19770809 27.06  82.822428  25.115589  7.997
 85    62.488 55187.19770873 24.88  82.821598  25.112299  7.997
 86    62.727 55222.19771785 33.03  82.820428  25.116559 11.907
 86    62.422 55222.19771849 31.48  82.819588  25.113269 11.907
 87    62.356 55257.19770401 31.33  82.823525  25.117327 13.366
 87    62.637 55257.19770465 43.02  82.822695  25.114037 13.366
 87    62.017 55257.19770529 51.01  82.821865  25.110737 13.366
 88    62.002 55292.19770578 30.40  82.818737  25.114816 11.198
 88    61.634 55292.19770643 39.56  82.817897  25.111526 11.198
 89    61.873 55327.19768776 33.05  82.820179  25.117667 11.008
 89    61.878 55327.19768840 47.78  82.819349  25.114367 11.008
 90    61.329 55362.19768454 25.02  82.820260  25.115985 10.115
 90    61.566 55362.19768518 24.90  82.819420  25.112695 10.115
 91    62.655 55397.19769147 26.37  82.823017  25.117289 10.047
 91    62.494 55397.19769212 24.46  82.822177  25.113999 10.047
 91    76.373 55397.19769276 21.14  82.821347  25.110709 10.047
 92    67.473 55432.19769968 32.78  82.822974  25.114160 11.385
 92    67.460 55432.19770032 40.53  82.822144  25.110860 11.385
 93    70.540 55467.19765916 42.44  82.819874  25.115282 12.820
 93    70.645 55467.19765981 46.31  82.819034  25.111982 12.820
