# NaN NaN NaN ;Mean Elev.(m), Avg Gradient(m/km), RMS Gradient(m/km) - SRTM1     
#    8.144  -0.104   3.496 ;Mean Elev.(m), Avg Gradient(m/km), RMS Gradient(m/km) - ASTER GDEM
#   24.020  -0.070   9.577 ;Mean Elev.(m), Avg Gradient(m/km), RMS Gradient(m/km) - GMTED2010 
  8    25.244 52492.66175572 33.08  87.780744  25.077254 24.082
  8    25.937 52492.66175636 23.69  87.779914  25.080544 24.082
  8    26.276 52492.66175701 24.12  87.779074  25.083844 24.082
  8    25.827 52492.66175765 25.59  87.778244  25.087134 24.082
  8    25.697 52492.66175830 28.93  87.777404  25.090424 24.082
  8    25.763 52492.66175894 38.28  87.776574  25.093724 24.082
  8    25.938 52492.66175959 33.05  87.775744  25.097014 24.082
  8    25.764 52492.66176023 32.71  87.774904  25.100304 24.082
  8    25.693 52492.66176088 30.61  87.774074  25.103604 24.082
  8    25.694 52492.66176152 32.24  87.773239  25.106887 29.295
  8    25.713 52492.66176217 36.05  87.772409  25.110187 29.295
  8    25.796 52492.66176281 29.70  87.771569  25.113477 29.295
  8    25.955 52492.66176345 24.63  87.770739  25.116767 29.295
  8    26.019 52492.66176410 21.04  87.769909  25.120067 29.295
  8    25.871 52492.66176474 23.48  87.769069  25.123357 29.295
  8    25.734 52492.66176539 27.62  87.768239  25.126647 29.295
 10    24.574 52562.66178569 52.85  87.766769  25.103080 32.015
 10    24.556 52562.66178633 50.93  87.765929  25.106370 32.015
 10    24.510 52562.66178697 52.16  87.765099  25.109670 32.015
 14    25.483 52702.66173984 27.87  87.770927  25.099392 18.765
 14    23.979 52702.66174048 31.72  87.770087  25.102692 18.765
 14    23.758 52702.66174113 34.70  87.769257  25.105982 18.765
 14    23.553 52702.66174177 38.03  87.768417  25.109272 18.765
 14    23.914 52702.66174242 35.07  87.767587  25.112562 18.765
 14    23.551 52702.66174306 34.63  87.766747  25.115862 18.765
 14    23.570 52702.66174371 30.27  87.765917  25.119152 18.765
 16    23.304 52772.66174369 50.70  87.772095  25.099087 34.524
 16    23.425 52772.66174434 51.34  87.771255  25.102387 34.524
 16    23.351 52772.66174498 52.27  87.770425  25.105677 34.524
 16    23.316 52772.66174563 52.69  87.769595  25.108967 34.524
 16    23.343 52772.66174627 51.80  87.768755  25.112267 34.524
 16    23.428 52772.66174692 51.89  87.767925  25.115557 34.524
 16    23.294 52772.66174756 53.26  87.767095  25.118847 34.524
 20    27.888 52912.66185431 38.78  87.780834  25.078556 38.804
 20    27.954 52912.66185495 41.45  87.780004  25.081846 38.804
 20    27.960 52912.66185559 41.83  87.779174  25.085136 38.804
 20    27.992 52912.66185624 43.54  87.778334  25.088436 38.804
 20    28.125 52912.66185688 50.69  87.777504  25.091726 38.804
 20    28.221 52912.66185753 51.02  87.776674  25.095016 38.804
 20    28.078 52912.66185817 50.71  87.775834  25.098316 38.804
 20    28.134 52912.66185882 51.79  87.775004  25.101606 38.804
 20    28.204 52912.66185946 52.05  87.774174  25.104896 38.804
 20    28.196 52912.66186011 50.84  87.773334  25.108196 38.804
 20    28.226 52912.66186075 48.84  87.772503  25.111480 44.097
 20    28.235 52912.66186140 44.66  87.771673  25.114780 44.097
 20    28.264 52912.66186204 46.01  87.770833  25.118070 44.097
 20    28.257 52912.66186269 42.58  87.770003  25.121360 44.097
 20    28.169 52912.66186333 38.20  87.769173  25.124660 44.097
 20    28.191 52912.66186398 40.34  87.768333  25.127950 44.097
 21    24.546 52947.66181661 49.59  87.767136  25.103002 35.192
 21    24.601 52947.66181725 48.88  87.766306  25.106302 35.192
 21    24.730 52947.66181789 51.27  87.765466  25.109592 35.192
 23    23.450 53017.66184632 52.48  87.766620  25.104270 36.879
 23    23.461 53017.66184697 52.27  87.765780  25.107560 36.879
 23    23.512 53017.66184761 52.37  87.764950  25.110850 36.879
 24    23.447 53052.66182713 48.91  87.766183  25.104741 33.347
 24    23.405 53052.66182778 51.30  87.765343  25.108031 33.347
 28    25.346 53192.66188306 29.82  87.770983  25.099252 19.645
 28    24.644 53192.66188370 30.98  87.770153  25.102542 19.645
 28    24.610 53192.66188434 29.70  87.769323  25.105842 19.645
 28    24.940 53192.66188499 26.62  87.768483  25.109132 19.645
 28    25.007 53192.66188563 26.33  87.767653  25.112422 19.645
 28    25.962 53192.66188628 27.17  87.766813  25.115722 19.645
 28    26.121 53192.66188692 25.60  87.765983  25.119012 19.645
 33    24.117 53367.66180878 24.91  87.771628  25.100527 21.840
 33    23.451 53367.66180942 29.22  87.770798  25.103817 21.840
 33    23.472 53367.66181007 26.57  87.769958  25.107117 21.840
 33    23.367 53367.66181071 27.15  87.769128  25.110407 21.840
 33    25.532 53367.66181136 22.79  87.768298  25.113697 21.840
 33    23.549 53367.66181200 26.64  87.767458  25.116997 21.840
 33    23.509 53367.66181265 40.41  87.766628  25.120287 21.840
 35    23.329 53437.66182667 53.06  87.769440  25.101115 28.379
 35    23.303 53437.66182731 50.66  87.768600  25.104415 28.379
 35    23.408 53437.66182796 49.48  87.767770  25.107705 28.379
 35    23.352 53437.66182860 52.37  87.766940  25.110995 28.379
 35    23.304 53437.66182925 52.31  87.766100  25.114295 28.379
 35    23.315 53437.66182989 52.56  87.765270  25.117585 28.379
 43    23.607 53717.66180274 29.11  87.772093  25.098926 20.198
 43    23.833 53717.66180339 23.58  87.771253  25.102226 20.198
 43    23.536 53717.66180403 29.16  87.770423  25.105516 20.198
 43    23.425 53717.66180467 30.69  87.769593  25.108806 20.198
 43    23.479 53717.66180532 27.64  87.768753  25.112106 20.198
 43    23.762 53717.66180596 25.79  87.767922  25.115390 26.220
 43    23.526 53717.66180661 36.92  87.767092  25.118690 26.220
 44    23.200 53752.66172309 51.23  87.770459  25.099756 25.708
 44    23.266 53752.66172374 38.63  87.769619  25.103046 25.708
 44    23.262 53752.66172438 36.22  87.768789  25.106346 25.708
 44    23.160 53752.66172503 42.90  87.767955  25.109629 29.701
 44    23.260 53752.66172567 40.67  87.767115  25.112929 29.701
 44    23.210 53752.66172632 36.11  87.766285  25.116219 29.701
 44    23.202 53752.66172696 48.08  87.765445  25.119509 29.701
 45    23.258 53787.66175314 51.01  87.771332  25.099599 23.177
 45    23.289 53787.66175379 50.80  87.770492  25.102889 23.177
 45    23.142 53787.66175443 53.02  87.769662  25.106189 23.177
 45    23.269 53787.66175508 51.84  87.768828  25.109473 31.320
 45    23.268 53787.66175572 51.04  87.767998  25.112773 31.320
 45    23.188 53787.66175637 50.70  87.767158  25.116063 31.320
 45    23.175 53787.66175701 46.58  87.766328  25.119353 31.320
 48    25.476 53892.66181383 29.64  87.769817  25.099807 21.391
 48    26.019 53892.66181448 27.18  87.768987  25.103097 21.391
 48    25.693 53892.66181512 28.42  87.768157  25.106387 21.391
 48    25.046 53892.66181577 29.85  87.767317  25.109687 21.391
 48    24.859 53892.66181641 29.82  87.766487  25.112977 21.391
 48    25.492 53892.66181706 28.98  87.765647  25.116267 21.391
 52    24.074 54032.66185367 50.69  87.766408  25.104309 30.581
 52    24.142 54032.66185432 51.06  87.765568  25.107599 30.581
 54    23.338 54102.66180669 51.45  87.767628  25.103833 29.233
 54    23.426 54102.66180733 39.87  87.766788  25.107133 29.233
 54    23.545 54102.66180798 46.20  87.765958  25.110423 29.233
 54    23.450 54102.66180862 50.89  87.765128  25.113713 29.233
 56    23.480 54172.66178419 46.71  87.766482  25.103475 26.586
 56    23.412 54172.66178483 50.38  87.765642  25.106765 26.586
 60    27.195 54312.66182812 27.46  87.766749  25.104477 26.125
 60    26.988 54312.66182876 25.84  87.765919  25.107767 26.125
 60    26.764 54312.66182941 27.30  87.765089  25.111067 26.125
 61    27.095 54347.66179946 29.53  87.768978  25.101440 33.509
 61    26.902 54347.66180011 27.27  87.768148  25.104740 33.509
 61    27.140 54347.66180075 25.61  87.767308  25.108030 33.509
 61    27.247 54347.66180140 26.51  87.766478  25.111320 33.509
 61    27.013 54347.66180204 27.96  87.765648  25.114620 33.509
 63    23.878 54417.66174889 45.43  87.766950  25.102890 25.196
 63    23.914 54417.66174954 41.16  87.766110  25.106180 25.196
 63    26.780 54417.66175018 36.19  87.765280  25.109480 25.196
 65    23.540 54487.66174677 53.39  87.767409  25.103886 28.332
 65    23.619 54487.66174741 51.96  87.766569  25.107186 28.332
 65    23.498 54487.66174806 52.69  87.765739  25.110476 28.332
 67    25.397 54557.66175694 21.90  87.766888  25.104249 14.302
 67    24.543 54557.66175759 25.17  87.766058  25.107549 14.302
 67    24.858 54557.66175823 25.32  87.765218  25.110839 14.302
 71    27.835 54697.66174135 28.82  87.769244  25.101516 29.714
 71    27.682 54697.66174199 27.83  87.768404  25.104806 29.714
 71    27.887 54697.66174264 29.43  87.767574  25.108096 29.714
 71    28.107 54697.66174328 28.36  87.766744  25.111396 29.714
 71    28.309 54697.66174393 28.18  87.765904  25.114686 29.714
 71    28.114 54697.66174457 32.88  87.765074  25.117976 29.714
 73    24.025 54767.66172058 50.42  87.766776  25.102806 34.710
 73    24.067 54767.66172122 51.43  87.765946  25.106096 34.710
 73    24.166 54767.66172187 49.40  87.765116  25.109396 34.710
 77    23.299 54907.66172128 50.33  87.765679  25.105449 25.682
 77    23.235 54907.66172193 51.13  87.764839  25.108749 25.682
 82    25.637 55082.66170758 25.23  87.768756  25.101681 22.950
 82    25.644 55082.66170822 24.20  87.767916  25.104971 22.950
 82    25.587 55082.66170887 23.97  87.767086  25.108261 22.950
 82    25.899 55082.66170951 24.84  87.766256  25.111561 22.950
 82    26.247 55082.66171016 23.97  87.765416  25.114851 22.950
 88    22.510 55292.66165261 53.68  87.767231  25.103583 28.456
 88    22.647 55292.66165326 51.77  87.766401  25.106873 28.456
 88    22.567 55292.66165390 52.15  87.765561  25.110173 28.456
 90    23.334 55362.66163137 39.64  87.766797  25.102373 13.755
 90    23.506 55362.66163201 29.94  87.765967  25.105673 13.755
 90    23.224 55362.66163266 23.28  87.765127  25.108963 13.755
 93    27.065 55467.66160470 41.34  87.770703  25.100152 29.784
 93    27.036 55467.66160535 33.61  87.769873  25.103452 29.784
 93    26.940 55467.66160599 32.22  87.769033  25.106742 29.784
 93    27.004 55467.66160663 31.13  87.768203  25.110032 29.784
 93    26.972 55467.66160728 30.37  87.767363  25.113332 29.784
 93    27.116 55467.66160792 32.38  87.766533  25.116622 29.784
 93    27.227 55467.66160857 35.45  87.765703  25.119912 29.784
