-184467.541    34.953     0.00    2.26
-184092.898    34.883    -0.19    2.12
-183718.270    35.128     0.65    2.31
-183343.657    36.022     2.39    2.35
-182969.058    36.270     0.66    2.22
-182594.474    36.074    -0.52    2.21
-182219.904    35.177    -2.40    2.24
-181845.350    34.193    -2.63    2.29
-181470.810    34.169    -0.06    2.30
-181096.285    34.169     0.00    2.23
-180721.774    34.264     0.25    1.94
-180347.278    34.312     0.13    2.04
-179972.797    34.046    -0.71    1.99
-179598.330    33.616    -1.15    1.85
-179223.878    33.764     0.40    2.01
-178849.441    34.232     1.25    1.96
-178475.018    34.371     0.37    1.80
-178100.610    33.955    -1.11    1.74
-177726.217    33.787    -0.45    1.66
-177351.839    33.336    -1.20    1.67
-176977.475    33.464     0.34    1.83
-176603.125    32.931    -1.42    2.08
-176228.790    32.622    -0.83    1.99
-175854.470    32.128    -1.32    2.06
-175480.165    32.232     0.28    2.14
-175105.874    32.250     0.05    2.31
-174731.598    32.122    -0.34    2.47
-174357.336    31.885    -0.63    2.37
-173983.089    32.046     0.43    1.98
-173608.857    32.055     0.02    1.83
-173234.639    31.976    -0.21    1.62
-172860.436    31.372    -1.61    1.69
-172486.247    31.097    -0.74    1.73
-172110.318    30.882    -0.57    1.65
-171733.214    30.567    -0.84    1.74
-171356.125    30.567     0.00    1.62
-170979.051    30.622     0.14    1.51
-170601.992    30.128    -1.31    1.76
-170224.947    29.678    -1.19    1.78
-169847.917    28.911    -2.03    1.79
-169470.902    28.906    -0.01    1.69
-169093.902    28.883    -0.06    1.90
-168716.916    28.278    -1.60    2.08
-168339.946    27.837    -1.17    1.78
-167962.990    27.603    -0.62    1.53
-167586.049    28.087     1.28    1.75
-167209.123    28.193     0.28    1.82
-166832.212    28.116    -0.21    1.92
-166455.315    27.883    -0.62    1.99
-166078.433    27.675    -0.55    1.72
-165701.566    28.042     0.97    1.63
-165324.714    28.085     0.11    1.62
-164947.876    28.337     0.67    1.91
-164571.054    28.312    -0.07    2.03
-164194.246    28.193    -0.32    1.98
-163817.453    28.246     0.14    1.92
-163440.674    27.475    -2.05    1.87
-163063.911    27.169    -0.81    1.97
-162687.162    26.884    -0.76    1.88
-162310.428    26.603    -0.74    1.86
-161933.708    26.610     0.02    1.71
-161557.003    26.570    -0.10    1.56
-161180.314    26.884     0.83    1.44
-160803.638    26.743    -0.37    1.52
-160426.978    26.226    -1.38    1.48
-160050.332    26.223    -0.01    1.73
-159673.701    26.597     0.99    1.75
-159297.085    26.557    -0.10    1.86
-158920.483    26.278    -0.74    2.20
-158543.896    25.931    -0.92    2.22
-158167.324    25.697    -0.62    2.27
-157790.767    25.962     0.70    2.58
-157414.224    26.428     1.24    2.11
-157037.696    26.299    -0.34    2.26
-156661.183    25.764    -1.42    2.29
-156284.684    25.003    -2.02    2.19
-155908.200    24.323    -1.80    2.12
-155531.731    23.973    -0.93    1.71
-155155.276    23.685    -0.77    1.45
-154778.836    23.693     0.02    1.40
-154402.411    23.264    -1.14    1.42
-154026.000    22.982    -0.75    1.40
-153649.605    23.050     0.18    1.50
-153273.223    23.010    -0.11    1.56
-152896.857    23.503     1.31    1.83
-152520.505    23.741     0.63    1.94
-152144.168    23.567    -0.46    1.97
-151767.845    23.274    -0.78    2.16
-151391.537    22.836    -1.17    1.88
-151015.244    22.421    -1.10    1.79
-150638.965    22.526     0.28    1.59
-150262.701    22.790     0.70    1.84
-149886.451    23.050     0.69    2.07
-149510.217    22.883    -0.44    2.36
-149133.996    22.122    -2.02    2.08
-148757.791    21.955    -0.44    2.00
-148381.600    22.201     0.65    1.96
-148005.424    21.741    -1.22    1.47
-147629.262    21.598    -0.38    1.48
-147253.115    21.650     0.14    1.64
-146876.982    21.395    -0.68    1.56
-146500.864    21.526     0.35    1.43
-146124.761    21.860     0.89    1.52
-145748.672    21.884     0.06    1.47
-145372.598    21.953     0.18    1.48
-144996.538    21.860    -0.25    1.50
-144620.493    21.598    -0.70    1.45
-144244.463    21.323    -0.73    1.25
-143868.447    21.250    -0.19    1.70
-143492.446    20.929    -0.85    1.98
-143116.459    20.622    -0.82    1.72
-142740.487    20.407    -0.57    2.05
-142364.530    20.026    -1.01    2.12
-141988.587    19.908    -0.31    2.25
-141612.658    19.710    -0.53    2.12
-141236.744    19.693    -0.04    2.28
-140860.845    19.957     0.70    2.31
-140484.960    19.693    -0.70    2.29
-140109.090    19.217    -1.27    2.13
-139733.234    18.812    -1.08    1.65
-139357.393    19.098     0.76    1.79
-138981.566    18.988    -0.29    1.79
-138605.754    19.288     0.80    1.95
-138229.956    19.193    -0.25    1.84
-137854.173    19.255     0.17    2.03
-137478.405    19.074    -0.48    1.92
-137102.651    18.728    -0.92    2.09
-136726.911    19.019     0.77    1.98
-136351.186    19.060     0.11    2.09
-135975.475    19.098     0.10    1.97
-135599.779    18.591    -1.35    1.88
-135224.098    17.885    -1.88    1.61
-134848.430    17.837    -0.13    1.85
-134472.778    18.014     0.47    2.03
-134097.140    18.026     0.03    2.13
-133721.516    18.069     0.11    2.19
-133345.907    17.585    -1.29    2.17
-132970.312    17.428    -0.42    2.27
-132594.732    17.281    -0.39    2.05
-132219.166    17.185    -0.25    1.97
-131843.615    16.929    -0.68    1.82
-131468.078    16.884    -0.12    1.75
-131092.556    16.743    -0.37    1.75
-130717.048    16.732    -0.03    1.61
-130341.554    16.178    -1.47    1.86
-129966.075    15.933    -0.65    1.77
-129590.610    15.518    -1.10    1.56
-129215.160    15.469    -0.13    1.88
-128839.724    15.421    -0.13    1.90
-128464.303    15.610     0.50    2.19
-128088.896    15.985     1.00    2.44
-127713.504    15.689    -0.79    2.41
-127338.126    15.812     0.33    2.19
-126962.762    15.469    -0.91    2.11
-126587.413    14.741    -1.94    2.07
-126212.078    14.421    -0.85    1.95
-125836.757    14.741     0.85    2.15
-125461.451    15.122     1.02    2.14
-125086.160    15.557     1.16    1.87
-124710.883    15.811     0.68    1.99
-124335.620    15.650    -0.43    1.96
-123960.371    15.550    -0.27    1.91
-123585.137    15.336    -0.57    1.90
-123209.918    15.421     0.23    1.75
-122834.712    15.336    -0.23    1.37
-122459.521    15.325    -0.03    1.68
-122084.345    14.720    -1.61    1.75
-121709.183    14.407    -0.83    1.84
-121334.035    14.255    -0.41    1.98
-120958.901    13.884    -0.99    1.65
-120583.782    13.836    -0.13    1.67
-120208.677    13.788    -0.13    1.60
-119833.587    14.055     0.71    1.95
-119458.511    14.030    -0.07    2.02
-119083.449    14.241     0.56    1.77
-118708.402    14.543     0.81    1.79
-118333.369    14.591     0.13    1.94
-117958.350    14.574    -0.05    1.93
-117583.346    14.616     0.11    2.11
-117208.355    14.421    -0.52    2.04
-116833.380    13.616    -2.15    2.12
-116458.418    13.640     0.07    2.09
-116083.471    13.678     0.10    2.03
-115708.538    13.937     0.69    2.17
-115333.620    13.929    -0.02    2.15
-114958.716    13.550    -1.01    2.04
-114583.826    13.022    -1.41    1.80
-114208.950    12.557    -1.24    1.49
-113834.089    12.597     0.10    1.57
-113459.242    12.905     0.82    1.66
-113084.409    12.685    -0.59    1.82
-112709.591    13.209     1.40    2.19
-112334.786    14.169     2.56    2.35
-111959.997    15.219     2.80    2.29
-111585.221    15.951     1.95    1.94
-111210.460    16.254     0.81    1.90
-110835.713    16.445     0.51    1.91
-110460.980    16.418    -0.07    2.02
-110086.261    16.104    -0.84    2.36
-109711.557    15.837    -0.71    2.45
-109336.867    14.988    -2.27    2.09
-108962.191    14.598    -1.04    2.01
-108587.529    14.479    -0.32    1.75
-108212.882    14.384    -0.25    2.02
-107838.249    14.574     0.51    2.12
-107463.630    15.010     1.16    2.13
-107089.025    15.543     1.42    2.39
-106714.435    15.685     0.38    2.21
-106339.859    16.274     1.57    2.25
-105965.297    16.169    -0.28    2.84
-105590.749    15.884    -0.76    2.62
-105216.216    15.622    -0.70    2.57
-104841.696    14.976    -1.72    2.03
-104467.191    15.226     0.67    2.00
-104092.700    15.560     0.89    2.34
-103718.224    15.250    -0.83    2.76
-103343.761    14.976    -0.73    2.70
-102969.313    13.976    -2.67    2.82
-102594.879    13.193    -2.09    2.61
-102220.459    13.557     0.97    2.96
-101846.053    13.788     0.62    3.23
-101471.662    13.494    -0.79    3.66
-101097.284    13.152    -0.91    3.40
-100722.921    12.323    -2.22    2.96
-100348.572    12.074    -0.67    2.88
 -99974.237    12.169     0.25    2.43
 -99599.916    11.622    -1.46    2.08
 -99225.610    11.907     0.76    2.01
 -98851.317    12.808     2.41    2.61
 -98477.039    13.451     1.72    2.87
 -98102.775    13.494     0.12    3.01
 -97728.525    13.232    -0.70    3.01
 -97354.289    12.421    -2.17    2.61
 -96977.898    11.597    -2.19    2.29
 -96600.837    12.064     1.24    3.30
 -96223.790    13.660     4.23    3.86
 -95846.757    14.431     2.05    3.97
 -95469.739    16.396     5.21    3.90
 -95092.735    15.988    -1.08    4.05
 -94715.746    14.337    -4.38    3.64
 -94338.771    14.014    -0.86    3.00
 -93961.810    13.764    -0.66    2.55
 -93584.864    13.743    -0.06    2.45
 -93207.931    13.960     0.57    2.15
 -92831.014    14.632     1.78    2.58
 -92454.110    15.912     3.40    3.12
 -92077.221    17.122     3.21    3.55
 -91700.346    18.464     3.56    3.17
 -91323.486    19.055     1.57    3.22
 -90946.640    18.928    -0.34    2.80
 -90569.808    19.281     0.94    2.83
 -90192.990    20.581     3.45    3.03
 -89816.187    21.767     3.15    3.05
 -89439.398    22.860     2.90    2.11
 -89062.623    22.674    -0.49    2.07
 -88685.863    22.065    -1.62    1.96
 -88309.117    21.162    -2.40    1.61
 -87932.385    20.738    -1.13    1.83
 -87555.668    20.812     0.20    2.38
 -87178.964    21.026     0.57    2.76
 -86802.275    21.210     0.49    2.73
 -86425.601    20.604    -1.61    2.50
 -86048.940    20.235    -0.98    2.22
 -85672.294    20.543     0.82    2.48
 -85295.662    20.591     0.13    2.88
 -84919.045    20.762     0.45    2.89
 -84542.441    20.264    -1.32    2.96
 -84165.852    19.591    -1.79    2.49
 -83789.277    19.535    -0.15    2.22
 -83412.716    20.288     2.00    2.65
 -83036.170    21.250     2.55    2.33
 -82659.638    22.431     3.14    2.70
 -82283.120    22.883     1.20    2.44
 -81906.616    23.385     1.33    2.25
 -81530.127    23.104    -0.75    2.46
 -81153.651    22.550    -1.47    2.32
 -80777.190    22.169    -1.01    2.17
 -80400.744    22.217     0.13    2.20
 -80024.311    23.030     2.16    2.13
 -79647.892    23.811     2.07    2.19
 -79271.488    24.193     1.02    2.31
 -78895.098    23.743    -1.19    2.68
 -78518.722    22.790    -2.53    2.85
 -78142.361    21.526    -3.36    2.51
 -77766.013    21.431    -0.25    2.33
 -77389.680    21.689     0.69    2.30
 -77013.361    22.003     0.83    2.66
 -76637.056    22.543     1.44    2.82
 -76260.765    23.431     2.36    2.93
 -75884.489    23.469     0.10    2.84
 -75508.227    23.360    -0.29    2.70
 -75131.978    22.785    -1.53    3.08
 -74755.744    22.494    -0.77    3.15
 -74379.524    21.860    -1.69    3.15
 -74003.319    21.241    -1.65    3.22
 -73627.127    21.264     0.06    2.88
 -73250.950    21.693     1.14    3.22
 -72874.786    21.979     0.76    2.97
 -72498.637    22.039     0.16    2.66
 -72122.502    21.209    -2.21    2.41
 -71746.381    20.518    -1.84    2.22
 -71370.275    20.288    -0.61    2.28
 -70994.182    19.152    -3.02    2.80
 -70618.104    18.123    -2.74    2.76
 -70242.039    17.678    -1.18    2.46
 -69865.989    17.226    -1.20    2.57
 -69489.953    18.128     2.40    3.14
 -69113.931    18.055    -0.19    2.82
 -68737.923    17.347    -1.88    2.79
 -68361.929    16.473    -2.32    2.81
 -67985.949    15.629    -2.25    2.19
 -67609.984    16.479     2.26    2.88
 -67234.032    18.674     5.84    3.40
 -66858.095    19.910     3.29    3.18
 -66482.172    22.019     5.61    3.01
 -66106.262    23.123     2.94    2.50
 -65730.367    22.929    -0.51    2.04
 -65354.486    21.931    -2.66    2.18
 -64978.619    20.717    -3.23    2.32
 -64602.766    19.087    -4.34    2.88
 -64226.927    17.911    -3.13    2.68
 -63851.102    16.953    -2.55    2.16
 -63475.292    16.494    -1.22    2.24
 -63099.495    16.503     0.02    2.72
 -62723.712    16.955     1.20    3.32
 -62347.944    18.260     3.47    3.57
 -61972.189    20.697     6.49    3.68
 -61596.449    21.335     1.70    3.02
 -61220.722    21.494     0.42    2.63
 -60845.010    21.055    -1.17    2.49
 -60469.311    19.616    -3.83    2.18
 -60093.627    19.288    -0.87    2.49
 -59717.957    19.274    -0.04    2.73
 -59342.300    19.055    -0.58    2.73
 -58966.658    19.122     0.18    2.97
 -58591.030    18.741    -1.01    2.96
 -58215.415    18.811     0.19    3.25
 -57839.815    19.788     2.60    3.26
 -57464.229    20.518     1.94    2.97
 -57088.657    21.385     2.31    2.14
 -56713.098    20.957    -1.14    2.37
 -56337.554    19.360    -4.25    2.67
 -55962.024    18.557    -2.14    2.70
 -55586.507    18.122    -1.16    2.62
 -55211.005    18.812     1.84    3.51
 -54835.517    19.957     3.05    3.43
 -54460.042    20.455     1.33    2.87
 -54084.582    20.640     0.49    3.01
 -53709.136    20.122    -1.38    3.01
 -53333.703    19.543    -1.54    2.44
 -52958.285    20.312     2.05    2.89
 -52582.880    21.372     2.82    3.04
 -52207.490    22.050     1.81    3.00
 -51832.113    23.060     2.69    2.84
 -51456.750    22.193    -2.31    2.77
 -51081.402    21.264    -2.47    2.96
 -50706.067    20.581    -1.82    3.10
 -50330.746    20.288    -0.78    2.82
 -49955.439    20.491     0.54    2.76
 -49580.146    21.451     2.56    3.11
 -49204.867    21.738     0.77    3.13
 -48829.602    20.622    -2.97    3.87
 -48454.351    19.323    -3.46    3.73
 -48079.114    18.193    -3.01    3.41
 -47703.890    17.451    -1.98    3.49
 -47328.681    16.783    -1.78    3.88
 -46953.486    15.812    -2.59    3.47
 -46578.304    14.645    -3.11    3.02
 -46203.136    14.185    -1.23    2.69
 -45827.982    13.223    -2.56    2.22
 -45452.842    12.281    -2.51    2.25
 -45077.716    11.193    -2.90    2.08
 -44702.604    11.022    -0.45    1.80
 -44327.506    11.264     0.65    2.02
 -43952.422    12.209     2.52    1.97
 -43577.351    12.860     1.74    1.86
 -43202.295    12.860     0.00    1.91
 -42827.252    12.811    -0.13    2.10
 -42452.223    13.264     1.21    1.91
 -42077.208    13.264     0.00    1.89
 -41702.207    13.348     0.22    1.83
 -41327.220    13.616     0.72    2.01
 -40952.246    14.560     2.52    2.72
 -40577.287    16.250     4.51    3.32
 -40202.341    18.010     4.69    2.88
 -39827.409    18.526     1.38    2.52
 -39452.491    18.622     0.25    2.16
 -39077.587    17.604    -2.71    2.85
 -38702.697    15.860    -4.65    3.04
 -38327.820    14.435    -3.80    2.59
 -37952.957    13.469    -2.58    1.86
 -37578.109    13.116    -0.94    1.76
 -37203.274    13.550     1.16    1.62
 -36828.452    14.360     2.16    2.29
 -36453.645    15.812     3.88    2.96
 -36078.851    17.762     5.20    2.88
 -35704.072    20.104     6.25    3.24
 -35329.306    22.030     5.14    3.28
 -34954.553    22.591     1.50    2.64
 -34579.815    21.836    -2.02    3.02
 -34205.090    19.738    -5.60    2.98
 -33830.380    18.460    -3.41    2.84
 -33455.683    18.336    -0.33    3.15
 -33080.999    19.039     1.88    3.17
 -32706.330    20.074     2.76    2.99
 -32331.674    20.360     0.76    2.78
 -31957.032    21.395     2.76    2.99
 -31582.404    22.860     3.91    3.11
 -31207.790    23.886     2.74    3.07
 -30833.189    25.496     4.30    2.69
 -30458.603    27.035     4.11    2.81
 -30084.030    28.302     3.38    3.22
 -29709.470    29.003     1.87    2.80
 -29334.925    29.142     0.37    2.83
 -28960.393    28.610    -1.42    2.80
 -28585.875    28.018    -1.58    2.50
 -28211.371    27.738    -0.75    2.51
 -27836.880    27.431    -0.82    2.67
 -27462.403    27.518     0.23    2.57
 -27087.940    26.996    -1.39    2.37
 -26713.491    26.270    -1.94    2.49
 -26339.055    24.836    -3.83    2.71
 -25964.633    23.050    -4.77    2.56
 -25590.225    21.122    -5.15    2.79
 -25215.830    19.104    -5.39    2.93
 -24841.450    17.610    -3.99    2.77
 -24467.083    17.201    -1.09    2.60
 -24092.729    17.469     0.72    2.86
 -23718.390    18.455     2.63    3.86
 -23344.064    18.764     0.83    3.97
 -22969.751    18.431    -0.89    3.96
 -22595.453    17.069    -3.64    3.94
 -22221.168    15.907    -3.10    3.31
 -21844.326    15.169    -1.96    2.71
 -21467.305    16.055     2.35    2.94
 -21090.299    17.177     2.98    2.83
 -20713.306    18.145     2.57    2.80
 -20336.327    19.421     3.38    3.37
 -19959.362    20.884     3.88    2.65
 -19582.411    22.299     3.75    2.31
 -19205.474    23.310     2.68    2.36
 -18828.550    23.685     0.99    2.30
 -18451.641    23.274    -1.09    2.69
 -18074.745    22.396    -2.33    2.82
 -17697.863    21.907    -1.30    2.54
 -17320.995    22.518     1.62    2.63
 -16944.141    23.321     2.13    2.25
 -16567.301    22.955    -0.97    2.42
 -16190.475    22.860    -0.25    2.32
 -15813.662    22.312    -1.45    2.42
 -15436.864    22.250    -0.16    2.07
 -15060.079    22.675     1.13    1.80
 -14683.308    22.042    -1.68    2.01
 -14306.551    21.689    -0.94    2.29
 -13929.807    20.421    -3.37    2.62
 -13553.078    18.982    -3.82    2.84
 -13176.362    17.754    -3.26    2.64
 -12799.660    16.905    -2.25    2.92
 -12422.972    16.757    -0.39    3.14
 -12046.298    16.169    -1.56    2.97
 -11669.637    15.574    -1.58    3.14
 -11292.991    15.116    -1.22    2.98
 -10916.358    13.792    -3.52    3.16
 -10539.739    12.629    -3.09    3.17
 -10163.134    11.622    -2.67    3.55
  -9786.542    10.139    -3.94    3.25
  -9409.965     9.560    -1.54    2.99
  -9033.401     8.678    -2.34    2.34
  -8656.851     8.018    -1.75    2.38
  -8280.315     8.046     0.07    3.11
  -7903.792     7.907    -0.37    3.13
  -7527.283     8.812     2.40    3.43
  -7150.788    10.860     5.44    3.58
  -6774.307    12.296     3.81    3.36
  -6397.840    14.598     6.12    3.54
  -6021.386    16.169     4.17    3.15
  -5644.946    16.503     0.89    3.05
  -5268.520    16.193    -0.82    3.59
  -4892.107    14.962    -3.27    4.51
  -4515.709    12.122    -7.55    4.35
  -4139.324     9.535    -6.87    4.29
  -3762.953     7.518    -5.36    3.48
  -3386.595     6.264    -3.33    2.38
  -3010.251     4.323    -5.16    3.60
  -2633.921     2.713    -4.28    4.11
  -2257.605     0.435    -6.06    3.80
  -1881.302    -1.092    -4.06    1.72
  -1505.014    -1.390    -0.79    1.58
  -1128.738    -1.640    -0.66    1.17
   -752.477    -1.360     0.75    1.39
   -376.229    -0.838     1.39    2.03
      0.005    -0.116     1.92    2.27
    376.225     0.135     0.67    2.49
    752.432    -0.378    -1.36    2.69
   1128.624    -0.545    -0.44    2.45
   1504.804    -0.283     0.70    2.57
   1880.969     0.372     1.74    2.93
   2257.121     1.310     2.49    2.53
   2633.259     1.372     0.17    2.61
   3009.384     0.860    -1.36    2.72
   3385.494     0.640    -0.58    2.97
   3761.592     0.550    -0.24    3.11
   4137.675     1.050     1.33    3.32
   4513.745     1.494     1.18    3.36
   4889.801     2.085     1.57    3.08
   5265.844     3.122     2.76    2.89
   5641.872     4.030     2.42    2.42
   6017.888     4.762     1.95    1.83
   6393.889     5.460     1.86    1.13
   6769.877     5.518     0.15    1.12
   7145.851     5.976     1.22    1.72
   7521.812     6.660     1.82    1.98
   7897.759     7.079     1.12    1.96
   8273.692     6.811    -0.71    1.67
   8649.612     6.808    -0.01    1.69
   9025.518     6.723    -0.23    1.69
   9401.410     6.552    -0.46    1.72
   9777.289     6.764     0.57    1.69
  10153.154     6.503    -0.70    1.41
  10529.006     6.460    -0.11    1.52
  10904.844     5.860    -1.60    1.40
  11280.668     5.281    -1.54    1.08
  11656.479     5.209    -0.19    1.31
  12032.276     5.469     0.69    1.34
  12408.060     5.741     0.72    1.38
  12783.830     5.860     0.32    1.45
  13159.586     5.501    -0.96    1.50
  13535.329     4.905    -1.59    1.71
  13911.058     4.296    -1.62    1.47
  14286.774     3.812    -1.29    1.36
  14662.476     3.494    -0.85    1.24
  15038.165     3.410    -0.22    1.11
  15413.840     3.627     0.58    1.32
  15789.501     3.807     0.48    1.43
  16165.149     3.957     0.40    1.41
  16540.783     4.177     0.58    1.37
  16916.404     3.982    -0.52    1.38
  17292.011     3.741    -0.64    1.31
  17667.605     3.435    -0.81    1.53
  18043.185     3.274    -0.43    1.55
  18418.751     3.079    -0.52    1.57
  18794.304     2.955    -0.33    1.65
  19169.844     3.226     0.72    1.74
  19545.370     3.526     0.80    1.91
  19920.882     3.957     1.15    1.74
  20296.381     4.235     0.74    1.75
  20671.866     3.933    -0.80    1.39
  21047.338     3.674    -0.69    1.53
  21422.796     3.543    -0.35    1.52
  21798.241     3.741     0.53    1.66
  22173.672     3.635    -0.28    1.70
  22549.090     3.485    -0.40    1.66
  22924.494     3.006    -1.28    1.93
  23299.885     3.128     0.32    2.39
  23675.262     3.177     0.13    2.60
  24050.626     3.518     0.91    2.70
  24425.976     3.908     1.04    2.44
  24801.313     3.885    -0.06    1.90
  25176.637     3.193    -1.84    1.91
  25551.946     2.655    -1.43    1.51
  25927.243     2.503    -0.41    1.48
  26302.526     2.145    -0.95    0.92
  26677.795     2.241     0.25    1.19
  27053.051     2.693     1.21    1.58
  27428.293     2.623    -0.19    1.63
  27803.522     2.973     0.93    1.73
  28178.738     2.835    -0.37    1.46
  28553.940     3.193     0.96    1.71
  28929.129     3.645     1.21    1.68
  29304.304     3.706     0.16    1.55
  29679.466     3.951     0.65    1.74
  30054.614     3.706    -0.65    2.10
  30429.749     3.469    -0.63    2.11
  30804.871     3.299    -0.46    1.86
  31179.979     3.090    -0.56    1.56
  31555.073     3.395     0.81    1.59
  31930.154     3.570     0.47    1.74
  32305.222     3.685     0.31    1.65
  32680.276     3.479    -0.55    1.62
  33055.317     3.543     0.17    1.81
  33430.345     3.598     0.15    1.80
  33805.359     3.501    -0.26    1.91
  34180.360     3.762     0.70    1.80
  34555.347     3.685    -0.21    1.80
  34930.321     3.336    -0.93    1.99
  35305.281     3.030    -0.81    2.06
  35680.228     3.169     0.37    2.09
  36055.162     3.201     0.09    2.31
  36430.083     3.435     0.62    2.25
  36804.989     3.494     0.16    1.83
  37179.883     3.278    -0.57    1.68
  37554.763     3.030    -0.66    1.70
  37929.630     2.145    -2.36    1.49
  38304.484     1.787    -0.96    1.62
  38679.324     1.226    -1.50    1.26
  39054.150     1.060    -0.44    1.60
  39428.964     1.055    -0.01    1.63
  39803.764     1.160     0.28    1.60
  40178.550     1.145    -0.04    1.52
  40553.324     1.264     0.32    1.06
  40928.084     1.312     0.13    0.92
  41302.830     1.479     0.44    1.06
  41677.564     2.014     1.43    1.11
  42052.284     2.655     1.71    1.59
  42426.990     3.738     2.89    1.81
  42801.684     4.241     1.34    1.50
  43176.364     4.372     0.35    1.68
  43551.030     3.680    -1.85    1.85
  43925.683     2.723    -2.55    1.97
  44300.323     2.039    -1.83    1.78
  44674.950     1.421    -1.65    1.67
  45049.564     0.957    -1.24    1.18
  45424.164     0.962     0.01    1.10
  45798.750     1.087     0.33    1.03
  46173.324     1.123     0.10    1.03
  46547.884     1.323     0.53    1.25
  46922.431     1.264    -0.16    1.29
  47296.964     1.152    -0.30    1.44
  47671.485     0.717    -1.16    1.22
  48045.992     0.706    -0.03    1.50
  48420.485     0.884     0.48    1.75
  48794.966     1.435     1.47    1.95
  49169.433     1.323    -0.30    1.72
  49543.887     1.445     0.33    1.61
  49918.328     1.762     0.85    1.59
  50292.755     1.957     0.52    1.83
  50667.169     2.128     0.46    2.09
  51041.570     2.030    -0.26    2.10
  51415.958     1.455    -1.54    1.90
  51790.332     1.591     0.36    1.76
  52164.693     2.098     1.35    1.69
  52539.041     2.811     1.90    1.96
  52913.660     3.264     1.21    1.85
  53290.648     3.085    -0.48    1.91
  53667.623     2.006    -2.86    2.06
  54044.585     0.860    -3.04    1.68
  54421.533     0.098    -2.02    1.56
  54798.468    -0.164    -0.69    1.52
  55175.389    -0.236    -0.19    1.49
  55552.297    -0.307    -0.19    1.40
  55929.192     0.014     0.85    1.39
  56306.073     0.503     1.30    1.39
  56682.940     0.931     1.14    1.70
  57059.795     1.650     1.91    2.14
  57436.635     2.098     1.19    1.92
  57813.463     2.552     1.21    2.04
  58190.277     2.496    -0.15    2.09
  58567.078     2.152    -0.91    2.27
  58943.865     1.669    -1.28    2.32
  59320.639     1.193    -1.26    1.65
  59697.399     1.149    -0.12    1.86
  60074.146     1.678     1.40    2.11
  60450.880     2.085     1.08    2.04
  60827.600     2.185     0.27    1.61
  61204.307     2.122    -0.17    1.47
  61581.001     2.244     0.33    1.44
  61957.681     1.451    -2.11    2.34
  62334.348     0.962    -1.30    2.65
  62711.002    -0.092    -2.80    2.66
  63087.642    -0.335    -0.65    2.59
  63464.269    -0.371    -0.09    2.56
  63840.882    -0.303     0.18    2.49
  64217.482     0.202     1.34    2.47
  64594.069     0.260     0.15    2.44
  64970.643     0.543     0.75    2.80
  65347.203     0.421    -0.32    2.39
  65723.749     0.455     0.09    2.44
  66100.283     0.307    -0.39    2.62
  66476.803     0.310     0.01    2.83
  66853.310     0.372     0.17    2.82
  67229.803    -0.018    -1.04    2.85
  67606.283    -0.307    -0.77    2.56
  67982.750    -0.690    -1.02    2.31
  68359.204    -1.240    -1.46    2.28
  68735.644    -1.640    -1.06    2.05
  69112.071    -1.664    -0.06    1.99
  69488.485    -1.640     0.06    1.93
  69864.885    -1.164     1.27    2.35
  70241.272    -1.287    -0.33    2.46
  70617.646    -0.740     1.45    3.04
  70994.006    -0.628     0.30    2.78
  71370.353    -0.236     1.04    2.57
  71746.687     0.494     1.94    2.58
  72123.008     1.122     1.67    2.44
  72499.315     1.680     1.48    2.38
  72875.609     2.385     1.87    2.21
  73251.890     2.085    -0.80    2.29
  73628.158     1.812    -0.72    2.37
  74004.412     1.567    -0.65    2.52
  74380.653     1.455    -0.30    2.34
  74756.881     1.235    -0.59    1.93
  75133.095     1.044    -0.51    1.75
  75509.297     0.627    -1.11    1.88
  75885.485     0.030    -1.59    1.61
  76261.659     0.006    -0.06    1.80
  76637.821     0.885     2.34    2.04
  77013.969     1.465     1.54    1.98
  77390.104     1.405    -0.16    2.08
  77766.226     1.603     0.53    2.05
  78142.335     1.360    -0.65    1.85
  78518.430     1.035    -0.86    2.01
  78894.512     1.116     0.22    2.36
  79270.581     1.019    -0.26    2.09
  79646.637     1.321     0.80    2.13
  80022.680     1.431     0.29    1.91
  80398.709     1.003    -1.14    1.70
  80774.725     1.135     0.35    1.85
  81150.728     0.882    -0.67    1.89
  81526.718     1.070     0.50    1.73
  81902.694     1.074     0.01    1.77
  82278.658     0.907    -0.44    2.12
  82654.608     0.518    -1.03    2.13
  83030.545     0.288    -0.61    2.04
  83406.469    -0.320    -1.62    1.68
  83782.379    -0.902    -1.55    1.68
  84158.277    -0.970    -0.18    2.00
  84534.161    -1.045    -0.20    1.83
  84910.032    -0.726     0.85    2.01
  85285.890     0.310     2.75    2.34
  85661.735     0.616     0.81    2.12
  86037.567    -0.290    -2.41    3.13
  86413.385    -1.360    -2.85    3.24
  86789.191    -1.970    -1.62    2.68
  87164.983    -2.069    -0.26    2.67
  87540.762    -0.040     5.40    3.14
  87916.528     0.360     1.06    3.28
  88292.280     1.006     1.72    2.90
  88668.020     1.372     0.97    1.65
  89043.747     0.985    -1.03    0.97
  89419.460     1.145     0.43    1.11
  89795.160     1.128    -0.05    1.18
  90170.847     0.955    -0.46    1.94
  90546.521     0.460    -1.32    2.19
  90922.182     0.310    -0.40    1.91
  91297.830    -0.265    -1.53    1.98
  91673.465    -0.701    -1.16    1.67
  92049.086    -1.018    -0.84    1.58
  92424.695    -0.593     1.13    1.98
  92800.290    -0.997    -1.08    2.08
  93175.872    -1.525    -1.40    2.11
  93551.441    -1.913    -1.03    1.96
  93926.997    -2.506    -1.58    1.46
  94302.540    -2.355     0.40    1.79
  94678.070    -2.262     0.25    1.82
  95053.587    -2.219     0.11    1.73
  95429.091    -1.913     0.82    1.52
  95804.582    -1.390     1.39    1.64
  96180.059    -0.872     1.38    1.66
  96555.524     0.152     2.73    1.54
  96930.975     0.552     1.06    1.56
  97306.414     0.155    -1.06    1.81
  97681.839    -0.653    -2.15    2.32
  98057.251    -1.677    -2.73    2.11
  98432.650    -1.921    -0.65    2.23
  98808.037    -2.311    -1.04    2.14
  99183.410    -2.884    -1.53    2.15
  99558.770    -4.061    -3.14    2.16
  99934.117    -5.015    -2.54    1.92
 100309.451    -5.593    -1.54    1.48
 100684.772    -5.872    -0.74    1.27
 101060.080    -5.974    -0.27    1.08
 101435.375    -5.890     0.22    0.95
 101810.657    -5.715     0.47    1.36
 102185.926    -5.294     1.12    1.93
 102561.182    -4.164     3.01    2.56
 102936.424    -3.165     2.66    2.60
 103311.654    -2.677     1.30    2.78
 103686.871    -2.555     0.32    2.84
 104062.075    -2.884    -0.88    2.82
 104437.266    -2.790     0.25    2.68
 104812.444    -2.164     1.67    2.46
 105187.609    -1.531     1.69    2.45
 105562.760    -0.213     3.51    1.94
 105937.899     0.610     2.19    1.81
 106313.025     1.201     1.58    1.77
 106688.138     1.360     0.42    1.60
 107063.238     1.193    -0.44    1.71
 107438.325     0.885    -0.82    1.64
 107813.399     0.811    -0.20    1.61
 108188.460     0.860     0.13    1.55
 108563.508     0.385    -1.27    1.66
 108938.543     0.431     0.12    1.61
 109313.565     0.475     0.12    1.53
 109688.574     0.193    -0.75    1.36
 110063.570     0.264     0.19    1.29
 110438.554     0.372     0.29    1.40
 110813.524     0.767     1.05    1.60
 111188.481     1.018     0.67    1.35
 111563.426     1.046     0.08    1.53
 111938.357     1.160     0.30    1.47
 112313.276     1.098    -0.17    1.36
 112688.181     1.177     0.21    1.85
 113063.074     0.757    -1.12    1.90
 113437.954     0.645    -0.30    1.80
 113812.821     0.465    -0.48    1.85
 114187.675     0.435    -0.08    1.52
 114562.516     0.396    -0.10    1.47
 114937.344     0.494     0.26    1.43
 115312.159     0.640     0.39    1.27
 115686.961     0.735     0.25    1.36
 116061.751     0.460    -0.73    1.30
 116436.527     0.469     0.03    1.24
 116811.291     0.503     0.09    1.39
 117186.041     0.660     0.42    1.44
 117560.779     1.026     0.98    1.36
 117935.504     1.372     0.92    1.31
 118310.216     1.610     0.63    1.39
 118684.915     1.435    -0.47    1.47
 119059.601     1.288    -0.39    1.47
 119434.275     1.122    -0.44    1.55
 119808.935     0.738    -1.02    1.17
 120183.583     0.907     0.45    1.19
 120558.218     1.010     0.27    1.33
 120932.840     1.070     0.16    1.21
 121307.449     1.162     0.25    1.15
 121682.045     1.152    -0.03    1.40
 122056.628     1.445     0.78    1.55
 122431.199     1.710     0.71    1.69
 122805.757     1.501    -0.56    1.66
 123180.301     1.564     0.17    1.56
 123554.833     1.732     0.45    1.45
 123929.352     2.336     1.61    1.67
 124303.859     2.574     0.64    1.60
 124678.352     2.585     0.03    1.62
 125052.833     2.587     0.01    1.55
 125427.301     2.860     0.73    1.79
 125801.756     3.741     2.35    2.48
 126176.198     4.264     1.40    2.20
 126550.627     4.598     0.89    1.84
 126925.044     4.479    -0.32    1.74
 127299.447     4.193    -0.76    1.66
 127673.838     4.241     0.13    1.64
 128048.958     4.585     0.92    2.08
 128425.910     4.396    -0.50    2.04
 128802.850     4.396     0.00    2.15
 129179.777     4.689     0.78    2.47
 129556.691     5.055     0.97    2.61
 129933.591     5.835     2.07    1.97
 130310.479     5.610    -0.60    1.89
 130687.354     4.860    -1.99    1.62
 131064.216     5.026     0.44    1.77
 131441.065     5.035     0.02    2.14
 131817.901     4.955    -0.21    2.15
 132194.724     4.908    -0.12    2.19
 132571.534     5.128     0.58    2.20
 132948.331     6.185     2.80    2.63
 133325.115     7.717     4.07    2.48
 133701.886     8.494     2.06    2.02
 134078.644     7.908    -1.55    2.29
 134455.390     7.360    -1.46    2.35
 134832.122     7.128    -0.61    1.91
 135208.841     6.435    -1.84    1.82
 135585.548     6.469     0.09    1.80
 135962.242     6.907     1.16    2.11
 136338.922     7.010     0.27    2.24
 136715.590     6.360    -1.73    2.26
 137092.245     5.629    -1.94    2.15
 137468.887     4.860    -2.04    1.94
 137845.516     4.455    -1.07    1.90
 138222.132     4.685     0.61    1.92
 138598.735     4.693     0.02    2.02
 138975.325     4.937     0.65    2.02
 139351.903     5.169     0.62    2.09
 139728.467     5.074    -0.25    2.36
 140105.019     6.235     3.08    2.78
 140481.558     7.209     2.59    2.63
 140858.084     7.570     0.96    2.22
 141234.597     7.674     0.27    1.89
 141611.097     7.385    -0.77    1.78
 141987.584     7.074    -0.83    1.98
 142364.058     6.598    -1.26    2.29
 142740.520     5.783    -2.16    2.44
 143116.968     5.145    -1.69    2.09
 143493.404     4.635    -1.36    1.76
 143869.827     4.622    -0.03    1.85
 144246.237     5.274     1.73    1.87
 144622.634     5.783     1.35    1.80
 144999.019     5.836     0.14    1.81
 145375.390     5.116    -1.91    1.73
 145751.749     4.622    -1.31    1.68
 146128.095     4.210    -1.09    1.53
 146504.428     3.510    -1.86    1.72
 146880.748     3.348    -0.43    2.21
 147257.055     3.385     0.10    2.30
 147633.350     2.908    -1.27    2.26
 148009.631     2.811    -0.26    1.70
 148385.900     3.669     2.28    1.89
 148762.156     4.285     1.64    2.44
 149138.399     4.201    -0.22    2.50
 149514.630     5.104     2.40    2.60
 149890.847     4.811    -0.78    2.77
 150267.052     4.535    -0.73    2.41
 150643.244     4.907     0.99    2.33
 151019.423     4.933     0.07    2.25
 151395.590     4.933     0.00    1.85
 151771.743     4.935     0.00    1.99
 152147.884     4.360    -1.53    1.84
 152524.012     4.335    -0.07    2.11
 152900.128     4.567     0.62    2.10
 153276.230     5.336     2.04    2.14
 153652.320     5.494     0.42    1.74
 154028.397     5.312    -0.48    1.53
 154404.461     5.270    -0.11    1.77
 154780.512     5.169    -0.27    1.96
 155156.551     5.079    -0.24    2.10
 155532.577     5.145     0.18    2.43
 155908.590     5.622     1.27    2.37
 156284.590     5.360    -0.70    2.44
 156660.578     4.564    -2.12    2.33
 157036.553     3.960    -1.61    1.97
 157412.515     3.494    -1.24    1.76
 157788.464     3.598     0.28    2.07
 158164.401     3.833     0.63    2.41
 158540.325     2.860    -2.59    2.51
 158916.236     2.510    -0.93    2.58
 159292.134     2.122    -1.03    2.23
 159668.020     2.152     0.08    2.00
 160043.893     3.039     2.36    2.06
 160419.753     3.384     0.92    1.63
 160795.601     3.412     0.08    1.87
 161171.436     3.348    -0.17    2.37
 161547.258     2.567    -2.08    2.17
 161923.067     2.689     0.32    2.12
 162298.864     2.982     0.78    2.46
 162674.648     3.193     0.56    2.22
 163050.419     2.735    -1.22    2.61
 163426.178     2.010    -1.93    2.41
 163801.924     1.421    -1.57    2.16
 164177.657     0.762    -1.75    2.00
 164553.377     0.526    -0.63    2.00
 164929.085     0.135    -1.04    2.20
 165304.780    -0.166    -0.80    2.23
 165680.463    -0.726    -1.49    2.10
 166056.133    -1.067    -0.91    1.86
 166431.790    -1.018     0.13    2.00
 166807.434    -1.677    -1.75    2.13
 167183.066    -1.653     0.06    2.10
 167558.685    -1.840    -0.50    2.09
 167934.292    -1.765     0.20    1.96
 168309.886    -1.774    -0.02    2.05
 168685.467    -1.701     0.19    2.20
 169061.035    -1.545     0.42    2.44
 169436.591    -1.259     0.76    2.54
 169812.135    -0.961     0.79    2.22
 170187.665    -0.777     0.49    2.33
 170563.183    -0.994    -0.58    2.04
 170938.689    -1.823    -2.21    2.21
 171314.181    -2.433    -1.62    2.32
 171689.661    -2.272     0.43    2.37
 172065.129    -2.140     0.35    2.12
 172440.584    -2.166    -0.07    2.15
 172816.026    -2.701    -1.43    1.86
 173191.456    -3.043    -0.91    2.25
 173566.873    -2.986     0.15    2.27
 173942.277    -2.913     0.20    2.34
 174317.669    -2.982    -0.18    2.52
 174693.048    -2.915     0.18    2.65
 175068.415    -3.335    -1.12    2.30
 175443.769    -3.677    -0.91    2.27
 175819.110    -3.664     0.03    2.29
 176194.439    -4.246    -1.55    1.80
 176569.755    -4.065     0.48    1.73
 176945.059    -3.997     0.18    1.91
 177320.350    -4.140    -0.38    2.06
 177695.628    -4.188    -0.13    1.85
 178070.894    -4.262    -0.20    1.76
 178446.147    -4.465    -0.54    1.75
 178821.388    -4.790    -0.87    1.70
 179196.616    -4.970    -0.48    1.63
 179571.832    -4.945     0.06    1.91
 179947.035    -4.640     0.81    1.89
 180322.226    -4.140     1.33    1.93
 180697.404    -3.217     2.46    2.36
 181072.569    -3.190     0.07    2.32
 181447.722    -3.192    -0.00    2.51
 181822.862    -3.164     0.07    2.32
 182197.990    -2.872     0.78    2.25
 182573.105    -2.774     0.26    2.44
 182948.208    -2.115     1.76    2.40
 183323.298    -2.246    -0.35    2.70
 183698.376    -2.698    -1.21    2.61
 184073.441    -3.858    -3.09    2.01
 184448.494    -4.287    -1.14    1.54
 184823.534    -4.265     0.06    2.10
 185198.561    -3.833     1.15    2.61
 185573.576    -3.004     2.21    2.84
 185948.579    -2.217     2.10    2.69
 186323.569    -2.213     0.01    2.48
 186698.547    -2.335    -0.33    2.04
 187073.512    -2.890    -1.48    2.05
 187448.464    -2.936    -0.12    2.09
 187823.404    -3.588    -1.74    2.30
 188198.332    -3.688    -0.27    2.56
 188573.247    -3.688     0.00    2.60
 188948.149    -3.677     0.03    2.29
 189323.039    -3.750    -0.20    1.93
 189697.917    -3.390     0.96    2.36
 190072.782    -3.590    -0.53    2.29
 190447.635    -4.340    -2.00    2.86
 190822.475    -4.555    -0.57    2.74
 191197.303    -4.409     0.39    2.44
 191572.118    -4.640    -0.62    2.55
 191946.921    -5.090    -1.20    2.26
 192321.711    -5.490    -1.07    2.06
 192696.489    -5.994    -1.34    2.02
 193071.255    -6.043    -0.13    1.99
 193446.008    -5.945     0.26    1.86
 193820.748    -6.262    -0.85    1.52
 194195.476    -6.390    -0.34    1.64
 194570.192    -6.750    -0.96    1.63
 194944.895    -7.290    -1.44    1.27
 195319.586    -7.212     0.21    1.11
 195694.264    -6.935     0.74    1.49
 196068.930    -6.799     0.36    1.39
 196443.584    -7.212    -1.10    1.37
 196818.225    -6.865     0.92    1.77
 197192.854    -6.640     0.60    2.17
 197567.470    -5.667     2.60    2.51
 197942.074    -4.884     2.09    2.96
 198316.665    -5.215    -0.88    3.09
 198691.244    -5.093     0.33    3.07
 199065.811    -4.688     1.08    3.23
 199440.365    -4.217     1.26    2.94
 199814.907    -4.307    -0.24    2.93
 200189.436    -5.320    -2.70    2.78
 200563.953    -6.664    -3.59    2.40
 200938.458    -6.311     0.94    2.19
 201312.950    -6.490    -0.48    2.02
 201687.430    -6.555    -0.17    1.72
 202061.898    -6.540     0.04    1.93
 202436.353    -7.189    -1.73    2.16
 202810.795    -7.515    -0.87    2.11
 203186.408    -7.307     0.55    2.29
 203563.317    -6.965     0.91    2.60
 203940.212    -6.236     1.94    3.43
 204317.096    -6.457    -0.59    3.17
 204693.966    -7.140    -1.81    3.09
 205070.824    -7.840    -1.86    2.74
 205447.670    -8.736    -2.38    1.68
 205824.503    -8.799    -0.17    1.84
 206201.324    -8.921    -0.32    1.88
 206578.132    -9.012    -0.24    2.12
 206954.928    -8.490     1.38    2.54
 207331.711    -7.765     1.92    2.79
 207708.481    -6.506     3.34    2.70
 208085.239    -5.878     1.67    2.36
 208461.985    -6.090    -0.56    2.49
 208838.718    -7.212    -2.98    2.85
 209215.438    -8.525    -3.49    2.70
 209592.146    -9.531    -2.67    2.37
 209968.842    -9.759    -0.61    2.24
 210345.525   -10.089    -0.88    2.24
 210722.196   -10.164    -0.20    2.17
 211098.854   -10.756    -1.57    2.03
 211475.500   -10.759    -0.01    2.15
 211852.133   -10.807    -0.13    2.09
 212228.753   -10.415     1.04    2.39
 212605.362    -9.902     1.36    2.69
 212981.957    -9.061     2.23    2.76
 213358.541    -8.884     0.47    2.89
 213735.112    -8.701     0.49    2.76
 214111.670    -8.652     0.13    2.78
 214488.216    -8.629     0.06    2.92
 214864.749    -8.858    -0.61    2.82
 215241.270    -8.355     1.34    2.84
 215617.779    -8.045     0.82    3.10
 215994.275    -7.409     1.69    2.63
 216370.759    -7.307     0.27    2.43
 216747.230    -7.576    -0.72    2.11
 217123.689    -8.236    -1.75    2.14
 217500.135    -8.774    -1.43    1.98
 217876.569    -8.945    -0.45    1.95
 218252.991    -8.921     0.06    2.01
 218629.400    -8.965    -0.12    2.09
 219005.797    -8.765     0.53    2.27
 219382.181    -8.982    -0.58    2.22
 219758.553    -9.457    -1.26    2.59
 220134.913    -9.604    -0.39    2.46
 220511.260    -9.878    -0.73    2.51
 220887.595    -9.990    -0.30    3.27
 221263.917   -11.602    -4.28    3.87
 221640.227   -13.665    -5.48    3.75
 222016.524   -15.331    -4.43    2.54
 222392.809   -15.238     0.25    2.69
 222769.082   -13.360     4.99    4.05
 223145.343   -11.215     5.70    4.16
 223521.591    -9.990     3.26    3.21
 223897.826    -9.772     0.58    2.40
 224274.049   -10.043    -0.72    1.99
 224650.260   -10.384    -0.91    2.37
 225026.459   -10.213     0.45    2.67
 225402.645   -10.040     0.46    2.54
 225778.819    -9.956     0.22    2.41
 226154.980    -9.831     0.33    2.11
 226531.129   -10.012    -0.48    2.18
 226907.266   -10.335    -0.86    2.41
 227283.390   -10.640    -0.81    2.16
 227659.502   -10.986    -0.92    1.93
 228035.602   -10.890     0.26    2.13
 228411.689   -10.422     1.24    2.27
 228787.764    -9.604     2.18    2.03
 229163.827    -9.311     0.78    2.07
 229539.877    -9.365    -0.14    1.90
 229915.915    -9.822    -1.21    1.91
 230291.941   -10.430    -1.62    2.03
 230667.954   -11.189    -2.02    2.14
 231043.955   -11.640    -1.20    2.43
 231419.944   -11.360     0.75    2.43
 231795.920   -10.878     1.28    2.53
 232171.885   -10.345     1.42    2.21
 232547.836   -10.287     0.16    2.30
 232923.776   -10.545    -0.69    2.14
 233299.703   -10.994    -1.19    2.37
 233675.618   -11.457    -1.23    2.54
 234051.521   -11.615    -0.42    2.44
 234427.411   -11.040     1.53    2.84
 234803.289   -10.415     1.66    2.87
 235179.155   -10.555    -0.37    2.69
 235555.008   -10.701    -0.39    2.63
 235930.849   -11.506    -2.14    2.30
 236306.678   -12.164    -1.75    1.79
 236682.495   -11.440     1.93    2.43
 237058.299   -11.015     1.13    2.45
 237434.091   -10.730     0.76    2.48
 237809.871   -10.335     1.05    2.25
 238185.639   -10.092     0.65    2.30
 238561.394   -10.490    -1.06    2.23
 238937.137   -10.115     1.00    2.55
 239312.868   -10.061     0.14    2.69
 239688.586    -9.908     0.41    2.33
 240064.293    -9.652     0.68    2.26
 240439.987   -10.140    -1.30    2.37
 240815.668   -11.090    -2.53    2.85
 241191.338   -11.730    -1.70    2.85
 241566.995   -12.504    -2.06    2.24
 241942.641   -12.627    -0.33    2.17
 242318.273   -12.409     0.58    2.19
 242693.894   -12.311     0.26    2.12
 243069.503   -11.756     1.48    1.98
 243445.099   -11.799    -0.12    1.93
 243820.683   -12.272    -1.26    1.88
 244196.255   -12.115     0.42    2.07
 244571.814   -12.457    -0.91    1.78
 244947.361   -12.457     0.00    1.99
 245322.897   -12.280     0.47    1.90
 245698.420   -12.115     0.44    1.81
 246073.930   -11.940     0.46    1.91
 246449.429   -11.783     0.42    1.81
 246824.915   -11.701     0.22    1.92
 247200.390   -11.970    -0.71    1.72
 247575.852   -12.490    -1.39    1.61
 247951.301   -12.340     0.40    1.71
 248326.739   -12.440    -0.27    1.68
 248702.165   -11.701     1.97    1.95
 249077.578   -10.823     2.34    2.25
 249452.979   -10.390     1.15    2.17
 249828.368   -10.164     0.60    2.01
 250203.745    -9.986     0.47    2.41
 250579.109    -9.890     0.26    2.46
 250954.462    -9.551     0.90    2.60
 251329.802    -9.750    -0.53    2.21
 251705.130    -9.140     1.62    1.77
 252080.446    -9.652    -1.36    2.06
 252455.750    -9.540     0.30    2.11
 252831.042   -10.088    -1.46    2.30
 253206.322   -10.210    -0.33    2.09
 253581.589   -10.213    -0.01    2.14
 253956.844   -10.490    -0.74    2.06
 254332.087   -10.340     0.40    1.76
 254707.319   -10.140     0.53    1.79
 255082.537   -10.322    -0.48    1.76
 255457.744   -10.397    -0.20    1.86
 255832.939   -10.555    -0.42    1.83
 256208.121   -10.815    -0.69    1.91
 256583.292   -10.765     0.13    2.23
 256958.450    -9.536     3.28    2.09
 257333.597    -9.219     0.84    2.17
 257708.731    -9.315    -0.26    2.15
 258083.853   -10.360    -2.78    2.30
 258458.963   -11.189    -2.21    1.97
 258834.060   -11.855    -1.77    1.97
 259209.146   -12.192    -0.90    2.19
 259584.220   -11.690     1.34    2.32
 259959.281   -11.315     1.00    2.22
 260334.331   -10.945     0.99    2.20
 260709.368   -10.840     0.28    2.09
 261084.394   -10.740     0.27    2.15
 261459.407   -10.750    -0.03    2.19
 261834.408   -11.665    -2.44    2.10
 262209.397   -11.440     0.60    2.19
 262584.374   -11.565    -0.33    1.88
 262959.339   -11.579    -0.04    1.94
 263334.292   -11.238     0.91    1.95
 263709.233   -11.018     0.59    2.00
 264084.162   -10.865     0.41    1.69
 264459.078   -10.509     0.95    1.87
 264833.983   -10.675    -0.44    1.76
 265208.876   -10.872    -0.52    1.82
 265583.756   -11.287    -1.11    1.73
 265958.625   -11.565    -0.74    1.68
 266333.481   -11.756    -0.51    1.89
 266708.326   -11.277     1.28    2.16
 267083.158   -11.038     0.64    2.26
 267457.979   -10.701     0.90    1.96
 267832.787   -10.840    -0.37    1.87
 268207.584   -11.365    -1.40    1.64
 268582.368   -11.799    -1.16    1.27
 268957.140   -11.588     0.56    1.39
 269331.901   -11.665    -0.21    1.52
 269706.649   -11.426     0.64    1.58
 270081.385   -11.409     0.05    1.69
 270456.110   -11.171     0.63    1.78
