-321215.154    -5.642     0.00    0.00
-320839.771    -5.642     0.00    0.00
-320464.377    -5.642     0.00    0.00
-320088.972    -5.642     0.00    0.00
-319713.555    -5.642     0.00    0.00
-319338.127    -5.642     0.00    0.00
-318962.688    -5.642     0.00    0.00
-318587.237    -5.642     0.00    0.00
-318211.774    -5.642     0.00    0.00
-317836.300    -5.642     0.00    0.00
-317460.815    -5.642     0.00    0.00
-317085.319    -5.642     0.00    0.00
-316709.810    -5.642     0.00    0.00
-316334.291    -5.642     0.00    0.00
-315958.760    -5.642     0.00    0.00
-315583.217    -5.642     0.00    0.00
-315207.664    -5.642     0.00    0.00
-314832.098    -5.642     0.00    0.00
-314456.521    -5.642     0.00    0.00
-314080.933    -5.642     0.00    0.00
-313705.334    -5.642     0.00    0.00
-313329.722    -5.642     0.00    0.00
-312954.100    -5.642     0.00    0.00
-312578.466    -5.642     0.00    0.00
-312202.820    -5.642     0.00    0.00
-311827.163    -5.642     0.00    0.00
-311451.495    -5.642     0.00    0.00
-311075.815    -5.642     0.00    0.00
-310700.123    -5.642     0.00    0.00
-310324.421    -5.642     0.00    0.00
-309948.706    -5.642     0.00    0.00
-309572.980    -5.642     0.00    0.00
-309197.243    -5.642     0.00    0.00
-308821.494    -5.642     0.00    0.00
-308445.734    -5.642     0.00    0.00
-308069.962    -5.642     0.00    0.00
-307694.179    -5.642     0.00    0.00
-307318.384    -5.642     0.00    0.00
-306942.577    -5.642     0.00    0.00
-306566.760    -5.642     0.00    0.00
-306190.930    -5.642     0.00    0.00
-305815.089    -5.642     0.00    0.00
-305439.237    -5.642     0.00    0.00
-305063.373    -5.642     0.00    0.00
-304687.498    -5.642     0.00    0.00
-304311.611    -5.642     0.00    0.00
-303935.712    -5.642     0.00    0.00
-303559.802    -5.642     0.00    0.00
-303183.880    -5.642     0.00    0.00
-302807.947    -5.642     0.00    0.00
-302432.003    -5.642     0.00    0.00
-302056.046    -5.642     0.00    0.00
-301680.079    -5.642     0.00    0.00
-301304.099    -5.642     0.00    0.00
-300928.109    -5.642     0.00    0.00
-300552.106    -5.642     0.00    0.00
-300176.092    -5.642     0.00    0.00
-299800.067    -5.642     0.00    0.00
-299424.030    -5.642     0.00    0.00
-299047.981    -5.642     0.00    0.00
-298671.921    -5.642     0.00    0.00
-298295.849    -5.642     0.00    0.00
-297919.766    -5.642     0.00    0.00
-297543.671    -5.642     0.00    0.00
-297167.564    -5.642     0.00    0.00
-296791.446    -5.642     0.00    0.00
-296415.316    -5.642     0.00    0.00
-296039.175    -5.642     0.00    0.00
-295663.022    -5.642     0.00    0.00
-295286.858    -5.642     0.00    0.00
-294910.682    -5.642     0.00    0.00
-294534.494    -5.642     0.00    0.00
-294158.295    -5.642     0.00    0.00
-293782.084    -5.642     0.00    0.00
-293405.861    -5.642     0.00    0.00
-293029.627    -5.642     0.00    0.00
-292653.382    -5.642     0.00    0.00
-292277.124    -5.642     0.00    0.00
-291900.855    -5.642     0.00    0.00
-291524.575    -5.642     0.00    0.00
-291148.283    -5.642     0.00    0.00
-290771.979    -5.642     0.00    0.00
-290395.663    -5.642     0.00    0.00
-290019.336    -5.642     0.00    0.00
-289642.997    -5.642     0.00    0.00
-289266.647    -5.642     0.00    0.00
-288890.285    -5.642     0.00    0.00
-288513.911    -5.642     0.00    0.00
-288137.526    -5.642     0.00    0.00
-287761.129    -5.642     0.00    0.00
-287384.720    -5.642     0.00    0.00
-287008.300    -5.642     0.00    0.00
-286631.868    -5.642     0.00    0.00
-286255.424    -5.642     0.00    0.00
-285878.969    -5.642     0.00    0.00
-285502.502    -5.642     0.00    0.00
-285126.024    -5.642     0.00    0.00
-284749.533    -5.642     0.00    0.00
-284373.031    -5.642     0.00    0.00
-283996.518    -5.642     0.00    0.00
-283619.992    -5.642     0.00    0.00
-283243.455    -5.642     0.00    0.00
-282866.906    -5.642     0.00    0.00
-282490.346    -5.642     0.00    0.00
-282113.774    -5.642     0.00    0.00
-281737.190    -5.642     0.00    0.00
-281360.595    -5.642     0.00    0.00
-280983.987    -5.642     0.00    0.00
-280607.368    -5.642     0.00    0.00
-280230.738    -5.642     0.00    0.00
-279854.095    -5.642     0.00    0.00
-279477.441    -5.642     0.00    0.00
-279100.775    -5.642     0.00    0.00
-278724.098    -5.642     0.00    0.00
-278347.409    -5.642     0.00    0.00
-277970.708    -5.642     0.00    0.00
-277593.995    -5.642     0.00    0.00
-277217.270    -5.642     0.00    0.00
-276840.534    -5.642     0.00    0.00
-276463.786    -5.642     0.00    0.00
-276087.027    -5.642     0.00    0.00
-275710.255    -5.642     0.00    0.00
-275333.472    -5.642     0.00    0.00
-274956.677    -5.642     0.00    0.00
-274579.870    -5.642     0.00    0.00
-274203.052    -5.642     0.00    0.00
-273826.222    -5.642     0.00    0.00
-273449.380    -5.642     0.00    0.00
-273072.526    -5.642     0.00    0.00
-272695.661    -5.642     0.00    0.00
-272320.614    -5.642     0.00    0.00
-271946.071    -5.642     0.00    0.00
-271571.516    -5.642     0.00    0.00
-271196.950    -5.642     0.00    0.00
-270822.372    -5.642     0.00    0.00
-270447.783    -5.642     0.00    0.00
-270073.182    -5.642     0.00    0.00
-269698.569    -5.642     0.00    0.00
-269323.944    -5.642     0.00    0.00
-268949.308    -5.642     0.00    0.00
-268574.661    -5.642     0.00    0.00
-268200.001    -5.642     0.00    0.00
-267825.330    -5.642     0.00    0.00
-267450.648    -5.642     0.00    0.00
-267075.953    -5.642     0.00    0.00
-266701.247    -5.642     0.00    0.00
-266326.530    -5.642     0.00    0.00
-265951.800    -5.642     0.00    0.00
-265577.059    -5.642     0.00    0.00
-265202.307    -5.642     0.00    0.00
-264827.542    -5.642     0.00    0.00
-264452.766    -5.642     0.00    0.00
-264077.979    -5.642     0.00    0.00
-263703.179    -5.642     0.00    0.00
-263328.368    -5.642     0.00    0.00
-262953.545    -5.642     0.00    0.00
-262578.711    -5.642     0.00    0.00
-262203.865    -5.642     0.00    0.00
-261829.007    -5.642     0.00    0.00
-261454.137    -5.642     0.00    0.00
-261079.256    -5.642     0.00    0.00
-260704.363    -5.642     0.00    0.00
-260329.459    -5.642     0.00    0.00
-259954.542    -5.642     0.00    0.00
-259579.614    -5.642     0.00    0.00
-259204.674    -5.642     0.00    0.00
-258829.723    -5.642     0.00    0.00
-258454.759    -5.642     0.00    0.00
-258079.784    -5.642     0.00    0.00
-257704.798    -5.642     0.00    0.00
-257329.799    -5.642     0.00    0.00
-256954.789    -5.642     0.00    0.00
-256579.767    -5.642     0.00    0.00
-256204.734    -5.642     0.00    0.00
-255829.688    -5.642     0.00    0.00
-255454.631    -5.642     0.00    0.00
-255079.562    -5.642     0.00    0.00
-254704.481    -5.642     0.00    0.00
-254329.389    -5.642     0.00    0.00
-253954.285    -5.642     0.00    0.00
-253579.169    -5.642     0.00    0.00
-253204.041    -5.642     0.00    0.00
-252828.902    -5.642     0.00    0.00
-252453.750    -5.642     0.00    0.00
-252078.587    -5.642     0.00    0.00
-251703.413    -5.642     0.00    0.00
-251328.226    -5.642     0.00    0.00
-250953.028    -5.642     0.00    0.00
-250577.818    -5.642     0.00    0.00
-250202.596    -5.642     0.00    0.00
-249827.362    -5.642     0.00    0.00
-249452.116    -5.642     0.00    0.00
-249076.859    -5.642     0.00    0.00
-248701.590    -5.642     0.00    0.00
-248326.309    -5.642     0.00    0.00
-247951.016    -5.642     0.00    0.00
-247575.712    -5.642     0.00    0.00
-247200.395    -5.642     0.00    0.00
-246825.067    -5.642     0.00    0.00
-246449.727    -5.642     0.00    0.00
-246074.375    -5.642     0.00    0.00
-245699.012    -5.642     0.00    0.00
-245323.636    -5.642     0.00    0.00
-244948.249    -5.642     0.00    0.00
-244572.850    -5.642     0.00    0.00
-244197.439    -5.642     0.00    0.00
-243822.016    -5.642     0.00    0.00
-243446.582    -5.642     0.00    0.00
-243071.135    -5.642     0.00    0.00
-242695.677    -5.642     0.00    0.00
-242320.207    -5.642     0.00    0.00
-241944.725    -5.642     0.00    0.00
-241569.231    -5.642     0.00    0.00
-241193.725    -5.642     0.00    0.00
-240818.207    -5.642     0.00    0.00
-240442.678    -5.642     0.00    0.00
-240067.137    -5.642     0.00    0.00
-239691.583    -5.642     0.00    0.00
-239316.018    -5.642     0.00    0.00
-238940.441    -5.642     0.00    0.00
-238564.853    -5.642     0.00    0.00
-238189.252    -5.642     0.00    0.00
-237813.639    -5.642     0.00    0.00
-237438.015    -5.642     0.00    0.00
-237062.378    -5.642     0.00    0.00
-236686.730    -5.642     0.00    0.00
-236311.070    -5.642     0.00    0.00
-235935.398    -5.642     0.00    0.00
-235559.714    -5.642     0.00    0.00
-235184.018    -5.642     0.00    0.00
-234808.310    -5.642     0.00    0.00
-234432.591    -5.642     0.00    0.00
-234056.859    -5.642     0.00    0.00
-233681.116    -5.642     0.00    0.00
-233305.360    -5.642     0.00    0.00
-232929.593    -5.642     0.00    0.00
-232553.813    -5.642     0.00    0.00
-232178.022    -5.642     0.00    0.00
-231802.219    -5.642     0.00    0.00
-231426.404    -5.642     0.00    0.00
-231050.577    -5.642     0.00    0.00
-230674.738    -5.642     0.00    0.00
-230298.887    -5.642     0.00    0.00
-229923.024    -5.642     0.00    0.00
-229547.149    -5.642     0.00    0.00
-229171.263    -5.642     0.00    0.00
-228795.364    -5.642     0.00    0.00
-228419.453    -5.642     0.00    0.00
-228043.531    -5.642     0.00    0.00
-227667.596    -5.642     0.00    0.00
-227291.649    -5.642     0.00    0.00
-226915.691    -5.642     0.00    0.00
-226539.720    -5.642     0.00    0.00
-226163.738    -5.642     0.00    0.00
-225787.743    -5.642     0.00    0.00
-225411.737    -5.642     0.00    0.00
-225035.719    -5.642     0.00    0.00
-224659.688    -5.642     0.00    0.00
-224283.646    -5.642     0.00    0.00
-223907.591    -5.642     0.00    0.00
-223531.525    -5.642     0.00    0.00
-223155.446    -5.642     0.00    0.00
-222779.356    -5.642     0.00    0.00
-222403.254    -5.642     0.00    0.00
-222027.139    -5.642     0.00    0.00
-221651.013    -5.642     0.00    0.00
-221274.874    -5.642     0.00    0.00
-220898.724    -5.642     0.00    0.00
-220522.561    -5.642     0.00    0.00
-220146.387    -5.642     0.00    0.00
-219770.200    -5.642     0.00    0.00
-219394.002    -5.642     0.00    0.00
-219017.791    -5.642     0.00    0.00
-218641.569    -5.642     0.00    0.00
-218265.334    -5.642     0.00    0.00
-217889.087    -5.642     0.00    0.00
-217512.828    -5.642     0.00    0.00
-217136.558    -5.642     0.00    0.00
-216760.275    -5.642     0.00    0.00
-216383.980    -5.642     0.00    0.00
-216007.673    -5.642     0.00    0.00
-215631.354    -5.642     0.00    0.00
-215255.023    -5.642     0.00    0.00
-214878.679    -5.642     0.00    0.00
-214502.324    -5.642     0.00    0.00
-214125.957    -5.642     0.00    0.00
-213749.578    -5.517     0.33    0.65
-213373.186    -5.398     0.32    0.73
-212996.783    -4.837     1.49    1.58
-212620.367    -3.817     2.71    2.33
-212243.939    -2.492     3.52    3.88
-211867.499     0.033     6.71    6.28
-211491.048     1.967     5.14    6.87
-211114.584     3.758     4.75    7.55
-210738.107     5.477     4.57    8.41
-210361.619     5.187    -0.77    8.52
-209985.119     3.024    -5.74    8.18
-209608.607     1.408    -4.29    6.68
-209232.082    -0.542    -5.18    4.63
-208855.546    -1.276    -1.95    3.54
-208478.997    -0.959     0.84    3.48
-208102.436    -1.252    -0.78    3.43
-207725.863    -1.520    -0.71    3.58
-207349.278    -2.335    -2.16    3.41
-206972.681    -2.642    -0.82    3.27
-206596.071    -2.764    -0.32    3.32
-206219.450    -2.374     1.04    3.81
-205842.816    -2.690    -0.84    3.57
-205466.170    -2.463     0.60    3.52
-205089.512    -2.154     0.82    3.44
-204712.842    -1.642     1.36    3.16
-204336.160    -0.837     2.14    3.13
-203959.466     0.715     4.12    3.06
-203582.759     1.647     2.47    2.55
-203206.041     2.453     2.14    2.82
-202829.310     2.508     0.15    2.73
-202452.567     2.358    -0.40    2.58
-202075.812     1.882    -1.26    2.88
-201699.044     1.614    -0.71    2.62
-201322.265     1.167    -1.19    2.61
-200945.473     0.742    -1.13    2.45
-200568.669     0.675    -0.18    2.16
-200191.853     1.333     1.75    2.34
-199815.025     1.024    -0.82    2.31
-199438.184     1.024     0.00    1.93
-199061.332     0.947    -0.20    1.96
-198684.467     0.553    -1.05    1.86
-198307.590     0.431    -0.32    1.60
-197930.701     0.133    -0.79    1.35
-197553.799     0.058    -0.20    1.20
-197179.223    -0.011    -0.18    1.50
-196804.729    -0.042    -0.08    1.61
-196430.223     0.262     0.81    2.05
-196055.704     0.508     0.65    2.05
-195681.174     0.572     0.17    1.93
-195306.631     0.433    -0.37    1.73
-194932.077     0.163    -0.72    1.87
-194557.510    -0.517    -1.81    1.71
-194182.931    -0.764    -0.66    1.69
-193808.340    -0.520     0.65    1.47
-193433.738    -0.267     0.68    1.85
-193059.123     0.236     1.34    2.10
-192684.496     0.383     0.39    2.25
-192309.857     0.572     0.50    2.25
-191935.205     0.871     0.80    2.06
-191560.542     0.858    -0.03    2.31
-191185.867     1.001     0.38    2.42
-190811.179     0.758    -0.65    2.36
-190436.480     0.544    -0.57    2.26
-190061.768     0.647     0.28    2.24
-189687.045     0.596    -0.14    2.22
-189312.309     0.533    -0.17    2.15
-188937.561     0.577     0.12    2.21
-188562.801     0.528    -0.13    2.04
-188188.029     0.922     1.05    2.17
-187813.245     0.429    -1.31    2.30
-187438.448     0.383    -0.12    2.38
-187063.640     0.501     0.31    2.43
-186688.819     0.041    -1.23    2.08
-186313.986     0.309     0.72    2.36
-185939.142     0.758     1.20    2.74
-185564.285     0.433    -0.87    2.56
-185189.415     0.211    -0.59    2.66
-184814.534    -0.238    -1.20    2.44
-184439.641    -0.517    -0.75    2.29
-184064.735     0.191     1.89    2.63
-183689.817     0.260     0.18    2.62
-183314.888     0.504     0.65    2.58
-182939.946     0.733     0.61    2.71
-182564.991     0.528    -0.54    2.58
-182190.025     0.733     0.54    2.70
-181815.047     0.783     0.13    2.70
-181440.056     0.762    -0.05    2.40
-181065.053     0.717    -0.12    2.21
-180690.038     0.858     0.38    2.63
-180315.011     1.050     0.51    2.75
-179939.972     1.048    -0.00    2.66
-179564.920     1.406     0.96    2.73
-179189.857     1.233    -0.46    2.78
-178814.781     1.334     0.27    2.93
-178439.693     0.858    -1.27    2.81
-178064.592     0.453    -1.08    3.11
-177689.480     0.633     0.48    2.80
-177314.355     0.834     0.54    2.62
-176939.218     0.943     0.29    2.65
-176564.069     0.999     0.15    2.42
-176188.908     0.501    -1.33    2.46
-175813.735     0.279    -0.59    2.54
-175438.549    -0.081    -0.96    2.52
-175063.351     0.483     1.50    3.04
-174688.141     0.772     0.77    2.98
-174312.918     1.236     1.23    2.80
-173937.684     0.558    -1.81    3.10
-173562.437     0.558     0.00    3.12
-173187.178     1.285     1.94    3.08
-172811.907     1.929     1.72    3.06
-172436.623     1.919    -0.03    2.75
-172061.328     1.691    -0.61    2.77
-171686.020     1.733     0.11    2.85
-171310.699     1.460    -0.73    3.08
-170935.367     0.458    -2.67    3.99
-170560.022    -0.892    -3.60    4.27
-170184.665    -2.740    -4.92    3.94
-169809.296    -4.357    -4.31    2.77
-169433.914    -5.301    -2.52    1.32
-169058.521    -5.642    -0.91    0.00
-168683.115    -5.642     0.00    0.00
-168307.696    -5.520     0.32    0.78
-167932.266    -5.033     1.30    1.79
-167556.823    -4.496     1.43    2.31
-167181.368    -3.690     2.15    2.76
-166805.900    -2.590     2.93    3.62
-166430.421    -1.968     1.66    3.65
-166054.929    -1.117     2.26    3.69
-165679.424    -0.857     0.69    3.59
-165303.908    -0.404     1.20    3.39
-164928.379    -0.155     0.66    3.47
-164552.838    -0.547    -1.04    3.89
-164177.284    -1.360    -2.17    3.98
-163801.718    -2.499    -3.03    3.72
-163426.140    -3.033    -1.42    3.25
-163050.550    -3.217    -0.49    2.99
-162674.947    -2.523     1.85    3.34
-162299.332    -2.063     1.22    3.80
-161923.705    -1.106     2.55    4.16
-161548.065    -0.017     2.90    3.91
-161172.413     0.138     0.41    3.88
-160796.749    -0.342    -1.28    4.03
-160421.072    -1.276    -2.49    4.13
-160045.383    -2.167    -2.37    3.52
-159669.682    -1.837     0.88    3.67
-159293.968    -1.520     0.84    3.84
-158918.242    -0.714     2.15    3.56
-158542.503     0.096     2.15    3.08
-158166.753    -0.242    -0.90    3.33
-157790.990    -1.078    -2.22    3.60
-157415.214    -0.892     0.49    4.28
-157039.426    -1.092    -0.53    4.48
-156663.626    -0.740     0.94    4.80
-156287.814    -0.595     0.39    4.71
-155911.989    -0.423     0.46    4.33
-155536.151    -0.118     0.81    3.88
-155160.302    -0.745    -1.67    3.42
-154784.440    -0.715     0.08    3.45
-154408.565    -0.813    -0.26    3.24
-154032.678    -0.242     1.52    2.80
-153656.779     0.286     1.41    2.05
-153280.868     0.779     1.31    1.69
-152904.944     0.358    -1.12    1.79
-152529.007     0.308    -0.13    1.87
-152153.058     0.260    -0.13    1.88
-151777.097     0.429     0.45    1.85
-151401.124     0.563     0.36    2.02
-151025.138     0.262    -0.80    2.02
-150649.139     0.658     1.05    2.04
-150273.128     0.048    -1.62    1.65
-149897.105    -0.179    -0.60    1.48
-149521.069    -0.104     0.20    1.55
-149145.021    -0.047     0.15    1.61
-148768.961    -0.142    -0.25    1.66
-148392.888    -0.154    -0.03    1.49
-148016.802    -0.242    -0.23    1.61
-147640.705    -0.042     0.53    1.66
-147264.594     0.065     0.29    1.57
-146888.472    -0.167    -0.62    1.38
-146512.336    -0.472    -0.81    1.38
-146136.189    -0.935    -1.23    1.17
-145760.029    -0.857     0.21    1.30
-145383.856    -0.792     0.17    1.51
-145007.671    -0.571     0.59    1.54
-144631.474     0.041     1.63    2.04
-144255.264     0.211     0.45    2.04
-143879.041     0.383     0.46    1.69
-143502.807     0.834     1.20    1.57
-143126.559     0.870     0.10    1.69
-142750.299     0.943     0.19    1.64
-142374.027     0.858    -0.23    1.81
-141997.742     0.748    -0.29    1.80
-141621.445     0.308    -1.17    1.40
-141245.135     0.233    -0.20    1.42
-140868.813     0.072    -0.43    1.45
-140492.478    -0.206    -0.74    1.25
-140116.131    -0.571    -0.97    1.18
-139739.772    -0.694    -0.33    1.19
-139363.399    -0.667     0.07    0.96
-138987.015    -0.285     1.01    1.38
-138610.617    -0.067     0.58    1.47
-138234.208    -0.142    -0.20    1.66
-137857.785    -0.078     0.17    1.55
-137481.350    -0.023     0.15    1.68
-137104.903     0.016     0.10    1.98
-136728.443     0.708     1.84    2.52
-136351.971     1.218     1.36    2.88
-135975.486     1.095    -0.33    2.75
-135598.989     1.310     0.57    3.00
-135222.479     1.138    -0.46    2.96
-134845.956     1.724     1.55    3.24
-134469.421     2.381     1.75    3.50
-134092.873     2.358    -0.06    3.27
-133716.313     1.739    -1.64    3.23
-133339.740     1.191    -1.45    2.90
-132963.155     0.602    -1.57    2.59
-132586.557     0.528    -0.19    2.62
-132209.947     0.683     0.41    3.00
-131833.324     0.894     0.56    3.21
-131456.688     1.050     0.41    3.33
-131080.040     0.967    -0.22    2.69
-130703.380     0.943    -0.06    2.77
-130326.706     1.208     0.70    2.93
-129950.020     0.808    -1.06    3.19
-129573.322    -0.309    -2.96    2.67
-129196.611    -1.167    -2.28    2.34
-128819.887    -1.761    -1.58    1.84
-128443.151    -1.642     0.32    1.79
-128066.402    -1.238     1.07    1.85
-127689.641    -1.057     0.48    2.02
-127312.867    -1.155    -0.26    1.88
-126936.080    -1.857    -1.86    1.24
-126559.281    -2.179    -0.86    1.07
-126182.469    -2.057     0.32    1.12
-125805.645    -1.842     0.57    0.97
-125428.808    -1.692     0.40    1.43
-125051.958    -1.090     1.60    1.84
-124675.096    -0.545     1.45    2.01
-124298.221    -0.276     0.71    1.85
-123921.333    -0.130     0.39    2.20
-123544.433    -0.042     0.23    2.23
-123167.520    -0.169    -0.34    2.08
-122790.595    -0.526    -0.95    1.94
-122413.999    -0.514     0.03    1.79
-122039.566    -0.813    -0.80    1.64
-121665.120    -0.967    -0.41    1.49
-121290.662    -1.104    -0.36    1.37
-120916.192    -1.279    -0.47    1.33
-120541.709    -1.053     0.60    1.31
-120167.214    -0.764     0.77    1.35
-119792.706    -0.618     0.39    1.62
-119418.185    -0.301     0.85    1.76
-119043.653    -0.733    -1.15    1.95
-118669.107    -0.873    -0.37    1.84
-118294.549    -1.142    -0.72    1.71
-117919.979    -1.547    -1.08    1.65
-117545.396    -1.594    -0.12    1.66
-117170.801    -1.374     0.59    1.69
-116796.193    -1.417    -0.12    1.44
-116421.572    -1.317     0.27    1.53
-116046.940    -1.467    -0.40    1.55
-115672.294    -1.398     0.18    1.46
-115297.636    -1.571    -0.46    1.39
-114922.966    -1.904    -0.89    1.19
-114548.283    -2.071    -0.44    1.04
-114173.587    -1.976     0.25    0.98
-113798.879    -1.886     0.24    0.92
-113424.158    -1.917    -0.08    1.01
-113049.425    -1.867     0.13    1.05
-112674.680    -1.792     0.20    1.17
-112299.921    -2.106    -0.84    1.19
-111925.151    -1.999     0.28    1.10
-111550.367    -2.008    -0.02    1.09
-111175.571    -2.071    -0.17    1.17
-110800.763    -2.027     0.12    1.31
-110425.942    -1.904     0.33    1.21
-110051.108    -1.837     0.18    1.19
-109676.262    -1.738     0.27    1.23
-109301.403    -1.690     0.13    1.43
-108926.532    -1.774    -0.22    1.34
-108551.648    -1.392     1.02    1.42
-108176.751    -1.042     0.93    1.78
-107801.842    -0.690     0.94    1.85
-107426.921    -0.238     1.21    2.05
-107051.986     0.101     0.90    2.17
-106677.040     0.548     1.19    2.14
-106302.080     0.947     1.06    2.31
-105927.108     0.733    -0.57    2.22
-105552.124    -0.033    -2.04    2.27
-105177.126    -0.325    -0.78    2.02
-104802.116    -0.423    -0.26    1.98
-104427.094    -0.405     0.05    1.73
-104052.059    -0.267     0.37    1.61
-103677.011    -0.242     0.07    1.58
-103301.951    -0.423    -0.48    1.47
-102926.878    -0.764    -0.91    1.38
-102551.792    -0.857    -0.25    1.41
-102176.694    -1.057    -0.53    1.34
-101801.583    -0.542     1.37    2.01
-101426.460     0.260     2.14    2.21
-101051.324     1.191     2.48    2.34
-100676.175     1.724     1.42    2.15
-100301.013     1.577    -0.39    2.13
 -99925.839     1.383    -0.52    2.50
 -99550.653     0.602    -2.08    2.54
 -99175.453     0.409    -0.51    2.37
 -98800.241     0.405    -0.01    2.40
 -98425.017     1.041     1.69    2.51
 -98049.779     1.739     1.86    2.35
 -97674.529     2.133     1.05    2.31
 -97299.266     2.279     0.39    2.12
 -96923.991     1.562    -1.91    2.25
 -96548.703     0.808    -2.01    2.06
 -96173.402    -0.081    -2.37    1.78
 -95798.089    -0.545    -1.23    1.20
 -95422.763    -0.796    -0.67    0.87
 -95047.424    -0.665     0.35    1.32
 -94672.073    -0.540     0.33    1.31
 -94296.708     0.163     1.87    2.20
 -93921.331     0.733     1.52    2.32
 -93545.942     1.358     1.66    2.70
 -93170.540     1.199    -0.42    2.94
 -92795.125     0.779    -1.12    3.06
 -92419.697     0.358    -1.12    2.26
 -92044.256     0.643     0.76    2.36
 -91668.803     1.260     1.64    2.63
 -91293.337     2.001     1.97    2.45
 -90917.859     2.537     1.43    2.49
 -90542.368     2.382    -0.41    2.48
 -90166.864     1.783    -1.60    2.65
 -89791.347     1.626    -0.42    2.43
 -89415.817     1.382    -0.65    2.53
 -89040.275     1.455     0.19    2.46
 -88664.720     1.558     0.27    2.15
 -88289.152     1.204    -0.94    2.25
 -87913.572     0.992    -0.56    2.09
 -87537.979     1.834     2.24    2.75
 -87162.373     2.089     0.68    2.49
 -86786.754     3.120     2.74    2.46
 -86411.122     2.958    -0.43    2.68
 -86035.478     1.919    -2.77    2.85
 -85659.821     1.333    -1.56    2.59
 -85284.151     0.358    -2.60    1.45
 -84908.469     0.724     0.97    1.39
 -84532.773     0.894     0.45    1.63
 -84157.065     0.821    -0.19    1.69
 -83781.344     0.673    -0.39    1.96
 -83405.610     0.167    -1.35    1.97
 -83029.864     0.640     1.26    2.20
 -82654.104     1.382     1.98    2.12
 -82278.332     2.024     1.71    2.22
 -81902.547     2.153     0.34    2.08
 -81526.750     1.501    -1.73    2.63
 -81150.939     0.255    -3.31    2.67
 -80775.116    -0.642    -2.39    2.26
 -80399.280    -1.154    -1.36    2.06
 -80023.431    -1.492    -0.90    1.72
 -79647.569    -0.968     1.40    2.04
 -79271.695    -0.458     1.36    2.36
 -78895.807    -0.238     0.59    2.18
 -78519.907    -0.325    -0.23    1.74
 -78143.994    -0.380    -0.15    1.43
 -77768.068    -0.523    -0.38    1.25
 -77392.129    -0.053     1.25    1.92
 -77016.178     1.405     3.88    2.88
 -76640.213     2.797     3.70    3.14
 -76264.236     4.143     3.58    2.82
 -75888.246     3.894    -0.66    3.44
 -75512.243     1.833    -5.48    4.59
 -75136.227     0.967    -2.30    4.18
 -74760.198     0.783    -0.49    3.60
 -74384.157     1.919     3.02    3.13
 -74008.102     2.992     2.85    2.06
 -73632.035     1.858    -3.02    3.39
 -73255.955     0.858    -2.66    3.75
 -72879.862     0.528    -0.88    3.65
 -72503.756     0.163    -0.97    3.10
 -72127.637     1.163     2.66    3.03
 -71751.506     2.333     3.11    2.28
 -71375.361     2.524     0.51    2.15
 -70999.204     2.431    -0.25    2.58
 -70623.033     0.967    -3.89    3.22
 -70246.850    -0.292    -3.35    3.16
 -69870.654     0.333     1.66    3.25
 -69494.445     1.108     2.06    2.90
 -69118.223     1.846     1.96    2.36
 -68741.988     1.953     0.29    2.27
 -68365.740     0.602    -3.59    2.96
 -67989.480    -0.261    -2.29    3.32
 -67613.206    -0.078     0.49    3.45
 -67236.919    -0.452    -0.99    3.31
 -66860.620    -0.472    -0.05    2.94
 -66484.308    -0.690    -0.58    2.50
 -66107.982    -0.357     0.89    2.59
 -65731.644    -0.011     0.92    2.86
 -65355.293     1.267     3.39    2.79
 -64978.929     2.553     3.42    2.15
 -64602.552     2.834     0.75    2.63
 -64226.162     3.455     1.65    2.68
 -63849.759     3.173    -0.75    3.27
 -63473.343     2.062    -2.95    4.01
 -63096.914     0.183    -4.99    3.67
 -62720.472    -0.833    -2.70    3.17
 -62344.017    -0.452     1.01    2.77
 -61967.550     0.153     1.61    2.77
 -61591.069     0.120    -0.09    2.95
 -61214.575     0.306     0.50    3.17
 -60838.069     0.894     1.56    3.57
 -60461.549     1.480     1.55    4.15
 -60085.016     1.683     0.54    4.15
 -59708.471     1.548    -0.36    4.01
 -59331.912     1.095    -1.20    3.75
 -58955.340     1.089    -0.01    3.72
 -58578.756     1.285     0.52    3.88
 -58202.158     1.724     1.17    3.62
 -57825.548     2.480     2.01    2.63
 -57448.924     2.183    -0.79    1.88
 -57072.287     2.358     0.46    1.92
 -56695.638     3.133     2.06    1.97
 -56318.975     3.286     0.41    1.83
 -55942.299     3.528     0.64    2.05
 -55565.611     3.637     0.29    1.98
 -55188.909     3.608    -0.08    1.98
 -54812.194     3.537    -0.19    2.00
 -54435.467     3.187    -0.93    1.91
 -54058.726     3.715     1.40    2.22
 -53681.972     3.882     0.44    2.90
 -53305.205     3.943     0.16    3.07
 -52928.425     3.483    -1.22    3.51
 -52551.632     2.908    -1.53    3.64
 -52174.826     2.858    -0.13    3.14
 -51798.007     3.211     0.94    2.82
 -51421.175     3.870     1.75    2.26
 -51044.330     4.358     1.29    1.74
 -50667.472     4.919     1.49    2.05
 -50290.600     4.819    -0.26    2.27
 -49913.716     4.846     0.07    2.10
 -49536.818     5.016     0.45    2.02
 -49159.908     4.643    -0.99    2.04
 -48782.984     5.024     1.01    2.03
 -48406.048     5.204     0.48    2.17
 -48029.098     5.312     0.29    2.30
 -47652.135     5.260    -0.14    2.14
 -47275.947     5.334     0.20    2.16
 -46901.556     5.138    -0.52    2.22
 -46527.152     5.173     0.09    2.43
 -46152.735     5.108    -0.18    2.72
 -45778.306     4.563    -1.46    2.80
 -45403.863     4.797     0.62    2.62
 -45029.407     4.260    -1.43    2.42
 -44654.939     4.537     0.74    2.36
 -44280.457     5.108     1.52    2.35
 -43905.963     5.358     0.67    2.37
 -43531.456     5.406     0.13    1.87
 -43156.935     5.191    -0.58    2.21
 -42782.402     4.650    -1.44    1.95
 -42407.856     4.167    -1.29    2.10
 -42033.297     4.486     0.85    2.65
 -41658.725     4.236    -0.67    2.66
 -41284.140     3.772    -1.24    3.35
 -40909.542     3.992     0.59    3.19
 -40534.931     3.650    -0.91    3.23
 -40160.307     4.089     1.17    3.03
 -39785.670     4.683     1.58    2.51
 -39411.021     4.947     0.71    2.16
 -39036.358     4.919    -0.08    1.96
 -38661.682     5.001     0.22    1.82
 -38286.993     4.967    -0.09    1.87
 -37912.292     4.762    -0.55    1.85
 -37537.577     4.041    -1.93    1.63
 -37162.849     3.919    -0.33    1.45
 -36788.109     4.058     0.37    1.44
 -36413.355     3.992    -0.18    1.61
 -36038.589     4.558     1.51    1.88
 -35663.809     4.715     0.42    2.18
 -35289.016     4.596    -0.32    1.86
 -34914.211     5.065     1.25    2.21
 -34539.392     5.834     2.05    2.31
 -34164.560     6.024     0.51    2.70
 -33789.716     5.903    -0.32    2.55
 -33414.858     5.260    -1.72    2.58
 -33039.987     5.024    -0.63    2.52
 -32665.104     4.748    -0.74    2.43
 -32290.207     4.568    -0.48    2.18
 -31915.297     4.426    -0.38    2.45
 -31540.374     4.127    -0.80    2.41
 -31165.439     3.602    -1.40    2.24
 -30790.490     3.167    -1.16    2.09
 -30415.528     3.281     0.30    2.14
 -30040.553     4.032     2.00    2.30
 -29665.565     4.252     0.59    2.47
 -29290.564     4.508     0.68    2.40
 -28915.550     5.163     1.75    2.23
 -28540.522     5.236     0.20    2.04
 -28165.482     5.120    -0.31    1.85
 -27790.429     4.947    -0.46    1.73
 -27415.363     5.528     1.55    1.91
 -27040.283     5.650     0.33    2.00
 -26665.191     5.699     0.13    1.87
 -26290.085     6.089     1.04    1.61
 -25914.966     6.429     0.91    1.92
 -25539.835     6.455     0.07    2.58
 -25164.690     6.633     0.47    2.63
 -24789.532     6.699     0.18    2.89
 -24414.361     6.125    -1.53    2.67
 -24039.177     6.260     0.36    2.63
 -23663.979     6.024    -0.63    2.66
 -23288.769     6.208     0.49    2.65
 -22913.546     6.883     1.80    2.60
 -22538.309     7.309     1.14    2.72
 -22163.059     6.919    -1.04    2.75
 -21787.797     6.406    -1.36    2.88
 -21412.521     5.748    -1.75    2.92
 -21037.232     4.967    -2.08    2.07
 -20661.930     5.226     0.69    1.70
 -20286.614     5.977     2.00    2.50
 -19911.286     6.717     1.97    2.35
 -19535.944     6.967     0.67    2.69
 -19160.590     7.072     0.28    2.75
 -18785.222     6.583    -1.30    2.20
 -18409.841     6.241    -0.91    2.36
 -18034.447     5.937    -0.81    2.45
 -17659.039     6.404     1.25    2.62
 -17283.619     6.992     1.57    2.46
 -16908.185     7.596     1.61    2.51
 -16532.739     8.079     1.29    2.29
 -16157.279     8.127     0.13    2.29
 -15781.806     8.143     0.04    2.34
 -15406.320     7.281    -2.30    2.21
 -15030.820     6.382    -2.39    2.30
 -14655.308     5.528    -2.27    2.08
 -14279.782     5.101    -1.14    1.98
 -13904.243     4.786    -0.84    1.85
 -13528.691     4.563    -0.59    2.05
 -13153.125     4.919     0.95    2.07
 -12777.547     4.528    -1.04    2.02
 -12401.955     4.528     0.00    2.40
 -12026.350     4.553     0.06    2.18
 -11650.732     4.870     0.84    2.44
 -11275.101     5.233     0.97    2.16
 -10899.456     5.008    -0.60    2.05
 -10523.799     5.405     1.06    1.87
 -10148.128     4.992    -1.10    1.67
  -9772.443     4.858    -0.36    1.84
  -9396.746     4.772    -0.23    1.83
  -9021.035     4.483    -0.77    1.86
  -8645.312     4.577     0.25    1.81
  -8269.574     5.048     1.25    1.77
  -7893.824     5.333     0.76    2.03
  -7518.061     5.455     0.32    2.03
  -7142.284     5.894     1.17    2.25
  -6766.494     6.114     0.58    2.07
  -6390.690     6.076    -0.10    2.03
  -6014.874     6.810     1.95    2.00
  -5639.044     6.943     0.35    1.88
  -5263.201     7.072     0.34    1.97
  -4887.345     7.533     1.23    2.32
  -4511.475     7.358    -0.47    2.37
  -4135.592     7.032    -0.87    2.17
  -3759.696     6.285    -1.99    2.56
  -3383.787     5.333    -2.53    2.15
  -3007.864     3.508    -4.86    4.04
  -2631.928     1.768    -4.63    4.69
  -2255.979     0.540    -3.27    5.15
  -1880.016    -1.437    -5.26    4.24
  -1504.041    -3.047    -4.28    2.27
  -1128.052    -3.476    -1.14    0.91
   -752.049    -3.467     0.02    1.11
   -376.034    -1.120     6.24    4.60
     -0.005     0.752     4.98    5.33
    376.038     3.455     7.19    5.25
    752.093     4.453     2.65    4.75
   1128.162     5.894     3.83    3.71
   1504.245     6.426     1.41    2.48
   1880.340     6.127    -0.79    2.22
   2256.449     6.048    -0.21    2.09
   2632.571     5.451    -1.59    1.84
   3008.707     5.048    -1.07    1.63
   3384.856     4.524    -1.39    1.71
   3761.018     3.794    -1.94    1.07
   4137.193     3.524    -0.72    1.17
   4513.382     3.483    -0.11    1.45
   4889.584     3.167    -0.84    1.49
   5265.800     2.846    -0.86    1.52
   5642.029     2.483    -0.96    1.45
   6018.271     2.016    -1.24    0.99
   6394.527     2.406     1.04    1.32
   6770.796     3.163     2.01    1.38
   7147.078     3.453     0.77    1.43
   7523.374     3.858     1.08    1.33
   7899.683     3.528    -0.87    1.60
   8276.006     3.001    -1.40    1.87
   8652.341     2.894    -0.28    1.85
   9028.691     2.553    -0.91    1.45
   9405.053     2.236    -0.84    1.36
   9781.429     1.929    -0.81    1.59
  10157.819     1.943     0.04    1.41
  10534.221     1.893    -0.13    1.24
  10910.638     1.846    -0.13    1.40
  11287.067     2.208     0.96    1.25
  11663.510     2.333     0.33    1.35
  12039.967     2.406     0.20    1.43
  12416.436     2.528     0.32    1.39
  12792.920     3.001     1.25    1.74
  13169.416     3.596     1.58    1.86
  13545.926     4.537     2.50    1.94
  13922.450     5.474     2.49    2.32
  14298.987     6.211     1.96    2.23
  14675.537     7.191     2.60    2.26
  15052.101     7.786     1.58    1.95
  15428.678     7.700    -0.23    1.73
  15805.269     7.699    -0.00    1.92
  16181.873     7.553    -0.39    1.81
  16558.490     7.382    -0.45    2.10
  16935.121     7.236    -0.39    2.00
  17311.766     7.252     0.04    1.90
  17688.424     7.471     0.58    2.03
  18065.095     7.908     1.16    1.91
  18441.780     8.065     0.42    1.94
  18818.478     8.065     0.00    2.08
  19195.190     7.794    -0.72    1.87
  19571.915     7.994     0.53    1.79
  19948.654     8.255     0.69    1.98
  20325.406     8.333     0.21    2.30
  20702.172     8.187    -0.39    2.33
  21078.951     8.533     0.92    2.37
  21455.744     8.630     0.26    2.21
  21832.550     8.779     0.39    2.40
  22209.369     8.480    -0.79    2.27
  22586.203     7.501    -2.60    2.33
  22963.049     7.211    -0.77    2.16
  23339.909     6.449    -2.02    1.70
  23716.783     5.937    -1.36    1.72
  24093.670     5.858    -0.21    1.74
  24470.571     6.453     1.58    1.94
  24847.485     7.089     1.69    1.95
  25224.413     7.715     1.66    1.86
  25601.354     8.409     1.84    1.86
  25978.309     8.553     0.38    2.06
  26355.277     8.577     0.06    2.20
  26732.259     8.602     0.06    2.14
  27109.254     8.163    -1.16    2.22
  27486.263     8.108    -0.15    2.19
  27862.023     8.083    -0.07    2.30
  28236.364     7.658    -1.14    2.16
  28610.718     7.382    -0.74    2.43
  28985.086     7.001    -1.02    2.26
  29359.466     6.823    -0.47    2.24
  29733.861     6.953     0.35    2.27
  30108.268     6.786    -0.45    2.11
  30482.689     6.675    -0.30    1.82
  30857.123     7.163     1.30    2.25
  31231.571     7.748     1.56    2.22
  31606.032     7.958     0.56    2.17
  31980.506     8.577     1.65    2.20
  32354.994     8.286    -0.78    2.03
  32729.495     7.882    -1.08    1.90
  33104.010     7.001    -2.35    2.05
  33478.538     6.281    -1.92    1.92
  33853.079     5.744    -1.43    1.48
  34227.634     5.528    -0.58    1.30
  34602.202     5.939     1.10    1.31
  34976.783     6.455     1.38    1.66
  35351.378     6.437    -0.05    1.79
  35725.986     6.835     1.06    1.75
  36100.608     6.742    -0.25    2.41
  36475.243     6.992     0.67    2.51
  36849.892     8.001     2.69    2.70
  37224.554     9.230     3.28    2.55
  37599.229     9.540     0.83    2.61
  37973.918     9.437    -0.27    2.39
  38348.620     9.260    -0.47    2.32
  38723.336     8.334    -2.47    2.51
  39098.065     7.870    -1.24    2.37
  39472.808     6.800    -2.86    2.00
  39847.564     6.153    -1.73    1.89
  40222.333     5.572    -1.55    1.73
  40597.116     5.405    -0.44    1.61
  40971.913     5.739     0.89    1.65
  41346.722     5.967     0.61    1.63
  41721.546     5.933    -0.09    1.48
  42096.383     5.943     0.03    1.38
  42471.233     6.211     0.72    1.49
  42846.096     6.919     1.89    2.20
  43220.974     7.620     1.87    1.85
  43595.864     8.001     1.02    2.31
  43970.768     8.048     0.13    2.31
  44345.686     7.477    -1.52    2.05
  44720.617     6.943    -1.42    1.91
  45095.562     6.658    -0.76    1.62
  45470.520     6.658     0.00    1.67
  45845.491     6.455    -0.54    1.76
  46220.477     6.211    -0.65    1.88
  46595.475     5.846    -0.98    1.79
  46970.487     5.358    -1.30    1.57
  47345.513     5.334    -0.06    1.30
  47720.552     4.973    -0.96    1.29
  48095.605     5.143     0.45    1.30
  48470.671     5.089    -0.14    1.25
  48845.751     5.382     0.78    1.67
  49220.844     5.626     0.65    2.07
  49595.950     5.673     0.13    2.18
  49971.071     5.562    -0.30    1.82
  50346.205     5.358    -0.55    1.52
  50721.352     5.453     0.25    1.21
  51096.513     5.675     0.59    1.75
  51471.687     5.742     0.18    2.11
  51846.875     5.926     0.49    2.04
  52222.077     5.937     0.03    2.23
  52597.292     6.143     0.55    2.17
  52972.521     6.358     0.57    1.96
  53347.763     6.089    -0.72    1.92
  53723.019     6.312     0.59    1.85
  54098.288     6.255    -0.15    1.79
  54473.571     6.215    -0.11    1.70
  54848.868     6.404     0.50    2.14
  55224.178     6.191    -0.57    2.32
  55599.501     6.477     0.76    2.05
  55974.839     6.908     1.15    2.35
  56350.189     6.786    -0.32    2.29
  56725.554     6.858     0.19    1.99
  57100.932     6.602    -0.68    1.53
  57476.324     6.748     0.39    1.87
  57851.729     6.772     0.06    1.96
  58227.148     7.211     1.17    2.37
  58602.580     7.739     1.40    2.52
  58978.026     7.480    -0.69    2.38
  59353.486     7.334    -0.39    2.16
  59728.959     6.762    -1.52    2.13
  60104.446     6.218    -1.45    1.66
  60479.947     6.215    -0.01    1.98
  60855.461     6.236     0.06    2.25
  61230.989     5.958    -0.74    2.30
  61606.530     5.163    -2.12    1.89
  61982.085     5.024    -0.37    1.57
  62357.654     5.041     0.04    1.44
  62733.236     5.406     0.97    1.73
  63108.832     5.858     1.20    1.97
  63484.442     5.943     0.23    2.16
  63860.065     6.483     1.44    2.19
  64235.702     6.858     1.00    2.02
  64611.353     6.967     0.29    1.83
  64987.017     6.528    -1.17    1.67
  65362.695     6.309    -0.58    1.69
  65738.387     6.331     0.06    1.52
  66114.093     6.520     0.50    1.85
  66489.812     6.409    -0.30    1.78
  66865.544     6.138    -0.72    1.68
  67241.291     5.905    -0.62    1.47
  67617.051     5.896    -0.02    1.39
  67992.825     6.608     1.89    2.02
  68368.612     7.358     2.00    2.27
  68744.413     7.858     1.33    2.17
  69120.228     7.858     0.00    2.06
  69496.057     7.602    -0.68    2.29
  69871.899     6.939    -1.76    2.07
  70247.755     6.805    -0.36    1.93
  70623.625     6.903     0.26    1.82
  70999.508     6.933     0.08    1.57
  71375.405     7.167     0.62    1.64
  71751.316     7.905     1.96    1.93
  72127.241     7.922     0.04    1.87
  72503.179     7.903    -0.05    1.90
  72879.131     7.922     0.05    1.45
  73255.097     8.431     1.35    1.71
  73631.077     8.382    -0.13    1.56
  74007.070     8.382     0.00    1.54
  74383.077     8.358    -0.06    1.56
  74759.098     8.016    -0.91    1.36
  75135.132     7.858    -0.42    1.30
  75511.181     7.715    -0.38    1.30
  75887.243     7.967     0.67    1.41
  76263.319     8.191     0.59    1.45
  76639.408     8.558     0.98    1.67
  77015.512     9.504     2.52    2.22
  77391.629    10.016     1.36    2.01
  77767.760     9.905    -0.29    2.20
  78143.905     9.602    -0.81    2.40
  78520.063     9.239    -0.96    2.10
  78896.235     9.967     1.94    2.85
  79272.422    10.258     0.77    2.85
  79648.621    10.724     1.24    2.60
  80024.835    10.667    -0.15    2.34
  80401.063     9.939    -1.94    1.75
  80777.304     9.858    -0.22    1.52
  81153.559     9.797    -0.16    1.47
  81529.828     9.870     0.19    1.53
  81906.111     9.596    -0.73    1.41
  82282.407     9.211    -1.02    1.78
  82658.718     9.429     0.58    2.74
  83035.042     9.528     0.26    2.73
  83411.380     8.894    -1.69    2.57
  83787.732     9.033     0.37    2.47
  84164.098     8.675    -0.95    1.89
  84540.477     8.733     0.15    1.84
  84916.871     9.096     0.96    2.24
  85293.278     9.501     1.08    2.35
  85669.699     9.797     0.79    2.45
  86046.134    10.215     1.11    2.40
  86422.583    10.409     0.52    2.16
  86799.046    10.405    -0.01    2.09
  87175.522    10.167    -0.63    2.04
  87552.013    10.148    -0.05    2.11
  87928.517    10.453     0.81    2.21
  88305.035    10.255    -0.53    2.02
  88681.567    10.471     0.57    2.07
  89058.113    10.724     0.67    2.13
  89434.673    10.939     0.57    2.13
  89811.246    11.309     0.98    2.06
  90187.834    11.410     0.27    1.96
  90564.436    11.630     0.58    2.13
  90941.051    11.208    -1.12    2.33
  91317.680    11.310     0.27    2.35
  91694.323    11.691     1.01    2.25
  92070.980    11.512    -0.48    2.05
  92447.651    11.040    -1.25    2.14
  92824.336    10.614    -1.13    2.00
  93201.035    11.041     1.13    2.54
  93577.748    11.943     2.40    3.07
  93954.475    12.783     2.23    3.14
  94331.215    13.108     0.86    2.75
  94707.970    12.884    -0.59    2.37
  95084.738    12.797    -0.23    2.36
  95461.521    12.524    -0.72    2.37
  95838.317    12.041    -1.28    2.30
  96215.127    12.153     0.30    2.04
  96591.952    12.121    -0.09    1.81
  96968.790    12.453     0.88    1.83
  97345.642    12.288    -0.44    2.37
  97722.508    12.406     0.31    2.94
  98099.388    12.544     0.36    2.59
  98476.282    12.486    -0.15    2.64
  98853.190    12.358    -0.34    2.20
  99230.112    11.762    -1.58    2.01
  99607.048    11.929     0.44    1.85
  99983.998    12.382     1.20    1.92
 100360.962    12.808     1.13    1.74
 100737.940    13.016     0.55    1.91
 101114.932    13.577     1.49    2.22
 101491.938    13.762     0.49    2.02
 101868.958    13.480    -0.75    1.75
 102245.991    13.620     0.37    1.93
 102623.039    13.455    -0.44    2.05
 102998.360    13.431    -0.06    2.02
 103372.652    13.675     0.65    2.22
 103746.958    14.048     1.00    2.20
 104121.277    14.453     1.08    2.10
 104495.611    14.265    -0.50    2.06
 104869.958    14.358     0.25    2.43
 105244.319    14.474     0.31    2.33
 105618.694    14.724     0.67    2.43
 105993.083    15.258     1.43    2.19
 106367.485    15.650     1.05    2.15
 106741.902    15.620    -0.08    2.27
 107116.332    15.041    -1.55    2.25
 107490.776    14.786    -0.68    2.11
 107865.234    14.183    -1.61    2.05
 108239.705    14.463     0.75    2.42
 108614.191    14.125    -0.90    2.50
 108988.690    14.114    -0.03    2.30
 109363.203    14.602     1.30    2.19
 109737.730    14.739     0.37    1.94
 110112.271    14.794     0.15    2.10
 110486.826    14.721    -0.19    2.30
 110861.395    14.306    -1.11    2.36
 111235.977    13.812    -1.32    2.05
 111610.573    13.577    -0.63    1.94
 111985.184    13.724     0.39    2.13
 112359.808    13.869     0.39    2.41
 112734.446    13.768    -0.27    2.57
 113109.097    13.699    -0.19    2.59
 113483.763    13.153    -1.46    2.19
 113858.443    14.079     2.47    2.39
 114233.136    14.504     1.14    2.39
 114607.844    14.922     1.11    1.97
 114982.565    14.312    -1.63    1.85
 115357.300    13.910    -1.07    1.52
 115732.049    14.333     1.13    1.93
 116106.812    14.429     0.26    2.28
 116481.589    14.309    -0.32    2.37
 116856.380    14.024    -0.76    2.45
 117231.184    13.922    -0.27    2.52
 117606.003    13.929     0.02    2.51
 117980.836    14.065     0.36    2.50
 118355.682    13.977    -0.24    2.17
 118730.543    13.626    -0.94    2.04
 119105.417    13.596    -0.08    1.68
 119480.305    13.699     0.28    1.68
 119855.207    14.163     1.24    1.91
 120230.123    14.406     0.65    2.00
 120605.054    14.334    -0.19    1.94
 120979.998    14.667     0.89    1.88
 121354.956    14.882     0.57    1.74
 121729.928    14.691    -0.51    1.83
 122104.914    14.869     0.48    2.06
 122479.913    14.762    -0.29    2.05
 122854.927    15.285     1.39    2.08
 123229.955    15.558     0.73    2.02
 123604.997    15.504    -0.14    2.09
 123980.053    15.724     0.59    1.84
 124355.122    15.453    -0.72    1.72
 124730.206    15.358    -0.25    1.58
 125105.304    15.614     0.68    1.48
 125480.416    15.790     0.47    1.61
 125855.541    15.748    -0.11    1.63
 126230.681    15.553    -0.52    1.68
 126605.835    15.260    -0.78    1.50
 126981.002    15.512     0.67    1.66
 127356.184    15.630     0.32    1.63
 127731.380    15.435    -0.52    1.92
 128106.590    15.262    -0.46    1.78
 128481.813    15.055    -0.55    1.73
 128857.051    15.008    -0.13    1.75
 129232.303    15.267     0.69    1.43
 129607.569    15.489     0.59    1.49
 129982.849    15.660     0.46    1.44
 130358.143    15.596    -0.17    1.59
 130733.451    15.453    -0.38    1.76
 131108.773    15.544     0.24    1.69
 131484.109    15.614     0.19    1.31
 131859.459    15.767     0.41    1.34
 132234.823    16.208     1.17    1.44
 132610.201    16.675     1.24    1.69
 132985.593    16.504    -0.45    1.80
 133360.999    16.469    -0.09    1.94
 133736.420    16.319    -0.40    2.25
