# NaN NaN NaN ;Mean Elev.(m), Avg Gradient(m/km), RMS Gradient(m/km) - SRTM1     
#   10.127   0.260   1.148 ;Mean Elev.(m), Avg Gradient(m/km), RMS Gradient(m/km) - ASTER GDEM
#    5.539  -0.002   1.725 ;Mean Elev.(m), Avg Gradient(m/km), RMS Gradient(m/km) - GMTED2010 
  7  89.028050  24.060206    13.416    14.040 10 52461.18006664 24.722
  8  89.027360  24.067764    13.799    13.660 10 52496.18006619 22.887
  9  89.026912  24.072144    13.171    12.749  9 52531.18005129 25.020
 10  89.028993  24.055339    11.530    11.372 11 52566.18007540 29.952
 11  89.023232  24.089106     8.614     8.590  8 52601.18008442 37.532
 12  89.026514  24.078193     7.489     7.527  8 52636.18004910 39.642
 13  89.026018  24.081965     7.623     6.775  8 52671.18005453 30.642
 14  89.027636  24.066019     6.869     6.926 10 52706.18005334 33.729
 15  89.025023  24.085697     7.214     6.351  8 52741.18008314 27.276
 16  89.027166  24.075067     8.897     8.510  8 52776.18002925 26.223
 17  89.026464  24.078191     9.802     8.784  8 52811.18010548 26.283
 18  89.026761  24.071408    14.052    13.889  9 52846.18016211 23.062
 20  89.026645  24.072095    14.216    14.190  9 52916.18015646 27.614
 21  89.028850  24.053110    11.710    12.100 11 52951.18012058 33.792
 27  89.024008  24.088403     9.728     7.945  9 53161.18018260 23.644
 29  89.028014  24.060116    14.344    14.593 10 53231.18016930 23.827
 56  89.025506  24.081283     6.409     6.423  8 54176.18007189 44.250
 57  89.026379  24.075774     6.525     6.518  8 54211.18007939 30.522
 58  89.027153  24.077015     6.828     6.821  8 54246.18010876 30.161
 60  89.027496  24.074685    14.294    14.103  8 54316.18011888 27.419
 61  89.026319  24.080213    14.200    14.287  8 54351.18008514 28.937
 62  89.026799  24.069014    12.542    12.362 10 54386.18005910 35.369
 63  89.025676  24.080039    11.293    11.458  8 54421.18003521 31.261
 64  89.027183  24.064478     8.747     8.139 10 54456.18003260 39.269
 66  89.027100  24.065718     6.620     6.633 10 54526.18004524 41.291
 67  89.025536  24.079266     6.522     6.456  8 54561.18004488 33.239
 68  89.026466  24.075540     7.373     6.872  8 54596.18003890 27.544
 69  89.026021  24.077573     7.620     7.639  8 54631.18005263 39.037
 70  89.025622  24.078680    13.381    13.176  8 54666.18005847 21.488
 71  89.026299  24.076103    14.313    14.083  8 54701.18002750 27.078
 72  89.026451  24.067841    12.398    12.395 10 54736.18002034 43.245
 73  89.026690  24.075597    10.195    10.183  8 54771.18000874 29.677
 74  89.027053  24.075094     8.578     8.585  8 54806.18001259 37.841
 75  89.026560  24.074282     7.643     7.622  8 54841.18000433 25.464
 76  89.026244  24.075580     6.799     6.789  8 54876.18001409 40.736
 77  89.025285  24.085159     7.492     6.785  8 54911.18000776 26.554
 78  89.026374  24.076432     6.352     6.339  8 54946.18000588 23.147
 79  89.025969  24.078703     6.719     6.718  9 54981.18003191 35.436
 80  89.026225  24.074924     9.686     9.428  8 55016.18003405 22.148
 81  89.027203  24.075030    12.471    12.431  7 55051.18002824 49.867
 82  89.025340  24.082094    12.576    12.583  8 55086.17999240 42.418
 83  89.027319  24.067456    12.550    12.384 10 55121.17996411 32.646
 84  89.025718  24.081565    11.525    11.057  8 55156.17995272 20.762
 86  89.025989  24.080698     6.208     6.231  8 55226.17995361 45.315
 87  89.027231  24.074237     5.937     5.933  7 55261.17994784 33.610
 88  89.025907  24.079477     6.366     5.647  9 55296.17993839 31.391
 89  89.025585  24.079497     6.149     6.125  8 55331.17992716 39.277
 90  89.026443  24.077154     9.312     9.986  9 55366.17992099 30.523
 91  89.026966  24.070656    12.135    12.172 10 55401.17993478 21.641
 92  89.027022  24.072527    13.294    13.150  8 55436.17993869 22.827
 93  89.025959  24.081156    13.271    13.267  8 55471.17988932 47.841
