# NaN NaN NaN ;Mean Elev.(m), Avg Gradient(m/km), RMS Gradient(m/km) - SRTM1     
#    9.581  -0.582  14.760 ;Mean Elev.(m), Avg Gradient(m/km), RMS Gradient(m/km) - ASTER GDEM
#   25.034  -0.322  13.279 ;Mean Elev.(m), Avg Gradient(m/km), RMS Gradient(m/km) - GMTED2010 
  8  87.722739  25.306123    26.976    26.922  8 52492.66180052 38.356
 10  87.717084  25.299016    25.964    25.964  2 52562.66182404 52.712
 12  87.712882  25.300152    23.808    23.808  2 52632.66178715 29.233
 13  87.713916  25.299221    23.810    23.742  3 52667.66180477 48.363
 14  87.717475  25.310151    23.554    23.548  9 52702.66178110 25.621
 16  87.719109  25.308202    23.618    23.608  8 52772.66178463 40.150
 17  87.710532  25.300417    24.098    24.098  2 52807.66184327 29.011
 18  87.713247  25.300649    27.392    27.392  2 52842.66190150 28.560
 19  87.713213  25.299185    29.137    29.137  2 52877.66193957 22.203
 20  87.723268  25.305776    29.548    29.587  7 52912.66189879 41.496
 21  87.717438  25.298935    25.593    25.593  2 52947.66185496 49.405
 23  87.717378  25.298558    23.821    23.812  3 53017.66188436 34.867
 24  87.716910  25.299033    25.124    25.092  3 53052.66186517 46.173
 25  87.709390  25.300249    23.504    23.504  2 53087.66190227 46.560
 26  87.713232  25.300103    24.035    23.745  3 53122.66187242 48.416
 27  87.707715  25.300799    23.702    23.715  3 53157.66192966 33.175
 28  87.717560  25.310012    26.425    26.186  9 53192.66192431 37.611
 30  87.715696  25.298866    26.235    26.268  3 53262.66189395 22.914
 31  87.704677  25.300986    25.832    25.830  3 53297.66193263 46.891
 33  87.719063  25.307994    23.966    23.965  9 53367.66184939 40.831
 34  87.714668  25.299568    23.732    23.733  3 53402.66187685 30.043
 35  87.716866  25.308587    23.677    23.694  7 53437.66186728 27.177
 36  87.710296  25.300544    23.485    23.485  2 53472.66192040 53.148
 37  87.713275  25.300242    24.181    24.155  3 53507.66194829 20.595
 38  87.712274  25.299659    23.531    23.531  2 53542.66195687 21.227
 39  87.715762  25.298771    27.747    27.815  3 53577.66194178 23.112
 40  87.715853  25.299227    29.539    29.539  2 53612.66189446 36.340
 42  87.710863  25.299933    24.842    24.842  2 53682.66191508 49.527
 43  87.719103  25.308040    24.007    23.972  8 53717.66184368 36.400
 44  87.717003  25.310507    23.738    23.765  9 53752.66176435 44.865
 45  87.718330  25.308708    23.580    23.667  8 53787.66179408 43.995
 46  87.715216  25.299317    23.184    23.184  2 53822.66174704 28.683
 47  87.710692  25.299181    23.551    23.551  2 53857.66183912 34.476
 48  87.716388  25.310556    23.809    23.848  7 53892.66185509 35.619
 49  87.704780  25.300359    25.396    25.396  2 53927.66191300 40.219
 50  87.710000  25.301442    27.275    27.275  2 53962.66189619 26.649
 51  87.713765  25.300249    27.515    27.486  3 53997.66184197 21.479
 52  87.717140  25.298600    25.006    25.021  3 54032.66189171 49.132
 54  87.718396  25.298129    23.564    23.672  3 54102.66184472 26.610
 55  87.713943  25.299169    23.607    23.607  2 54137.66181449 35.553
 56  87.717240  25.297766    23.575    23.572  3 54172.66182222 30.466
 57  87.712572  25.299884    23.711    23.705  3 54207.66181999 39.968
 58  87.716000  25.299297    23.826    23.826  2 54242.66185238 38.245
 59  87.715571  25.300106    24.695    24.699  3 54277.66186623 40.635
 60  87.717507  25.298770    28.479    28.469  3 54312.66186615 33.921
 61  87.718287  25.301502    28.255    28.245  4 54347.66183863 24.872
 62  87.715458  25.298407    27.424    27.449  3 54382.66180345 30.497
 63  87.717292  25.298828    24.804    24.804  2 54417.66178725 29.842
 64  87.713557  25.299734    24.144    24.144  2 54452.66177342 44.027
 65  87.718157  25.298183    23.732    23.715  3 54487.66178480 52.768
 66  87.716229  25.299476    23.667    23.661  3 54522.66178637 51.757
 67  87.717651  25.298544    23.368    23.313  3 54557.66179498 25.211
 68  87.714665  25.300002    23.182    23.182  2 54592.66178306 41.321
 69  87.716205  25.298150    23.817    23.806  3 54627.66179771 29.881
 70  87.713252  25.299977    27.979    27.962  3 54662.66180555 39.794
 71  87.717500  25.305688    28.984    28.943  6 54697.66178132 33.238
 72  87.713960  25.299405    26.207    26.193  3 54732.66176247 52.331
 73  87.717114  25.298742    24.931    24.931  2 54767.66175894 36.730
 74  87.712549  25.300818    24.232    24.232  2 54802.66175623 43.103
 75  87.716105  25.300062    23.799    23.800  3 54837.66175246 49.547
 76  87.714079  25.299428    23.603    23.618  3 54872.66175509 37.875
 77  87.716447  25.299742    23.528    23.521  3 54907.66175932 48.747
 78  87.713164  25.298984    23.426    23.426  2 54942.66174809 30.875
 79  87.714542  25.299674    24.075    24.075  2 54977.66177590 39.837
 80  87.715845  25.299065    23.750    23.750  2 55012.66178261 42.934
 81  87.716195  25.299118    26.712    26.712  2 55047.66177517 36.632
 82  87.718063  25.301741    26.797    26.853  4 55082.66174674 39.473
 83  87.715310  25.299583    27.026    27.026  2 55117.66170689 52.412
 84  87.715583  25.300062    24.597    24.628  3 55152.66170423 40.535
 85  87.713277  25.299249    24.212    24.212  2 55187.66169456 34.887
 86  87.716139  25.299042    23.904    23.904  2 55222.66170303 51.623
 87  87.715970  25.299620    23.734    23.839  3 55257.66169016 47.258
 88  87.718003  25.297875    23.100    23.080  3 55292.66169065 48.697
 89  87.713177  25.300540    22.921    22.921  2 55327.66167488 31.593
 90  87.716721  25.299966    23.605    23.626  3 55362.66167005 46.903
 91  87.713633  25.300229    25.484    25.495  3 55397.66167827 41.616
 93  87.717721  25.309273    28.743    28.762  8 55467.66164564 48.735
