# NaN NaN NaN ;Mean Elev.(m), Avg Gradient(m/km), RMS Gradient(m/km) - SRTM1     
#   19.722  -0.313   3.602 ;Mean Elev.(m), Avg Gradient(m/km), RMS Gradient(m/km) - ASTER GDEM
#   29.193   0.288   1.456 ;Mean Elev.(m), Avg Gradient(m/km), RMS Gradient(m/km) - GMTED2010 
  7    -0.749 52448.18585149 15.89  87.167169  25.289950  5.401
  7    -0.237 52448.18585214 15.94  87.166339  25.286660  5.401
  7     0.106 52448.18585278 16.66  87.165499  25.283370  5.401
  7     0.399 52448.18585343 16.98  87.164669  25.280070  5.401
  7    -0.220 52448.18585407 20.95  87.163829  25.276780  5.401
  7     0.339 52448.18585472 17.09  87.162989  25.273490  5.401
  8    29.774 52483.18584029 30.25  87.172211  25.287364  9.757
  8    30.658 52483.18584093 26.93  87.171371  25.284074  9.757
  8    30.999 52483.18584158 29.10  87.170541  25.280784  9.757
  8    31.421 52483.18584222 28.22  87.169701  25.277484  9.757
  8    31.498 52483.18584287 29.93  87.168871  25.274199 32.918
  8    31.474 52483.18584351 28.58  87.168031  25.270899 32.918
  9    31.655 52518.18579818 19.88  87.175582  25.287208 22.667
  9    31.633 52518.18579882 21.56  87.174752  25.283918 22.667
  9    32.020 52518.18579947 24.96  87.173912  25.280618 22.667
  9    32.156 52518.18580011 25.25  87.173075  25.277332 41.585
  9    32.250 52518.18580076 33.54  87.172245  25.274032 41.585
  9    32.249 52518.18580140 33.56  87.171405  25.270742 41.585
 10    30.331 52553.18584780 33.39  87.172969  25.289350 30.276
 10    30.510 52553.18584844 39.74  87.172139  25.286060 30.276
 10    30.394 52553.18584909 41.50  87.171299  25.282760 30.276
 10    30.541 52553.18584973 43.58  87.170459  25.279470 30.276
 10    30.420 52553.18585037 44.83  87.169629  25.276180 30.276
 10    30.260 52553.18585102 50.52  87.168789  25.272880 30.276
 10    30.391 52553.18585166 47.99  87.167959  25.269590 30.276
 12    26.715 52623.18578382 53.40  87.175028  25.287839 29.591
 12    26.741 52623.18578447 45.25  87.174188  25.284549 29.591
 12    26.749 52623.18578511 50.97  87.173358  25.281249 29.591
 12    26.657 52623.18578576 39.09  87.172518  25.277959 29.591
 12    26.451 52623.18578640 35.61  87.171688  25.274669 29.591
 12    26.702 52623.18578705 46.42  87.170848  25.271369 29.591
 13    25.985 52658.18579973 38.23  87.178557  25.286429 16.616
 13    26.047 52658.18580037 41.94  87.177722  25.283145 36.865
 13    26.142 52658.18580102 47.77  87.176882  25.279845 36.865
 13    25.589 52658.18580166 35.77  87.176052  25.276555 36.865
 13    25.729 52658.18580231 30.59  87.175212  25.273265 36.865
 13    25.979 52658.18580295 36.45  87.174372  25.269965 36.865
 15    27.377 52728.18582124 16.87  87.178667  25.285609 15.775
 15    26.616 52728.18582189 17.31  87.177827  25.282319 15.775
 15    25.526 52728.18582253 19.77  87.176997  25.279019 15.775
 15    25.457 52728.18582317 20.27  87.176157  25.275729 15.775
 15    25.726 52728.18582382 25.33  87.175327  25.272439 15.775
 15    25.850 52728.18582446 25.97  87.174487  25.269139 15.775
 16    25.995 52763.18583268 23.67  87.165879  25.293826 19.550
 16    26.173 52763.18583333 27.34  87.165039  25.290536 19.550
 16    26.136 52763.18583397 26.32  87.164209  25.287246 19.550
 16    26.138 52763.18583462 26.26  87.163369  25.283946 19.550
 16    26.129 52763.18583526 23.96  87.162539  25.280656 19.550
 16    26.035 52763.18583591 23.64  87.161699  25.277366 19.550
 16    25.981 52763.18583655 29.23  87.160859  25.274066 19.550
 17    26.135 52798.18580530 22.31  87.183277  25.282557 19.049
 17    26.055 52798.18580594 17.61  87.182437  25.279267 19.049
 17    25.900 52798.18580659 17.70  87.181607  25.275967 19.049
 17    26.060 52798.18580723 22.01  87.180767  25.272677 19.049
 17    26.170 52798.18580788 27.73  87.179937  25.269387 19.049
 17    26.353 52798.18580852 34.27  87.179097  25.266087 19.049
 18    30.901 52833.18587580 22.82  87.182854  25.283316 34.091
 18    31.022 52833.18587645 23.73  87.182014  25.280026 34.091
 18    31.179 52833.18587709 26.25  87.181184  25.276736 34.091
 18    31.355 52833.18587774 34.80  87.180344  25.273436 34.091
 18    31.220 52833.18587838 43.66  87.179514  25.270146 34.091
 18    31.178 52833.18587903 47.67  87.178674  25.266856 34.091
 19    32.343 52868.18591823 22.43  87.182866  25.284073 40.602
 19    32.462 52868.18591888 22.18  87.182026  25.280783 40.602
 19    32.798 52868.18591952 25.32  87.181196  25.277493 40.602
 19    32.898 52868.18592017 39.45  87.180356  25.274193 40.602
 19    33.066 52868.18592081 47.16  87.179516  25.270903 40.602
 19    32.848 52868.18592146 44.68  87.178686  25.267613 40.602
 20    33.533 52903.18593271 24.46  87.175171  25.288949 31.284
 20    33.281 52903.18593335 22.98  87.174331  25.285659 31.284
 20    33.774 52903.18593400 22.19  87.173501  25.282359 31.284
 20    34.224 52903.18593464 22.30  87.172661  25.279069 31.284
 20    34.354 52903.18593529 22.34  87.171831  25.275779 31.284
 20    34.489 52903.18593593 29.59  87.170991  25.272479 31.284
 20    34.267 52903.18593658 24.44  87.170163  25.269193 17.180
 21    31.886 52938.18587060 23.80  87.172247  25.287574 17.895
 21    31.205 52938.18587125 23.72  87.171407  25.284284 17.895
 21    31.407 52938.18587189 25.24  87.170577  25.280994 17.895
 21    31.592 52938.18587254 26.38  87.169737  25.277694 17.895
 21    31.427 52938.18587318 31.68  87.168907  25.274404 17.895
 21    32.139 52938.18587383 31.71  87.168067  25.271114 17.895
 22    28.265 52973.18590526 52.68  87.175412  25.286331 28.539
 22    28.125 52973.18590590 47.79  87.174582  25.283031 28.539
 22    27.970 52973.18590655 50.68  87.173745  25.279748 30.730
 22    27.994 52973.18590719 44.01  87.172905  25.276448 30.730
 22    27.848 52973.18590784 41.17  87.172075  25.273158 30.730
 22    27.967 52973.18590848 49.30  87.171235  25.269858 30.730
 23    27.247 53008.18591358 36.54  87.171009  25.288865 23.030
 23    26.960 53008.18591423 36.34  87.170179  25.285565 23.030
 23    27.045 53008.18591487 35.27  87.169339  25.282275 23.030
 23    26.923 53008.18591552 36.40  87.168509  25.278985 23.030
 23    26.584 53008.18591616 28.28  87.167669  25.275685 23.030
 23    26.853 53008.18591680 28.17  87.166838  25.272400 20.718
 24    27.162 53043.18587052 51.64  87.176172  25.287422 24.813
 24    27.006 53043.18587117 47.72  87.175332  25.284132 24.813
 24    26.935 53043.18587181 44.20  87.174502  25.280832 24.813
 24    26.994 53043.18587246 47.95  87.173662  25.277540 36.381
 24    26.739 53043.18587310 40.46  87.172822  25.274250 36.381
 24    26.647 53043.18587374 49.00  87.171992  25.270960 36.381
 25    26.104 53078.18590355 48.88  87.171223  25.290501 22.882
 25    25.968 53078.18590419 33.78  87.170393  25.287211 22.882
 25    25.934 53078.18590484 33.36  87.169553  25.283911 22.882
 25    26.040 53078.18590548 41.12  87.168723  25.280628 30.534
 25    25.976 53078.18590613 32.53  87.167883  25.277328 30.534
 25    25.804 53078.18590677 29.94  87.167043  25.274038 30.534
 25    25.766 53078.18590742 45.66  87.166213  25.270748 30.534
 26    26.404 53113.18587388 35.95  87.173425  25.289231 18.384
 26    26.132 53113.18587453 31.20  87.172585  25.285941 18.384
 26    26.011 53113.18587517 28.81  87.171755  25.282641 18.384
 26    26.111 53113.18587581 32.95  87.170914  25.279357 17.789
 26    25.827 53113.18587646 30.53  87.170084  25.276057 17.789
 26    25.936 53113.18587710 31.18  87.169244  25.272767 17.789
 26    25.937 53113.18587775 26.82  87.168404  25.269477 17.789
 27    26.011 53148.18591891 29.97  87.172661  25.287207 10.952
 27    26.116 53148.18591955 29.22  87.171831  25.283907 10.952
 27    26.051 53148.18592020 30.37  87.170996  25.280623 16.107
 27    25.961 53148.18592084 33.44  87.170156  25.277323 16.107
 27    25.944 53148.18592149 25.39  87.169326  25.274033 16.107
 27    26.153 53148.18592213 31.64  87.168486  25.270743 16.107
 28    29.352 53183.18591885 27.16  87.180920  25.282337 19.299
 28    29.228 53183.18591950 36.55  87.180080  25.279047 19.299
 28    29.154 53183.18592014 24.38  87.179250  25.275757 19.299
 28    29.020 53183.18592079 22.12  87.178410  25.272457 19.299
 28    29.245 53183.18592143 25.57  87.177578  25.269173 18.790
 28    29.194 53183.18592208 25.44  87.176738  25.265873 18.790
 29    30.824 53218.18594254 17.58  87.174925  25.286753 21.419
 29    31.066 53218.18594319 19.70  87.174085  25.283463 21.419
 29    31.361 53218.18594383 25.69  87.173255  25.280173 21.419
 29    31.505 53218.18594448 34.64  87.172415  25.276873 21.419
 29    31.384 53218.18594512 39.22  87.171584  25.273589 37.628
 29    31.220 53218.18594577 38.10  87.170744  25.270289 37.628
 30    31.985 53253.18591972 27.04  87.170092  25.290101 20.611
 30    31.736 53253.18592036 28.38  87.169262  25.286811 20.611
 30    31.767 53253.18592101 29.11  87.168422  25.283511 20.611
 30    32.147 53253.18592165 31.07  87.167582  25.280221 20.611
 30    32.276 53253.18592230 40.62  87.166752  25.276931 20.611
 30    32.163 53253.18592294 45.40  87.165912  25.273631 20.611
 56    26.239 54163.18583433 30.81  87.174005  25.286332 15.056
 56    26.138 54163.18583497 33.84  87.173175  25.283042 15.056
 56    26.696 54163.18583561 31.09  87.172335  25.279752 15.056
 56    26.918 54163.18583626 35.74  87.171505  25.276459 23.308
 56    25.992 54163.18583690 37.69  87.170665  25.273159 23.308
 56    25.878 54163.18583755 48.32  87.169825  25.269869 23.308
 57    26.175 54198.18580469 28.75  87.177758  25.284523 10.060
 57    26.079 54198.18580533 40.98  87.176919  25.281239 24.514
 57    26.084 54198.18580598 37.90  87.176079  25.277939 24.514
 57    25.829 54198.18580662 27.99  87.175249  25.274649 24.514
 57    25.859 54198.18580727 25.02  87.174409  25.271359 24.514
 57    25.921 54198.18580791 21.67  87.173579  25.268059 24.514
 58    26.145 54233.18584741 24.07  87.177549  25.285263  9.222
 58    26.136 54233.18584806 31.56  87.176709  25.281973  9.222
 58    26.044 54233.18584870 29.66  87.175879  25.278673  9.222
 58    25.992 54233.18584935 26.77  87.175044  25.275387 12.915
 58    25.926 54233.18584999 26.67  87.174204  25.272087 12.915
 58    26.064 54233.18585064 24.54  87.173374  25.268797 12.915
 59    26.657 54268.18586653 32.53  87.176738  25.285081 19.590
 59    26.634 54268.18586717 41.43  87.175908  25.281791 19.590
 59    26.510 54268.18586782 39.68  87.175068  25.278501 19.590
 59    29.607 54268.18586846 26.06  87.174236  25.275207 12.571
 59    26.670 54268.18586911 26.72  87.173396  25.271907 12.571
 59    26.475 54268.18586975 31.86  87.172556  25.268617 12.571
 60    32.065 54303.18587049 48.58  87.177012  25.285164 22.583
 60    32.145 54303.18587113 50.21  87.176182  25.281874 22.583
 60    32.214 54303.18587178 49.63  87.175342  25.278584 22.583
 60    32.221 54303.18587242 45.49  87.174510  25.275290 42.536
 60    32.120 54303.18587307 47.64  87.173670  25.271990 42.536
 60    32.053 54303.18587371 50.74  87.172840  25.268700 42.536
 61    32.766 54338.18585553 27.03  87.175976  25.286903 36.670
 61    32.862 54338.18585618 26.74  87.175136  25.283613 36.670
 61    33.594 54338.18585682 25.95  87.174306  25.280323 36.670
 61    33.776 54338.18585747 43.04  87.173466  25.277023 36.670
 61    33.872 54338.18585811 51.15  87.172628  25.273738 45.413
 61    33.760 54338.18585876 46.28  87.171798  25.270438 45.413
 62    32.329 54373.18580384 33.76  87.178114  25.284647 30.398
 62    32.391 54373.18580448 38.48  87.177284  25.281347 30.398
 62    32.408 54373.18580513 42.62  87.176444  25.278057 30.398
 62    32.350 54373.18580577 45.71  87.175614  25.274767 30.398
 62    32.329 54373.18580641 47.74  87.174774  25.271467 30.398
 62    32.437 54373.18580706 47.02  87.173940  25.268184 41.053
 63    28.924 54408.18580149 50.05  87.174948  25.285836 34.551
 63    29.015 54408.18580214 49.26  87.174108  25.282546 34.551
 63    28.811 54408.18580278 43.60  87.173278  25.279246 34.551
 63    28.900 54408.18580343 43.83  87.172438  25.275956 34.551
 63    28.812 54408.18580407 42.14  87.171608  25.272666 34.551
 63    28.738 54408.18580472 51.76  87.170768  25.269366 34.551
 64    27.128 54443.18576430 48.03  87.180336  25.285863 28.001
 64    27.133 54443.18576495 49.60  87.179496  25.282563 28.001
 64    27.140 54443.18576559 51.94  87.178666  25.279273 28.001
 64    27.576 54443.18576624 40.89  87.177826  25.275983 28.001
 64    27.661 54443.18576688 30.95  87.176996  25.272683 28.001
 64    27.066 54443.18576753 41.52  87.176155  25.269399 29.652
 66    25.596 54513.18577975 46.93  87.179770  25.284547 29.003
 66    25.539 54513.18578040 43.09  87.178940  25.281257 29.003
 66    25.875 54513.18578104 41.37  87.178100  25.277967 29.003
 66    27.322 54513.18578169 34.94  87.177270  25.274667 29.003
 66    27.043 54513.18578233 27.43  87.176430  25.271377 29.003
 66    25.761 54513.18578298 39.46  87.175600  25.268087 29.003
 67    25.237 54548.18580425 26.63  87.175130  25.286292 13.456
 67    26.440 54548.18580490 26.33  87.174299  25.283007 25.072
 67    27.104 54548.18580554 35.81  87.173459  25.279707 25.072
 67    27.251 54548.18580619 40.32  87.172619  25.276417 25.072
 67    25.740 54548.18580683 35.25  87.171789  25.273127 25.072
 67    25.664 54548.18580748 46.77  87.170949  25.269827 25.072
 68    25.091 54583.18577453 24.02  87.178294  25.287061 13.591
 68    25.399 54583.18577518 31.91  87.177459  25.283776 29.342
 68    25.284 54583.18577582 27.84  87.176619  25.280476 29.342
 68    25.102 54583.18577647 25.82  87.175789  25.277186 29.342
 68    25.531 54583.18577711 27.99  87.174949  25.273896 29.342
 68    25.671 54583.18577776 38.95  87.174119  25.270596 29.342
 68    25.519 54583.18577840 42.76  87.173279  25.267306 29.342
 69    25.514 54618.18579531 28.20  87.177344  25.287315  6.949
 69    25.645 54618.18579595 31.57  87.176510  25.284022 19.853
 69    25.174 54618.18579660 30.19  87.175670  25.280722 19.853
 69    25.236 54618.18579724 25.80  87.174840  25.277432 19.853
 69    25.559 54618.18579789 26.48  87.174000  25.274142 19.853
 69    25.557 54618.18579853 31.58  87.173160  25.270842 19.853
 70    31.892 54653.18580717 29.88  87.175085  25.287567  9.851
 70    32.128 54653.18580782 28.85  87.174252  25.284283 38.860
 70    32.174 54653.18580846 31.93  87.173412  25.280983 38.860
 70    32.403 54653.18580911 42.46  87.172582  25.277693 38.860
 70    32.394 54653.18580975 44.23  87.171742  25.274403 38.860
 70    32.367 54653.18581039 47.79  87.170912  25.271103 38.860
 71    32.176 54688.18579642 18.47  87.174971  25.286921 28.024
 71    32.612 54688.18579706 18.16  87.174141  25.283631 28.024
 71    33.212 54688.18579771 18.13  87.173301  25.280331 28.024
 71    33.264 54688.18579835 28.30  87.172472  25.277045 30.599
 71    33.341 54688.18579900 32.70  87.171632  25.273745 30.599
 71    33.344 54688.18579964 28.23  87.170792  25.270455 30.599
 72    31.721 54723.18575501 48.30  87.179944  25.285027 42.076
 72    31.704 54723.18575566 51.01  87.179104  25.281737 42.076
 72    31.843 54723.18575630 51.07  87.178274  25.278447 42.076
 72    31.860 54723.18575695 46.59  87.177434  25.275157 42.076
 72    31.777 54723.18575759 50.47  87.176604  25.271857 42.076
 72    31.765 54723.18575824 50.19  87.175764  25.268567 42.076
 73    29.987 54758.18577262 31.41  87.175237  25.287016 16.691
 73    30.074 54758.18577327 30.28  87.174397  25.283716 16.691
 73    30.143 54758.18577391 30.32  87.173557  25.280426 16.691
 73    31.601 54758.18577456 31.49  87.172727  25.277136 16.691
 73    29.894 54758.18577520 28.97  87.171887  25.273836 16.691
 73    30.976 54758.18577585 27.80  87.171057  25.270546 16.691
 74    27.615 54793.18574862 44.32  87.178106  25.285460 30.106
 74    27.773 54793.18574927 40.05  87.177266  25.282170 30.106
 74    27.697 54793.18574991 36.87  87.176426  25.278880 30.106
 74    27.902 54793.18575055 34.16  87.175596  25.275580 30.106
 74    27.741 54793.18575120 24.94  87.174756  25.272290 30.106
 74    28.501 54793.18575184 32.33  87.173916  25.269000 30.106
 75    26.543 54828.18577077 27.33  87.176748  25.285351 21.340
 75    27.174 54828.18577142 27.89  87.175913  25.282057 27.798
 75    27.890 54828.18577206 36.86  87.175073  25.278757 27.798
 75    27.902 54828.18577271 34.07  87.174243  25.275467 27.798
 75    26.445 54828.18577335 33.56  87.173403  25.272177 27.798
 75    26.478 54828.18577400 48.20  87.172573  25.268877 27.798
 76    26.004 54863.18574287 25.02  87.178983  25.285077 19.090
 76    26.138 54863.18574352 26.77  87.178143  25.281787 19.090
 76    26.424 54863.18574416 26.43  87.177303  25.278497 19.090
 76    27.666 54863.18574481 26.16  87.176473  25.275197 19.090
 76    25.852 54863.18574545 26.74  87.175633  25.271907 19.090
 76    26.038 54863.18574610 30.48  87.174803  25.268607 19.090
 77    25.043 54898.18577048 21.90  87.174516  25.288730 13.801
 77    26.608 54898.18577113 20.22  87.173684  25.285446 16.697
 77    27.114 54898.18577177 25.92  87.172844  25.282146 16.697
 77    27.411 54898.18577242 33.27  87.172014  25.278856 16.697
 77    26.196 54898.18577306 33.02  87.171174  25.275566 16.697
 77    26.041 54898.18577371 46.80  87.170334  25.272266 16.697
 77    25.956 54898.18577435 49.22  87.169504  25.268976 16.697
 78    24.952 54933.18573693 25.78  87.177386  25.286392 15.292
 78    25.988 54933.18573758 22.88  87.176547  25.283106 22.040
 78    27.205 54933.18573822 22.92  87.175707  25.279806 22.040
 78    27.120 54933.18573887 27.26  87.174877  25.276516 22.040
 78    25.532 54933.18573951 31.86  87.174037  25.273226 22.040
 78    25.649 54933.18574016 45.90  87.173207  25.269926 22.040
 79    25.892 54968.18577136 16.86  87.176683  25.286500  4.374
 79    26.443 54968.18577201 19.04  87.175843  25.283200  4.374
 79    26.125 54968.18577265 21.37  87.175010  25.279916  9.305
 79    25.850 54968.18577329 21.44  87.174170  25.276616  9.305
 79    25.620 54968.18577394 29.45  87.173340  25.273326  9.305
 79    25.533 54968.18577458 33.13  87.172500  25.270036  9.305
 80    26.361 55003.18579162 17.97  87.173603  25.286734 10.922
 80    26.469 55003.18579226 26.89  87.172769  25.283451 19.177
 80    26.381 55003.18579291 29.04  87.171929  25.280151 19.177
 80    26.265 55003.18579355 29.81  87.171099  25.276861 19.177
 80    25.489 55003.18579420 43.16  87.170259  25.273571 19.177
 80    25.596 55003.18579484 44.79  87.169419  25.270271 19.177
 81    28.598 55038.18577826 41.24  87.177266  25.285315 14.633
 81    28.428 55038.18577890 44.47  87.176433  25.282029 25.312
 81    28.353 55038.18577955 40.15  87.175593  25.278729 25.312
 81    28.343 55038.18578019 40.14  87.174763  25.275439 25.312
 81    28.312 55038.18578084 26.89  87.173923  25.272149 25.312
 81    28.380 55038.18578148 21.39  87.173083  25.268849 25.312
 82    32.335 55073.18576337 41.62  87.174934  25.287905 22.788
 82    32.345 55073.18576401 49.34  87.174104  25.284615 22.788
 82    32.440 55073.18576466 51.52  87.173264  25.281315 22.788
 82    32.449 55073.18576530 49.93  87.172436  25.278030 45.824
 82    32.440 55073.18576594 44.22  87.171596  25.274730 45.824
 82    32.419 55073.18576659 50.93  87.170756  25.271440 45.824
 83    29.716 55108.18571094 37.10  87.177866  25.285313 31.773
 83    29.689 55108.18571159 43.00  87.177026  25.282023 31.773
 83    29.701 55108.18571223 43.95  87.176196  25.278733 31.773
 83    29.879 55108.18571288 44.21  87.175356  25.275433 31.773
 83    29.544 55108.18571352 32.04  87.174526  25.272143 31.773
 83    29.669 55108.18571416 35.70  87.173686  25.268853 31.773
 85    27.119 55178.18568309 38.57  87.180102  25.284758 31.786
 85    26.848 55178.18568374 34.69  87.179262  25.281468 31.786
 85    27.723 55178.18568438 31.09  87.178422  25.278178 31.786
 85    28.294 55178.18568503 34.19  87.177592  25.274878 31.786
 85    26.732 55178.18568567 29.49  87.176752  25.271588 31.786
 85    26.669 55178.18568631 45.75  87.175922  25.268298 31.786
 86    25.427 55213.18571009 27.98  87.175674  25.285914 24.480
 86    27.405 55213.18571073 23.49  87.174841  25.282622 22.290
 86    28.286 55213.18571138 24.43  87.174001  25.279322 22.290
 86    28.093 55213.18571202 28.61  87.173171  25.276032 22.290
 86    25.988 55213.18571266 31.99  87.172331  25.272742 22.290
 86    25.902 55213.18571331 34.95  87.171491  25.269442 22.290
 87    25.314 55248.18568401 32.33  87.178589  25.285532 17.494
 87    25.138 55248.18568465 30.07  87.177749  25.282242 17.494
 87    24.878 55248.18568530 26.14  87.176919  25.278952 17.494
 87    25.600 55248.18568594 23.51  87.176079  25.275662 17.494
 87    25.914 55248.18568659 25.87  87.175249  25.272362 17.494
 87    25.981 55248.18568723 36.26  87.174409  25.269072 17.494
 88    24.297 55283.18570303 30.80  87.174728  25.288466 14.417
 88    23.952 55283.18570367 28.54  87.173888  25.285166 14.417
 88    26.854 55283.18570432 26.48  87.173058  25.281880 14.458
 88    27.167 55283.18570496 27.60  87.172218  25.278580 14.458
 88    25.940 55283.18570561 34.71  87.171378  25.275290 14.458
 88    25.979 55283.18570625 45.69  87.170548  25.272000 14.458
 88    26.064 55283.18570690 47.26  87.169708  25.268700 14.458
 89    24.638 55318.18567327 23.25  87.174786  25.285796 14.273
 89    25.719 55318.18567391 22.60  87.173953  25.282511 14.989
 89    25.832 55318.18567456 21.66  87.173113  25.279211 14.989
 89    25.741 55318.18567520 26.17  87.172273  25.275921 14.989
 89    25.691 55318.18567585 36.08  87.171443  25.272631 14.989
 89    25.609 55318.18567649 46.31  87.170603  25.269331 14.989
 90    24.849 55353.18567639 24.39  87.175166  25.286106 17.558
 90    24.558 55353.18567703 21.80  87.174335  25.282822 11.598
 90    25.755 55353.18567768 20.36  87.173495  25.279522 11.598
 90    25.581 55353.18567832 24.88  87.172655  25.276232 11.598
 90    25.388 55353.18567897 34.96  87.171825  25.272942 11.598
 90    25.537 55353.18567961 41.66  87.170985  25.269642 11.598
 91    27.671 55388.18567366 22.81  87.176766  25.285103 14.363
 91    27.404 55388.18567431 25.30  87.175926  25.281803 14.363
 91    27.335 55388.18567495 25.46  87.175096  25.278513 14.363
 91    27.424 55388.18567560 27.14  87.174256  25.275223 14.363
 91    27.545 55388.18567624 27.98  87.173426  25.271923 14.363
 91    27.442 55388.18567689 29.29  87.172586  25.268633 14.363
 92    31.059 55423.18569357 19.32  87.177137  25.286610 22.970
 92    31.233 55423.18569421 20.84  87.176307  25.283310 22.970
 92    31.198 55423.18569486 34.80  87.175467  25.280020 22.970
 92    31.261 55423.18569550 38.42  87.174637  25.276730 22.970
 92    31.199 55423.18569615 33.45  87.173797  25.273430 22.970
 92    31.314 55423.18569679 33.42  87.172967  25.270140 22.970
 93    32.034 55458.18566592 21.67  87.175421  25.287362 20.439
 93    32.625 55458.18566656 22.00  87.174591  25.284072 20.439
 93    32.988 55458.18566721 21.22  87.173751  25.280782 20.439
 93    33.170 55458.18566785 33.50  87.172914  25.277488 36.118
 93    33.437 55458.18566850 43.05  87.172084  25.274188 36.118
 93    33.457 55458.18566914 37.49  87.171244  25.270898 36.118
