# NaN NaN NaN ;Mean Elev.(m), Avg Gradient(m/km), RMS Gradient(m/km) - SRTM1     
#   10.127   0.260   1.148 ;Mean Elev.(m), Avg Gradient(m/km), RMS Gradient(m/km) - ASTER GDEM
#    5.539  -0.002   1.725 ;Mean Elev.(m), Avg Gradient(m/km), RMS Gradient(m/km) - GMTED2010 
  7    13.064 52461.18006374 19.30  89.031757  24.075034 17.030
  7    12.270 52461.18006438 22.21  89.030937  24.071734 17.030
  7    10.739 52461.18006503 30.25  89.030107  24.068444 17.030
  7    10.798 52461.18006567 30.34  89.029287  24.065144 17.030
  7    14.095 52461.18006632 22.17  89.028467  24.061854 17.030
  7    14.520 52461.18006696 18.99  89.027637  24.058554 17.030
  7    14.655 52461.18006761 20.67  89.026817  24.055264 17.030
  7    14.630 52461.18006825 18.99  89.025987  24.051974 17.030
  7    14.866 52461.18006889 17.53  89.025167  24.048674 17.030
  7    14.529 52461.18006954 18.88  89.024337  24.045384 17.030
  8    14.799 52496.18006329 22.87  89.031067  24.082592 23.342
  8    12.955 52496.18006393 22.51  89.030247  24.079292 23.342
  8    12.972 52496.18006458 23.10  89.029417  24.076002 23.342
  8    12.926 52496.18006522 22.14  89.028597  24.072702 23.342
  8    12.800 52496.18006586 19.57  89.027767  24.069412 23.342
  8    14.232 52496.18006651 17.25  89.026947  24.066112 23.342
  8    14.326 52496.18006715 19.38  89.026127  24.062822 23.342
  8    14.345 52496.18006780 20.41  89.025297  24.059532 23.342
  8    14.366 52496.18006844 23.18  89.024477  24.056232 23.342
  8    14.265 52496.18006909 28.17  89.023657  24.052942 23.342
  9    15.039 52531.18004871 23.55  89.030210  24.085323 24.998
  9    12.612 52531.18004935 22.26  89.029390  24.082023 24.998
  9    12.790 52531.18005000 22.24  89.028560  24.078733 24.998
  9    12.597 52531.18005064 23.40  89.027740  24.075443 24.998
  9    12.576 52531.18005129 24.32  89.026910  24.072143 24.998
  9    12.623 52531.18005193 24.72  89.026088  24.068852 29.179
  9    12.873 52531.18005258 24.98  89.025268  24.065552 29.179
  9    13.079 52531.18005322 26.20  89.024438  24.062262 29.179
  9    14.352 52531.18005451 28.92  89.022788  24.055672 29.179
 10    10.774 52566.18007217 35.21  89.033114  24.071808 29.593
 10    10.865 52566.18007282 30.75  89.032294  24.068518 29.593
 10    11.333 52566.18007346 29.97  89.031464  24.065218 29.593
 10    11.197 52566.18007411 27.30  89.030644  24.061928 29.593
 10    11.252 52566.18007475 26.11  89.029814  24.058638 29.593
 10    11.151 52566.18007540 26.77  89.028994  24.055338 29.593
 10    10.907 52566.18007604 27.21  89.028170  24.052047 27.260
 10    10.631 52566.18007669 28.73  89.027340  24.048747 27.260
 10    10.313 52566.18007733 29.82  89.026520  24.045457 27.260
 10    13.920 52566.18007798 28.75  89.025700  24.042157 27.260
 10    14.490 52566.18007862 29.90  89.024870  24.038867 27.260
 11     8.662 52601.18008217 42.31  89.026115  24.100636 18.095
 11     8.618 52601.18008281 38.70  89.025295  24.097346 18.095
 11     8.741 52601.18008345 36.54  89.024465  24.094046 18.095
 11     8.554 52601.18008410 36.06  89.023645  24.090756 18.095
 11     8.573 52601.18008474 33.79  89.022825  24.087456 18.095
 11     8.618 52601.18008539 34.51  89.021995  24.084166 18.095
 11     8.630 52601.18008603 37.66  89.021175  24.080866 18.095
 11     8.517 52601.18008668 31.10  89.020345  24.077576 18.095
 12     7.698 52636.18004684 43.07  89.029401  24.089721 15.127
 12     7.801 52636.18004748 34.51  89.028571  24.086431 15.127
 12     7.462 52636.18004813 41.21  89.027751  24.083131 15.127
 12     7.675 52636.18004877 31.90  89.026921  24.079841 15.127
 12     7.577 52636.18004942 32.47  89.026101  24.076551 15.127
 12     7.402 52636.18005006 41.60  89.025281  24.073251 15.127
 12     7.155 52636.18005071 42.35  89.024451  24.069961 15.127
 12     7.144 52636.18005135 33.80  89.023631  24.066661 15.127
 13    13.577 52671.18005228 25.38  89.028905  24.093495 21.629
 13     6.693 52671.18005292 31.60  89.028075  24.090205 21.629
 13     6.789 52671.18005357 33.99  89.027255  24.086905 21.629
 13     6.663 52671.18005421 34.80  89.026425  24.083615 21.629
 13     7.034 52671.18005485 28.09  89.025605  24.080315 21.629
 13     7.005 52671.18005550 26.15  89.024785  24.077025 21.629
 13     6.752 52671.18005614 26.77  89.023955  24.073725 21.629
 13     6.472 52671.18005679 26.30  89.023135  24.070435 21.629
 14     7.133 52706.18005044 33.47  89.031344  24.080847 29.457
 14     7.089 52706.18005109 39.16  89.030524  24.077547 29.457
 14     7.108 52706.18005173 29.72  89.029694  24.074257 29.457
 14     6.791 52706.18005238 29.20  89.028874  24.070957 29.457
 14     6.644 52706.18005302 27.52  89.028047  24.067667 23.609
 14     6.579 52706.18005367 23.56  89.027227  24.064367 23.609
 14     6.752 52706.18005431 23.76  89.026397  24.061077 23.609
 14     6.842 52706.18005496 26.13  89.025577  24.057787 23.609
 14     6.764 52706.18005560 34.59  89.024747  24.054487 23.609
 14     6.984 52706.18005625 38.48  89.023927  24.051197 23.609
 15    13.702 52741.18008088 20.40  89.027903  24.097230 22.386
 15     6.233 52741.18008153 24.33  89.027083  24.093930 22.386
 15     6.300 52741.18008217 29.82  89.026263  24.090640 22.386
 15     6.368 52741.18008282 29.88  89.025433  24.087340 22.386
 15     6.383 52741.18008346 31.17  89.024613  24.084050 22.386
 15     6.203 52741.18008410 25.96  89.023783  24.080760 22.386
 15     6.308 52741.18008475 22.18  89.022963  24.077460 22.386
 15     6.214 52741.18008539 19.58  89.022143  24.074170 22.386
 16     7.138 52776.18002699 25.90  89.030045  24.086602 24.876
 16     7.269 52776.18002763 29.06  89.029225  24.083302 24.876
 16     6.972 52776.18002828 29.15  89.028405  24.080012 24.876
 16     6.966 52776.18002892 26.56  89.027575  24.076712 24.876
 16     7.007 52776.18002957 26.82  89.026755  24.073422 24.876
 16     6.918 52776.18003021 24.15  89.025935  24.070122 24.876
 16    14.126 52776.18003086 17.37  89.025105  24.066832 24.876
 16    14.781 52776.18003150 19.41  89.024285  24.063532 24.876
 17    11.446 52811.18010322 21.27  89.029353  24.089720 17.814
 17     8.823 52811.18010386 27.88  89.028523  24.086430 17.814
 17     8.652 52811.18010451 26.08  89.027703  24.083130 17.814
 17     8.705 52811.18010515 26.98  89.026873  24.079840 17.814
 17     8.829 52811.18010580 29.56  89.026053  24.076540 17.814
 17     8.702 52811.18010644 28.09  89.025223  24.073250 17.814
 17     8.746 52811.18010709 21.61  89.024403  24.069960 17.814
 17    14.513 52811.18010773 17.39  89.023583  24.066660 17.814
 18    14.856 52846.18015953 22.45  89.030055  24.084587 23.747
 18    13.672 52846.18016018 19.80  89.029235  24.081287 23.747
 18    13.460 52846.18016082 19.20  89.028405  24.077997 23.747
 18    13.336 52846.18016147 20.39  89.027585  24.074707 23.747
 18    13.670 52846.18016211 21.05  89.026765  24.071407 23.747
 18    14.000 52846.18016276 20.62  89.025935  24.068117 23.747
 18    14.416 52846.18016340 19.15  89.025115  24.064817 23.747
 18    14.604 52846.18016405 21.31  89.024288  24.061526 27.490
 18    14.450 52846.18016534 29.53  89.022638  24.054936 27.490
 20    15.173 52916.18015388 30.00  89.029941  24.085270 28.055
 20    14.331 52916.18015452 22.98  89.029121  24.081980 28.055
 20    13.888 52916.18015517 25.29  89.028291  24.078680 28.055
 20    13.655 52916.18015581 29.15  89.027471  24.075390 28.055
 20    13.771 52916.18015646 26.42  89.026641  24.072090 28.055
 20    13.828 52916.18015710 26.83  89.025821  24.068800 28.055
 20    14.269 52916.18015775 25.70  89.025001  24.065510 28.055
 20    14.644 52916.18015839 26.56  89.024171  24.062210 28.055
 20    14.387 52916.18015968 30.38  89.022526  24.055627 30.104
 21    10.902 52951.18011735 43.15  89.032974  24.069585 28.434
 21    10.724 52951.18011800 32.37  89.032144  24.066285 28.434
 21    10.542 52951.18011864 29.56  89.031323  24.062995 15.084
 21    10.644 52951.18011929 26.27  89.030503  24.059695 15.084
 21    10.705 52951.18011993 25.58  89.029673  24.056405 15.084
 21    10.723 52951.18012058 26.19  89.028853  24.053115 15.084
 21    10.642 52951.18012122 25.05  89.028023  24.049815 15.084
 21    10.796 52951.18012187 25.78  89.027203  24.046525 15.084
 21    13.933 52951.18012251 25.87  89.026373  24.043225 15.084
 21    14.504 52951.18012315 25.70  89.025553  24.039935 15.084
 21    14.697 52951.18012380 25.97  89.024733  24.036635 15.084
 27    14.050 53161.18018003 20.94  89.027303  24.101583 14.859
 27     8.016 53161.18018067 30.25  89.026483  24.098283 14.859
 27     7.915 53161.18018132 24.06  89.025653  24.094993 14.859
 27     7.920 53161.18018196 22.00  89.024833  24.091693 14.859
 27     7.932 53161.18018260 21.56  89.024003  24.088403 14.859
 27     7.956 53161.18018325 18.45  89.023183  24.085103 14.859
 27     7.854 53161.18018389 18.60  89.022363  24.081813 14.859
 27    12.927 53161.18018454 19.83  89.021533  24.078523 14.859
 27    12.984 53161.18018518 20.18  89.020713  24.075223 14.859
 29    13.100 53231.18016640 28.17  89.031724  24.074940 23.930
 29    13.144 53231.18016704 22.11  89.030894  24.071650 23.930
 29    14.738 53231.18016769 17.90  89.030074  24.068350 23.930
 29    14.520 53231.18016833 18.49  89.029254  24.065060 23.930
 29    14.638 53231.18016898 20.19  89.028424  24.061760 23.930
 29    14.626 53231.18016962 21.28  89.027604  24.058470 23.930
 29    14.703 53231.18017027 24.04  89.026774  24.055170 23.930
 29    14.715 53231.18017091 23.99  89.025954  24.051880 23.930
 29    14.605 53231.18017156 25.83  89.025127  24.048587 23.774
 29    14.653 53231.18017220 25.28  89.024307  24.045297 23.774
 56     6.425 54176.18006964 26.48  89.028391  24.092813 15.075
 56     6.673 54176.18007028 33.92  89.027569  24.089521 18.647
 56     6.600 54176.18007093 38.96  89.026739  24.086221 18.647
 56     6.459 54176.18007157 38.88  89.025919  24.082931 18.647
 56     6.387 54176.18007222 50.10  89.025089  24.079631 18.647
 56     6.247 54176.18007286 49.53  89.024269  24.076341 18.647
 56     6.207 54176.18007351 31.76  89.023449  24.073051 18.647
 56     6.272 54176.18007415 28.89  89.022619  24.069751 18.647
 57     6.792 54211.18007714 28.86  89.029263  24.087304 25.679
 57     6.737 54211.18007778 30.89  89.028443  24.084014 25.679
 57     6.578 54211.18007843 30.27  89.027613  24.080714 25.679
 57     6.632 54211.18007907 31.53  89.026793  24.077424 25.679
 57     6.568 54211.18007971 34.20  89.025963  24.074124 25.679
 57     6.385 54211.18008036 32.27  89.025143  24.070834 25.679
 57     6.299 54211.18008100 22.21  89.024323  24.067534 25.679
 57     6.211 54211.18008165 17.39  89.023493  24.064244 25.679
 58     6.804 54246.18010650 27.30  89.030042  24.088550 24.647
 58     6.753 54246.18010715 30.99  89.029212  24.085250 24.647
 58     6.869 54246.18010779 32.26  89.028392  24.081960 24.647
 58     6.806 54246.18010844 30.82  89.027562  24.078660 24.647
 58     6.979 54246.18010908 34.22  89.026742  24.075370 24.647
 58     6.828 54246.18010973 28.26  89.025912  24.072070 24.647
 58     6.716 54246.18011037 23.48  89.025092  24.068780 24.647
 58     6.868 54246.18011102 19.22  89.024272  24.065480 24.647
 60    15.277 54316.18011662 28.64  89.030376  24.086212 21.877
 60    14.726 54316.18011727 24.19  89.029556  24.082922 21.877
 60    14.117 54316.18011791 21.98  89.028736  24.079632 21.877
 60    13.917 54316.18011856 23.58  89.027906  24.076332 21.877
 60    13.855 54316.18011920 28.02  89.027086  24.073042 21.877
 60    14.014 54316.18011985 27.92  89.026256  24.069742 21.877
 60    14.214 54316.18012049 29.54  89.025436  24.066452 21.877
 60    14.235 54316.18012114 29.46  89.024616  24.063152 21.877
 61    15.011 54351.18008288 26.39  89.029199  24.091739 31.849
 61    15.044 54351.18008353 27.30  89.028379  24.088449 31.849
 61    14.950 54351.18008417 23.26  89.027559  24.085156 26.308
 61    13.750 54351.18008482 25.08  89.026729  24.081856 26.308
 61    13.528 54351.18008546 26.78  89.025909  24.078566 26.308
 61    13.731 54351.18008611 27.84  89.025079  24.075266 26.308
 61    13.769 54351.18008675 31.50  89.024259  24.071976 26.308
 61    13.817 54351.18008739 33.54  89.023439  24.068686 26.308
 62    12.483 54386.18005620 40.30  89.030510  24.083838 37.113
 62    12.378 54386.18005685 33.41  89.029683  24.080547 29.992
 62    12.371 54386.18005749 33.97  89.028863  24.077247 29.992
 62    12.336 54386.18005814 35.71  89.028033  24.073957 29.992
 62    12.243 54386.18005878 38.00  89.027213  24.070657 29.992
 62    12.228 54386.18005942 35.98  89.026383  24.067367 29.992
 62    12.201 54386.18006007 30.98  89.025563  24.064077 29.992
 62    12.354 54386.18006071 29.59  89.024733  24.060777 29.992
 62    12.501 54386.18006136 31.61  89.023913  24.057487 29.992
 62    14.321 54386.18006200 31.50  89.023093  24.054187 29.992
 63     9.922 54421.18003295 35.86  89.028558  24.091574 18.993
 63     9.870 54421.18003360 36.09  89.027738  24.088274 18.993
 63     9.726 54421.18003424 32.41  89.026908  24.084984 18.993
 63     9.796 54421.18003489 26.29  89.026088  24.081684 18.993
 63    12.142 54421.18003553 22.89  89.025268  24.078391 19.989
 63    12.815 54421.18003617 22.56  89.024438  24.075101 19.989
 63    13.046 54421.18003682 21.29  89.023618  24.071801 19.989
 63    13.028 54421.18003746 19.99  89.022788  24.068511 19.989
 64     8.576 54456.18002970 36.16  89.030894  24.079300 26.715
 64     8.074 54456.18003035 45.36  89.030064  24.076010 26.715
 64     8.089 54456.18003099 45.19  89.029244  24.072720 26.715
 64     8.020 54456.18003164 38.14  89.028414  24.069420 26.715
 64     8.012 54456.18003228 24.58  89.027594  24.066130 26.715
 64     8.458 54456.18003293 22.56  89.026774  24.062830 26.715
 64     8.372 54456.18003357 22.44  89.025944  24.059540 26.715
 64     8.185 54456.18003422 25.31  89.025124  24.056240 26.715
 64    13.500 54456.18003486 26.50  89.024294  24.052950 26.715
 64     8.188 54456.18003550 37.02  89.023474  24.049650 26.715
 66     5.929 54526.18004234 28.91  89.030807  24.080546 17.635
 66     6.468 54526.18004298 32.93  89.029987  24.077246 17.635
 66     7.048 54526.18004363 34.86  89.029157  24.073956 17.635
 66     6.871 54526.18004427 43.06  89.028337  24.070656 17.635
 66     6.720 54526.18004492 42.94  89.027512  24.067365 22.496
 66     6.584 54526.18004556 41.18  89.026692  24.064065 22.496
 66     6.631 54526.18004621 41.94  89.025862  24.060775 22.496
 66     6.696 54526.18004685 42.94  89.025042  24.057475 22.496
 66     6.628 54526.18004749 42.24  89.024212  24.054185 22.496
 66     6.620 54526.18004814 43.75  89.023392  24.050895 22.496
 67     6.363 54561.18004262 26.87  89.028417  24.090799 16.295
 67     6.416 54561.18004327 31.54  89.027597  24.087499 16.295
 67     6.443 54561.18004391 32.73  89.026767  24.084209 16.295
 67     6.956 54561.18004456 35.70  89.025947  24.080909 16.295
 67     6.568 54561.18004520 36.87  89.025127  24.077619 16.295
 67     6.477 54561.18004585 34.14  89.024297  24.074319 16.295
 67     6.452 54561.18004649 30.62  89.023477  24.071029 16.295
 67     6.498 54561.18004714 28.75  89.022657  24.067739 16.295
 68    10.855 54596.18003664 19.28  89.029346  24.087072 18.769
 68     9.332 54596.18003729 20.22  89.028526  24.083772 18.769
 68     7.011 54596.18003793 27.88  89.027706  24.080482 18.769
 68     6.302 54596.18003858 29.04  89.026876  24.077182 18.769
 68     6.642 54596.18003922 30.24  89.026056  24.073892 18.769
 68     6.509 54596.18003987 30.53  89.025226  24.070602 18.769
 68     6.269 54596.18004051 27.86  89.024406  24.067302 18.769
 68     6.061 54596.18004116 21.52  89.023585  24.064010 26.057
 69     7.758 54631.18005037 25.01  89.028901  24.089104 24.381
 69     7.726 54631.18005101 32.57  89.028081  24.085804 24.381
 69     7.744 54631.18005166 34.65  89.027261  24.082514 24.381
 69     7.657 54631.18005230 46.01  89.026431  24.079224 24.381
 69     7.668 54631.18005295 42.31  89.025611  24.075924 24.381
 69     7.531 54631.18005359 31.93  89.024781  24.072634 24.381
 69     7.553 54631.18005424 25.95  89.023961  24.069334 24.381
 69     7.319 54631.18005488 22.30  89.023139  24.066043 27.704
 70    13.489 54666.18005621 24.75  89.028508  24.090208 25.318
 70    14.566 54666.18005686 24.09  89.027678  24.086918 25.318
 70    14.050 54666.18005750 18.28  89.026858  24.083618 25.318
 70    13.190 54666.18005815 17.86  89.026038  24.080328 25.318
 70    12.945 54666.18005879 18.33  89.025208  24.077038 25.318
 70    12.838 54666.18005944 21.22  89.024388  24.073738 25.318
 70    12.952 54666.18006008 20.73  89.023558  24.070448 25.318
 70    13.017 54666.18006073 20.96  89.022738  24.067148 25.318
 71    15.193 54701.18002524 29.30  89.029179  24.087638 25.324
 71    14.900 54701.18002589 24.43  89.028359  24.084338 25.324
 71    14.101 54701.18002653 24.29  89.027539  24.081048 25.324
 71    13.899 54701.18002717 24.45  89.026709  24.077748 25.324
 71    13.953 54701.18002782 26.98  89.025889  24.074458 25.324
 71    14.066 54701.18002846 29.83  89.025059  24.071158 25.324
 71    14.093 54701.18002911 27.57  89.024239  24.067868 25.324
 71    14.297 54701.18002975 25.73  89.023419  24.064568 25.324
 72    12.384 54736.18001744 35.99  89.030155  24.082665 34.989
 72    12.453 54736.18001809 35.79  89.029335  24.079375 34.989
 72    12.375 54736.18001873 39.81  89.028515  24.076075 34.989
 72    12.344 54736.18001938 41.82  89.027685  24.072785 34.989
 72    12.433 54736.18002002 39.23  89.026865  24.069485 34.989
 72    12.260 54736.18002067 35.62  89.026038  24.066195 34.399
 72    12.360 54736.18002131 34.46  89.025218  24.062895 34.399
 72    12.402 54736.18002196 44.28  89.024388  24.059605 34.399
 72    12.461 54736.18002260 49.26  89.023568  24.056315 34.399
 72    12.509 54736.18002325 47.21  89.022738  24.053015 34.399
 73    10.328 54771.18000649 32.10  89.029577  24.087128 28.095
 73    10.316 54771.18000713 29.63  89.028747  24.083828 28.095
 73    10.267 54771.18000778 27.06  89.027927  24.080538 28.095
 73    10.222 54771.18000842 26.23  89.027097  24.077248 28.095
 73    10.125 54771.18000907 26.72  89.026277  24.073948 28.095
 73     9.900 54771.18000971 29.59  89.025457  24.070658 28.095
 73    10.049 54771.18001036 28.97  89.024627  24.067358 28.095
 73    10.349 54771.18001100 32.53  89.023808  24.064067 28.643
 74     8.629 54806.18001033 40.77  89.029940  24.086622 17.729
 74     8.544 54806.18001098 39.17  89.029110  24.083332 17.729
 74     8.571 54806.18001162 35.04  89.028290  24.080032 17.729
 74     8.539 54806.18001226 34.42  89.027460  24.076742 17.729
 74     8.662 54806.18001291 33.00  89.026640  24.073452 17.729
 74     8.377 54806.18001355 34.58  89.025820  24.070152 17.729
 74     8.684 54806.18001420 35.46  89.024992  24.066860 18.481
 74     8.616 54806.18001484 41.50  89.024172  24.063560 18.481
 75     7.630 54841.18000208 28.61  89.029440  24.085814 18.316
 75     7.553 54841.18000272 30.60  89.028620  24.082514 18.316
 75     7.590 54841.18000336 22.94  89.027800  24.079224 18.316
 75     7.625 54841.18000401 22.02  89.026970  24.075924 18.316
 75     7.776 54841.18000465 20.38  89.026150  24.072634 18.316
 75     7.651 54841.18000530 22.88  89.025320  24.069344 18.316
 75     7.623 54841.18000594 21.57  89.024500  24.066044 18.316
 75     7.696 54841.18000659 21.40  89.023679  24.062752 19.836
 76     6.940 54876.18001184 36.61  89.029132  24.087110 24.532
 76     6.839 54876.18001248 35.50  89.028302  24.083820 24.532
 76     6.833 54876.18001313 37.28  89.027482  24.080520 24.532
 76     6.915 54876.18001377 45.15  89.026652  24.077230 24.532
 76     6.767 54876.18001442 44.55  89.025832  24.073930 24.532
 76     6.740 54876.18001506 41.04  89.025007  24.070641 22.159
 76     6.756 54876.18001571 36.56  89.024187  24.067341 22.159
 76     6.599 54876.18001635 34.49  89.023357  24.064051 22.159
 77     6.762 54911.18000550 32.12  89.028171  24.096689 18.687
 77     6.744 54911.18000615 29.88  89.027341  24.093399 18.687
 77     6.742 54911.18000679 27.20  89.026521  24.090099 18.687
 77     6.595 54911.18000743 22.74  89.025701  24.086809 18.687
 77     6.570 54911.18000808 21.37  89.024871  24.083509 18.687
 77     6.629 54911.18000872 18.22  89.024051  24.080219 18.687
 77     6.858 54911.18000937 17.39  89.023221  24.076919 18.687
 77    13.033 54911.18001001 16.56  89.022401  24.073629 18.687
 78     6.419 54946.18000362 27.86  89.029256  24.087964 19.621
 78     6.353 54946.18000426 24.17  89.028436  24.084664 19.621
 78     6.497 54946.18000491 25.99  89.027606  24.081374 19.621
 78     6.351 54946.18000555 20.73  89.026786  24.078074 19.621
 78     6.226 54946.18000620 17.61  89.025966  24.074784 19.621
 78     6.351 54946.18000684 17.18  89.025136  24.071494 19.621
 78     6.265 54946.18000749 19.87  89.024316  24.068194 19.621
 78     6.351 54946.18000813 17.53  89.023490  24.064901 25.445
 79     6.725 54981.18002933 37.74  89.029266  24.091879 19.033
 79     6.781 54981.18002998 41.77  89.028446  24.088589 19.033
 79     6.709 54981.18003062 30.14  89.027616  24.085289 19.033
 79     6.651 54981.18003127 23.53  89.026796  24.081999 19.033
 79     6.565 54981.18003191 24.74  89.025966  24.078699 19.033
 79     6.716 54981.18003256 22.91  89.025146  24.075409 19.033
 79     6.741 54981.18003320 27.04  89.024316  24.072119 19.033
 79     6.687 54981.18003384 26.05  89.023496  24.068819 19.033
 79     6.895 54981.18003449 38.94  89.022674  24.065527 24.505
 80     8.692 55016.18003179 22.67  89.029105  24.086456 15.236
 80     8.641 55016.18003244 24.80  89.028285  24.083166 15.236
 80     8.596 55016.18003308 24.17  89.027465  24.079866 15.236
 80     8.772 55016.18003373 22.71  89.026635  24.076566 15.236
 80     8.668 55016.18003437 21.38  89.025815  24.073276 15.236
 80     8.689 55016.18003502 20.29  89.024985  24.069986 15.236
 80    10.813 55016.18003566 18.73  89.024165  24.066686 15.236
 80    14.618 55016.18003631 17.65  89.023343  24.063394 26.942
 81    12.487 55051.18002630 52.19  89.029680  24.084915 34.080
 81    12.601 55051.18002695 51.36  89.028850  24.081615 34.080
 81    12.456 55051.18002759 51.24  89.028030  24.078325 34.080
 81    12.580 55051.18002824 49.83  89.027200  24.075025 34.080
 81    12.498 55051.18002888 48.88  89.026380  24.071735 34.080
 81    12.380 55051.18002953 47.56  89.025550  24.068445 34.080
 81    12.292 55051.18003017 41.14  89.024730  24.065145 34.080
 82    12.659 55086.17999014 42.54  89.028224  24.093625 27.411
 82    12.589 55086.17999078 41.42  89.027404  24.090325 27.411
 82    12.473 55086.17999143 39.73  89.026574  24.087035 27.411
 82    12.592 55086.17999207 43.51  89.025754  24.083745 27.411
 82    12.665 55086.17999272 42.80  89.024924  24.080445 27.411
 82    12.557 55086.17999336 42.35  89.024104  24.077155 27.411
 82    12.453 55086.17999401 42.76  89.023284  24.073855 27.411
 82    12.618 55086.17999465 43.19  89.022454  24.070565 27.411
 83    12.342 55121.17996121 35.54  89.031032  24.082281 18.261
 83    12.228 55121.17996186 37.24  89.030202  24.078991 18.261
 83    12.317 55121.17996250 33.65  89.029382  24.075691 18.261
 83    12.548 55121.17996315 31.10  89.028552  24.072401 18.261
 83    12.472 55121.17996379 31.71  89.027732  24.069101 18.261
 83    12.352 55121.17996443 31.66  89.026902  24.065811 18.261
 83    12.262 55121.17996508 30.36  89.026082  24.062511 18.261
 83    12.451 55121.17996572 29.27  89.025262  24.059221 18.261
 83    12.456 55121.17996637 27.51  89.024432  24.055921 18.261
 83    14.077 55121.17996701 26.67  89.023612  24.052631 18.261
 84    13.689 55156.17995047 21.84  89.028605  24.093102 20.092
 84    13.891 55156.17995111 17.26  89.027775  24.089802 20.092
 84    14.281 55156.17995176 18.20  89.026955  24.086502 20.092
 84    11.549 55156.17995240 16.63  89.026125  24.083212 20.092
 84     8.923 55156.17995305 20.25  89.025305  24.079922 20.092
 84     8.725 55156.17995369 22.80  89.024485  24.076622 20.092
 84     8.599 55156.17995433 23.75  89.023655  24.073332 20.092
 84    12.542 55156.17995498 20.08  89.022835  24.070032 20.092
 86     6.291 55226.17995136 38.62  89.028872  24.092229 22.081
 86     6.284 55226.17995200 40.49  89.028052  24.088929 22.081
 86     6.297 55226.17995265 43.87  89.027222  24.085639 22.081
 86     6.213 55226.17995329 47.63  89.026402  24.082349 22.081
 86     6.154 55226.17995394 50.72  89.025582  24.079049 22.081
 86     6.055 55226.17995458 45.80  89.024752  24.075759 22.081
 86     6.198 55226.17995522 39.41  89.023932  24.072459 22.081
 86     6.171 55226.17995587 38.08  89.023102  24.069169 22.081
 87     5.978 55261.17994590 33.84  89.029702  24.084122 23.725
 87     6.019 55261.17994655 33.66  89.028882  24.080822 23.725
 87     5.861 55261.17994719 39.81  89.028052  24.077532 23.725
 87     5.729 55261.17994784 31.53  89.027232  24.074232 23.725
 87     5.970 55261.17994848 21.18  89.026402  24.070942 23.725
 87     6.111 55261.17994913 19.73  89.025582  24.067642 23.725
 87     5.888 55261.17994977 20.36  89.024762  24.064352 23.725
 88     5.652 55296.17993581 27.40  89.029202  24.092655 23.405
 88     5.708 55296.17993646 32.38  89.028382  24.089365 23.405
 88     5.627 55296.17993710 34.20  89.027552  24.086065 23.405
 88     5.667 55296.17993775 35.52  89.026732  24.082775 23.405
 88     5.756 55296.17993839 32.90  89.025902  24.079475 23.405
 88     5.642 55296.17993904 32.22  89.025082  24.076185 23.405
 88     5.487 55296.17993968 22.72  89.024262  24.072885 23.405
 88     5.487 55296.17994033 17.75  89.023432  24.069595 23.405
 88    12.269 55296.17994097 17.68  89.022612  24.066295 23.405
 89     6.143 55331.17992491 38.30  89.028468  24.091027 23.466
 89     6.358 55331.17992555 42.60  89.027648  24.087737 23.466
 89     6.179 55331.17992620 41.88  89.026818  24.084437 23.466
 89     6.126 55331.17992684 43.43  89.025998  24.081147 23.466
 89     6.097 55331.17992749 36.39  89.025178  24.077847 23.466
 89     6.020 55331.17992813 27.57  89.024348  24.074557 23.466
 89     6.111 55331.17992878 21.57  89.023528  24.071257 23.466
 89     6.160 55331.17992942 24.19  89.022698  24.067967 23.466
 90     7.910 55366.17991841 27.85  89.029738  24.090334 19.909
 90     7.822 55366.17991906 37.85  89.028918  24.087034 19.909
 90     7.538 55366.17991970 34.82  89.028088  24.083744 19.909
 90     7.616 55366.17992035 21.45  89.027268  24.080454 19.909
 90    12.166 55366.17992099 17.35  89.026448  24.077154 19.909
 90     7.900 55366.17992164 18.02  89.025618  24.073864 19.909
 90     7.669 55366.17992228 18.32  89.024798  24.070564 19.909
 90    12.311 55366.17992293 16.24  89.023968  24.067274 19.909
 90    12.872 55366.17992357 16.61  89.023148  24.063974 19.909
 91    11.761 55401.17993188 28.33  89.030679  24.085481 13.903
 91    11.746 55401.17993253 21.00  89.029849  24.082191 13.903
 91    11.674 55401.17993317 15.68  89.029029  24.078891 13.903
 91    12.001 55401.17993382 16.06  89.028199  24.075601 13.903
 91    11.780 55401.17993446 17.65  89.027379  24.072301 13.903
 91    11.707 55401.17993510 15.81  89.026549  24.069011 13.903
 91    11.545 55401.17993575 17.29  89.025729  24.065711 13.903
 91    12.476 55401.17993639 16.92  89.024899  24.062421 13.903
 91    13.206 55401.17993704 19.62  89.024079  24.059121 13.903
 91    13.454 55401.17993768 24.54  89.023259  24.055831 13.903
 92    13.531 55436.17993644 20.26  89.029908  24.084058 18.133
 92    13.356 55436.17993708 19.27  89.029078  24.080768 18.133
 92    13.182 55436.17993772 20.21  89.028258  24.077468 18.133
 92    13.058 55436.17993837 21.05  89.027438  24.074178 18.133
 92    13.095 55436.17993901 19.92  89.026608  24.070878 18.133
 92    13.024 55436.17993966 20.81  89.025788  24.067588 18.133
 92    12.948 55436.17994030 21.43  89.024958  24.064288 18.133
 92    14.156 55436.17994224 28.77  89.022488  24.054408 18.133
 93    13.417 55471.17988707 51.78  89.028843  24.092685 26.005
 93    13.469 55471.17988771 50.00  89.028023  24.089395 26.005
 93    13.347 55471.17988835 45.02  89.027193  24.086095 26.005
 93    13.349 55471.17988900 44.23  89.026373  24.082805 26.005
 93    13.164 55471.17988964 45.74  89.025543  24.079505 26.005
 93    13.188 55471.17989029 46.80  89.024723  24.076215 26.005
 93    13.080 55471.17989093 48.09  89.023903  24.072925 26.005
 93    13.157 55471.17989158 44.46  89.023073  24.069625 26.005
