# NaN NaN NaN ;Mean Elev.(m), Avg Gradient(m/km), RMS Gradient(m/km) - SRTM1     
#   11.270  -0.933   2.276 ;Mean Elev.(m), Avg Gradient(m/km), RMS Gradient(m/km) - ASTER GDEM
#   16.140  -1.299   3.154 ;Mean Elev.(m), Avg Gradient(m/km), RMS Gradient(m/km) - GMTED2010 
  7    14.396 52445.18203700 22.51  88.375885  24.388631 14.450
  7    14.136 52445.18203764 27.28  88.375055  24.385341 14.450
  7    14.157 52445.18203829 22.86  88.374225  24.382041 14.450
  8    17.955 52480.18203031 44.47  88.379589  24.383244 21.699
  8    17.520 52480.18203095 36.96  88.378759  24.379954 21.699
  8    17.321 52480.18203160 32.23  88.377939  24.376664 21.699
  9    17.796 52515.18197988 20.71  88.386713  24.378069 21.857
  9    18.627 52515.18198052 21.10  88.385883  24.374779 21.857
  9    19.186 52515.18198117 22.60  88.385063  24.371479 21.857
 10    17.883 52550.18202557 27.82  88.382162  24.380967 16.341
 10    18.298 52550.18202621 27.82  88.381332  24.377677 16.341
 10    18.608 52550.18202686 30.06  88.380502  24.374377 16.341
 11    15.303 52585.18200431 26.07  88.390539  24.378743 19.285
 11    15.326 52585.18200495 21.56  88.389709  24.375453 19.285
 11    16.131 52585.18200560 22.42  88.388879  24.372153 19.285
 11    16.707 52585.18200624 22.90  88.388059  24.368863 19.285
 12    12.911 52620.18198412 46.61  88.380039  24.383849 24.507
 12    12.680 52620.18198476 35.64  88.379219  24.380559 24.507
 12    12.912 52620.18198541 28.98  88.378389  24.377269 24.507
 14    11.441 52690.18196721 43.10  88.381537  24.383209 22.356
 14    11.617 52690.18196786 33.27  88.380707  24.379909 22.356
 14    11.881 52690.18196850 35.17  88.379887  24.376619 22.356
 15    11.451 52725.18201142 27.26  88.385303  24.380272  9.013
 15    11.150 52725.18201207 23.65  88.384483  24.376972  9.013
 15    11.174 52725.18201271 23.93  88.383653  24.373682  9.013
 16    11.381 52760.18202726 30.26  88.373784  24.393050 22.287
 16    11.397 52760.18202790 24.04  88.372954  24.389750 22.287
 16    11.513 52760.18202855 21.88  88.372134  24.386460 22.287
 16    11.037 52760.18202919 21.75  88.371304  24.383160 22.287
 17    11.933 52795.18198628 21.30  88.390325  24.375830  9.753
 17    11.731 52795.18198692 22.02  88.389495  24.372540  9.753
 17    11.440 52795.18198757 21.89  88.388665  24.369250  9.753
 18    17.399 52830.18205327 27.06  88.391741  24.374863 18.837
 18    18.155 52830.18205391 25.94  88.390911  24.371563 18.837
 18    18.302 52830.18205456 37.12  88.390081  24.368273 18.837
 19    18.142 52865.18209716 23.14  88.392674  24.376291 31.504
 19    18.978 52865.18209781 23.14  88.391854  24.373001 31.504
 19    18.986 52865.18209845 27.27  88.391024  24.369701 31.504
 19    19.353 52865.18209909 36.14  88.390194  24.366411 31.504
 20    19.151 52900.18212554 25.23  88.381588  24.380829 18.972
 20    19.662 52900.18212619 26.75  88.380758  24.377539 18.972
 20    20.327 52900.18212683 26.75  88.379938  24.374249 18.972
 21    17.184 52935.18206774 33.96  88.379838  24.383948 25.951
 21    17.087 52935.18206839 42.13  88.379018  24.380658 25.951
 21    16.939 52935.18206903 41.39  88.378188  24.377368 25.951
 22    14.840 52970.18208711 25.23  88.385093  24.381164 20.558
 22    15.144 52970.18208775 24.96  88.384263  24.377874 20.558
 22    15.117 52970.18208840 25.08  88.383443  24.374574 20.558
 23    13.125 53005.18210289 22.60  88.378825  24.386304 24.504
 23    14.802 53005.18210353 19.70  88.377995  24.383014 24.504
 23    15.152 53005.18210418 21.95  88.377175  24.379724 24.504
 23    14.997 53005.18210482 25.68  88.376345  24.376424 24.504
 24    13.256 53040.18205379 34.54  88.384014  24.380012 22.325
 24    12.750 53040.18205443 39.65  88.383184  24.376722 22.325
 24    12.907 53040.18205508 22.45  88.382354  24.373432 22.325
 25    11.774 53075.18208560 45.85  88.380238  24.382147 20.420
 25    11.862 53075.18208625 28.15  88.379408  24.378857 20.420
 25    11.641 53075.18208689 24.90  88.378588  24.375557 20.420
 26    11.727 53110.18205545 25.99  88.380952  24.381298 15.383
 26    11.689 53110.18205610 21.73  88.380122  24.378008 15.383
 26    17.733 53110.18205674 18.73  88.379292  24.374708 15.383
 27    11.663 53145.18209688 22.56  88.383045  24.382172 14.042
 27    11.907 53145.18209752 20.39  88.382215  24.378882 14.042
 27    11.861 53145.18209817 17.89  88.381395  24.375582 14.042
 29    17.727 53215.18213104 23.89  88.382696  24.382746 23.284
 29    17.949 53215.18213169 23.03  88.381866  24.379456 23.284
 29    18.787 53215.18213233 21.66  88.381046  24.376156 23.284
 30    19.445 53250.18210276 42.63  88.381527  24.382583 33.338
 30    19.539 53250.18210340 41.23  88.380697  24.379293 33.338
 30    19.548 53250.18210405 42.71  88.379877  24.375993 33.338
 57    11.508 54195.18198206 41.40  88.387543  24.381061 19.662
 57    11.166 54195.18198270 40.03  88.386713  24.377771 19.662
 57    11.379 54195.18198335 40.62  88.385893  24.374471 19.662
 57    11.149 54195.18198399 41.07  88.385063  24.371181 19.662
 58    10.961 54230.18203238 52.78  88.385144  24.380303 19.857
 58    11.363 54230.18203302 49.03  88.384314  24.377013 19.857
 58    10.930 54230.18203366 50.06  88.383494  24.373723 19.857
 59    11.616 54265.18205038 47.60  88.385486  24.379631 17.613
 59    11.666 54265.18205103 38.93  88.384666  24.376341 17.613
 59    12.135 54265.18205167 30.97  88.383836  24.373051 17.613
 61    19.002 54335.18204362 28.69  88.384564  24.381608 20.517
 61    19.154 54335.18204427 29.47  88.383734  24.378318 20.517
 61    19.346 54335.18204491 29.31  88.382914  24.375018 20.517
 63    15.826 54405.18198836 48.08  88.383569  24.380387 27.095
 63    15.880 54405.18198901 46.02  88.382749  24.377087 27.095
 63    15.876 54405.18198965 51.46  88.381919  24.373797 27.095
 64    13.688 54440.18194589 53.94  88.388068  24.378793 28.927
 64    13.498 54440.18194653 50.28  88.387238  24.375503 28.927
 64    13.559 54440.18194718 48.01  88.386408  24.372203 28.927
 66    11.304 54510.18195994 38.06  88.387882  24.380384 17.691
 66    10.896 54510.18196059 45.31  88.387052  24.377084 17.691
 66    11.014 54510.18196123 44.33  88.386225  24.373800 23.180
 66    10.684 54510.18196188 39.96  88.385395  24.370500 23.180
 67    10.877 54545.18198928 31.72  88.385044  24.381677 17.790
 67    10.853 54545.18198992 27.53  88.384214  24.378387 17.790
 67    10.910 54545.18199057 25.11  88.383394  24.375087 17.790
 68    10.760 54580.18195639 32.78  88.386682  24.379791 21.909
 68    10.806 54580.18195703 30.12  88.385852  24.376501 21.909
 68    10.834 54580.18195768 23.81  88.385022  24.373211 21.909
 69    10.755 54615.18197883 33.21  88.386012  24.381052 18.011
 69    10.756 54615.18197947 28.19  88.385182  24.377762 18.011
 69    10.991 54615.18198012 24.71  88.384362  24.374462 18.011
 71    18.659 54685.18198456 25.46  88.383852  24.382578 25.041
 71    18.827 54685.18198520 26.76  88.383022  24.379278 25.041
 71    18.886 54685.18198585 26.58  88.382192  24.375988 25.041
 72    17.777 54720.18193491 21.22  88.388462  24.379137 18.436
 72    17.755 54720.18193556 21.56  88.387632  24.375847 18.436
 72    17.738 54720.18193620 24.15  88.386802  24.372547 18.436
 73    17.374 54755.18195943 21.05  88.384669  24.381355 16.813
 73    17.790 54755.18196008 21.60  88.383849  24.378055 16.813
 73    16.893 54755.18196072 24.17  88.383019  24.374765 16.813
 74    14.230 54790.18192842 47.97  88.386590  24.381386 22.998
 74    14.068 54790.18192906 50.14  88.385760  24.378086 22.998
 74    14.174 54790.18192971 51.50  88.384933  24.374802 28.661
 74    13.989 54790.18193035 52.49  88.384103  24.371502 28.661
 75    12.464 54825.18195529 30.11  88.386070  24.379999 26.608
 75    12.297 54825.18195594 30.63  88.385250  24.376699 26.608
 75    12.393 54825.18195658 34.70  88.384420  24.373409 26.608
 76    11.789 54860.18192208 34.44  88.388026  24.378821 19.682
 76    11.541 54860.18192272 34.76  88.387196  24.375531 19.682
 76    11.512 54860.18192337 48.54  88.386376  24.372231 19.682
 77    11.130 54895.18195648 29.86  88.383042  24.382902 21.108
 77    10.979 54895.18195713 40.18  88.382222  24.379602 21.108
 77    10.374 54895.18195777 43.26  88.381392  24.376312 21.108
 78    10.737 54930.18191993 27.28  88.385495  24.380921 17.474
 78    10.660 54930.18192057 27.51  88.384665  24.377621 17.474
 78    10.671 54930.18192122 27.29  88.383845  24.374331 17.474
 79    10.740 54965.18195647 30.30  88.384413  24.380731 15.590
 79    10.333 54965.18195711 33.64  88.383583  24.377441 15.590
 79    10.442 54965.18195776 31.01  88.382763  24.374141 15.590
 80    11.371 55000.18197713 38.26  88.381895  24.380990 19.780
 80    10.911 55000.18197777 40.64  88.381075  24.377690 19.780
 80    11.186 55000.18197842 36.45  88.380245  24.374400 19.780
 81    14.267 55035.18196231 22.63  88.386085  24.379567 13.887
 81    14.638 55035.18196295 21.33  88.385255  24.376277 13.887
 81    14.352 55035.18196360 19.07  88.384435  24.372977 13.887
 82    18.620 55070.18195209 19.77  88.383528  24.381593 18.761
 82    18.583 55070.18195273 19.97  88.382698  24.378293 18.761
 82    18.571 55070.18195338 21.02  88.381868  24.375003 18.761
 83    16.210 55105.18189438 17.55  88.385838  24.380381 16.716
 83    16.291 55105.18189503 19.79  88.385018  24.377091 16.716
 83    16.360 55105.18189567 20.87  88.384188  24.373801 16.716
 84    14.811 55140.18190110 29.49  88.383928  24.379453 19.357
 84    14.447 55140.18190175 27.00  88.383098  24.376153 19.357
 84    14.381 55140.18190239 22.87  88.382278  24.372863 19.357
 85    12.403 55175.18186160 26.09  88.388407  24.377893 25.081
 85    12.486 55175.18186224 35.49  88.387577  24.374603 25.081
 85    12.452 55175.18186289 33.70  88.386747  24.371303 25.081
 86    10.608 55210.18189613 23.86  88.384881  24.379970 21.168
 86    11.523 55210.18189677 24.72  88.384061  24.376670 21.168
 86    11.150 55210.18189742 39.89  88.383231  24.373380 21.168
 87    10.391 55245.18186778 23.91  88.386298  24.381670 14.644
 87    16.487 55245.18186843 21.30  88.385468  24.378370 14.644
 87    16.205 55245.18186907 28.03  88.384648  24.375080 14.644
 87    11.104 55245.18186972 34.60  88.383818  24.371780 14.644
 88    11.094 55280.18188967 19.88  88.382852  24.379842 15.374
 88    11.216 55280.18189031 26.26  88.382032  24.376542 15.374
 89    10.457 55315.18185447 19.63  88.384828  24.382354 16.756
 89    11.111 55315.18185511 19.16  88.383998  24.379064 16.756
 89    11.257 55315.18185576 28.81  88.383178  24.375764 16.756
 91    14.538 55385.18185429 22.49  88.385678  24.381015 10.067
 91    14.324 55385.18185494 29.56  88.384848  24.377715 10.067
 91    14.218 55385.18185558 26.06  88.384028  24.374425 10.067
 92    17.453 55420.18187910 33.22  88.386031  24.381172 18.076
 92    17.371 55420.18187975 30.81  88.385201  24.377882 18.076
 92    17.135 55420.18188039 27.74  88.384381  24.374582 18.076
 93    18.634 55455.18185639 21.49  88.383470  24.381382 26.927
 93    18.980 55455.18185703 22.52  88.382650  24.378092 26.927
 93    19.238 55455.18185768 25.66  88.381820  24.374792 26.927
