# NaN NaN NaN ;Mean Elev.(m), Avg Gradient(m/km), RMS Gradient(m/km) - SRTM1     
#    8.703  -0.025   1.006 ;Mean Elev.(m), Avg Gradient(m/km), RMS Gradient(m/km) - ASTER GDEM
#    9.159   0.143   2.527 ;Mean Elev.(m), Avg Gradient(m/km), RMS Gradient(m/km) - GMTED2010 
  6  89.661775  23.784934     7.584     7.257  3 52442.17816126 40.476
  7  89.667139  23.787102     9.719     9.782  4 52477.17815642 38.758
  8  89.678330  23.786185     9.733     9.796  4 52512.17810165 45.347
  9  89.674539  23.788320     8.935     9.007  4 52547.17813533 34.589
 10  89.674045  23.787223     7.824     8.354  4 52582.17814688 30.160
 11  89.666068  23.786470     6.563     6.425  4 52617.17811934 27.266
 12  89.680582  23.784721     8.789     8.739  3 52652.17809440 23.408
 13  89.672768  23.786447     4.598     3.190  4 52687.17808998 42.992
 14  89.672251  23.787397     3.898     2.884  5 52722.17813786 42.403
 15  89.658151  23.785333     7.693     8.384  4 52757.17816089 19.245
 17  89.678463  23.786572    10.087    10.117  4 52827.17817947 40.682
 18  89.679707  23.786673     9.128     9.196  3 52862.17822477 38.144
 19  89.669723  23.787525     9.904    10.005  4 52897.17825478 39.619
 20  89.666606  23.787426     8.484     8.159  4 52932.17820178 35.305
 21  89.676460  23.787490     5.745     5.766  4 52967.17820425 35.956
 22  89.664696  23.785565     6.172     5.876  4 53002.17823147 28.784
 23  89.666182  23.785829     7.186     7.740  4 53037.17818042 31.759
 24  89.671031  23.787364     4.694     3.174  4 53072.17820456 33.441
 25  89.665245  23.785621     7.215     7.332  4 53107.17818119 19.869
 26  89.673512  23.786529     5.869     5.053  4 53142.17821267 41.402
 28  89.670197  23.787712    10.639    10.617  4 53212.17825789 23.655
 29  89.671675  23.786492     9.352     9.465  4 53247.17822661 35.329
 30  89.671650  23.786763     9.067     9.084  5 53282.17821497 32.199
 48  89.666771  23.786214     7.572     7.447  5 53912.17820981 25.468
 56  89.669481  23.785587     3.091     2.994  4 54192.17810685 32.495
 57  89.672723  23.786462     6.676     6.956  4 54227.17815578 24.879
 58  89.674110  23.788436     7.781     7.190  4 54262.17817477 26.492
 59  89.673207  23.786990     8.515     8.487  4 54297.17818018 24.215
 60  89.673391  23.787507     9.620     9.595  4 54332.17817046 30.566
 61  89.670552  23.787879     9.540     9.545  4 54367.17811204 31.417
 62  89.673233  23.786342     9.402     9.586  4 54402.17811361 29.728
 63  89.670322  23.786856     5.809     4.795  5 54437.17807075 35.465
 64  89.676426  23.786959     3.556     3.561  4 54472.17809838 43.607
 66  89.674555  23.788482     3.071     3.045  4 54542.17811262 42.992
 67  89.670205  23.785827     7.685     7.539  4 54577.17808436 18.693
 68  89.673878  23.788152     8.084     8.047  4 54612.17810380 13.523
 69  89.672429  23.787332     8.743     8.749  5 54647.17811126 25.448
 70  89.672124  23.787333     9.544     9.578  4 54682.17811174 26.625
 71  89.671144  23.786625    10.223    10.297  5 54717.17806032 30.178
 72  89.673416  23.787195     8.338     7.936  5 54752.17808425 37.632
 73  89.670907  23.786763     7.444     7.343  4 54787.17805070 30.256
 74  89.674909  23.787527     4.137     4.109  4 54822.17807783 44.316
 75  89.672093  23.787073     4.912     3.437  4 54857.17804659 31.213
 76  89.670682  23.786830     2.983     3.003  4 54892.17808152 42.634
 77  89.668362  23.786307     4.002     3.007  4 54927.17804464 33.852
 78  89.672832  23.787819     4.047     4.044  4 54962.17807959 36.489
 79  89.670298  23.787405     5.133     5.111  4 54997.17810119 33.593
 80  89.671674  23.786669     7.567     7.568  4 55032.17809077 18.986
 81  89.672541  23.787069     9.546     9.604  5 55067.17807941 29.698
 82  89.668395  23.787536     8.391     8.264  4 55102.17801980 22.129
 83  89.673882  23.788313     6.304     6.321  4 55137.17802596 43.958
 84  89.671267  23.787544     4.385     4.394  4 55172.17798760 37.429
 85  89.673914  23.787393     3.241     3.233  4 55207.17802001 37.305
 86  89.669275  23.786707     2.822     2.829  5 55242.17799320 30.402
 87  89.671679  23.787529     3.021     3.017  4 55277.17801372 34.695
 88  89.670773  23.786636     5.583     5.600  4 55312.17797757 26.609
 89  89.673382  23.787726     9.039     9.014  4 55347.17798363 21.897
 90  89.671494  23.786552     8.210     8.220  4 55382.17797535 23.124
 91  89.674956  23.788611     9.039     9.042  4 55417.17800230 44.177
 92  89.672132  23.786769     9.787     9.738  5 55452.17798523 36.307
 93  89.671105  23.787723     8.784     8.729  4 55487.17790792 21.878
