# NaN NaN NaN ;Mean Elev.(m), Avg Gradient(m/km), RMS Gradient(m/km) - SRTM1     
#    9.581  -0.582  14.760 ;Mean Elev.(m), Avg Gradient(m/km), RMS Gradient(m/km) - ASTER GDEM
#   25.034  -0.322  13.279 ;Mean Elev.(m), Avg Gradient(m/km), RMS Gradient(m/km) - GMTED2010 
  8    27.291 52492.66179827 34.47  87.725660  25.294600 23.128
  8    26.943 52492.66179891 32.92  87.724830  25.297890 23.128
  8    26.758 52492.66179956 33.55  87.723990  25.301180 23.128
  8    26.625 52492.66180020 32.98  87.723157  25.304479 37.768
  8    26.633 52492.66180085 30.49  87.722317  25.307769 37.768
  8    27.036 52492.66180149 29.74  87.721487  25.311059 37.768
  8    27.220 52492.66180214 35.01  87.720647  25.314359 37.768
  8    27.305 52492.66180278 46.08  87.719817  25.317649 37.768
 10    26.066 52562.66182372 52.25  87.717499  25.297371 38.090
 10    25.863 52562.66182437 53.13  87.716669  25.300661 38.090
 12    23.888 52632.66178683 30.15  87.713302  25.298507 22.435
 12    23.729 52632.66178747 28.07  87.712462  25.301797 22.435
 13    23.695 52667.66180413 35.77  87.714753  25.295924 39.014
 13    23.994 52667.66180477 45.23  87.713913  25.299224 39.014
 13    23.742 52667.66180542 52.27  87.713083  25.302514 39.014
 14    23.392 52702.66177788 23.10  87.721658  25.293687 14.925
 14    23.510 52702.66177852 28.09  87.720818  25.296977 14.925
 14    23.510 52702.66177917 28.44  87.719978  25.300277 14.925
 14    23.604 52702.66178045 21.19  87.718308  25.306857 14.925
 14    23.630 52702.66178110 24.46  87.717478  25.310147 14.925
 14    23.527 52702.66178174 24.94  87.716638  25.313447 14.925
 14    23.561 52702.66178239 27.77  87.715798  25.316737 14.925
 14    23.652 52702.66178303 24.53  87.714968  25.320027 14.925
 14    23.598 52702.66178368 21.21  87.714133  25.323325 11.463
 16    23.745 52772.66178237 31.45  87.722030  25.296673 19.502
 16    23.525 52772.66178302 25.31  87.721200  25.299973 19.502
 16    23.402 52772.66178366 24.24  87.720360  25.303263 19.502
 16    23.697 52772.66178431 25.63  87.719530  25.306553 19.502
 16    23.529 52772.66178495 30.63  87.718690  25.309853 19.502
 16    23.616 52772.66178560 30.38  87.717860  25.313143 19.502
 16    23.708 52772.66178624 35.05  87.717020  25.316433 19.502
 16    23.725 52772.66178689 48.75  87.716180  25.319723 19.502
 17    24.424 52807.66184295 30.30  87.710947  25.298767 29.541
 17    23.772 52807.66184359 27.17  87.710117  25.302067 29.541
 18    27.543 52842.66190118 30.14  87.713667  25.299004 42.529
 18    27.242 52842.66190182 26.05  87.712827  25.302294 42.529
 19    28.898 52877.66193925 21.59  87.713633  25.297540 25.057
 19    29.376 52877.66193989 22.74  87.712793  25.300830 25.057
 20    29.470 52912.66189685 43.66  87.725773  25.295893 42.483
 20    29.412 52912.66189750 35.55  87.724943  25.299193 42.483
 20    29.559 52912.66189814 42.67  87.724103  25.302483 42.483
 20    29.646 52912.66189879 45.68  87.723263  25.305773 42.483
 20    29.644 52912.66189943 40.59  87.722433  25.309073 51.172
 20    29.403 52912.66190008 29.40  87.721593  25.312363 51.172
 20    29.703 52912.66190072 36.21  87.720763  25.315653 51.172
 21    25.611 52947.66185464 48.43  87.717853  25.297290 34.064
 21    25.574 52947.66185529 50.20  87.717023  25.300580 34.064
 23    23.812 53017.66188371 27.87  87.718211  25.295262 18.999
 23    23.908 53017.66188436 37.28  87.717382  25.298561 23.892
 23    23.742 53017.66188500 35.11  87.716542  25.301851 23.892
 24    25.464 53052.66186452 37.20  87.717743  25.295743 27.413
 24    25.092 53052.66186517 45.15  87.716913  25.299033 27.413
 24    24.816 53052.66186581 49.36  87.716073  25.302323 27.413
 25    23.457 53087.66190195 37.68  87.709810  25.298604 36.279
 25    23.551 53087.66190259 49.28  87.708970  25.301894 36.279
 26    24.650 53122.66187177 47.67  87.714069  25.296813 31.532
 26    23.745 53122.66187242 48.82  87.713229  25.300103 31.532
 26    23.709 53122.66187306 48.67  87.712399  25.303393 31.532
 27    23.721 53157.66192902 24.16  87.708555  25.297506 17.196
 27    23.715 53157.66192966 32.56  87.707715  25.300796 17.196
 27    23.671 53157.66193030 36.20  87.706875  25.304096 17.196
 28    25.383 53192.66192109 24.82  87.721742  25.293548 19.155
 28    25.376 53192.66192174 33.53  87.720902  25.296838 19.155
 28    25.364 53192.66192238 30.63  87.720072  25.300138 19.155
 28    25.899 53192.66192367 40.28  87.718392  25.306718 19.155
 28    25.842 53192.66192431 45.47  87.717562  25.310008 19.155
 28    26.411 53192.66192496 32.54  87.716722  25.313308 19.155
 28    26.659 53192.66192560 23.11  87.715892  25.316598 19.155
 28    27.858 53192.66192625 22.41  87.715052  25.319888 19.155
 28    29.035 53192.66192689 20.98  87.714212  25.323188 19.155
 30    25.595 53262.66189331 22.82  87.716529  25.295569 23.370
 30    26.268 53262.66189395 22.52  87.715699  25.298869 23.370
 30    26.843 53262.66189460 23.36  87.714859  25.302159 23.370
 31    25.851 53297.66193198 48.13  87.705510  25.297693 29.307
 31    25.830 53297.66193263 47.23  87.704680  25.300983 29.307
 31    25.815 53297.66193327 44.59  87.703840  25.304283 29.307
 33    24.331 53367.66184681 19.44  87.722403  25.294823 27.729
 33    23.490 53367.66184746 25.12  87.721563  25.298113 27.729
 33    23.726 53367.66184810 28.80  87.720733  25.301413 27.729
 33    23.913 53367.66184875 31.84  87.719903  25.304703 27.729
 33    23.787 53367.66184939 44.53  87.719063  25.307993 27.729
 33    24.055 53367.66185004 31.83  87.718223  25.311283 27.729
 33    24.105 53367.66185068 29.15  87.717393  25.314583 27.729
 33    24.123 53367.66185133 41.15  87.716553  25.317873 27.729
 33    24.163 53367.66185197 47.96  87.715723  25.321163 27.729
 34    23.759 53402.66187621 24.06  87.715501  25.296278 23.713
 34    23.703 53402.66187685 23.70  87.714671  25.299568 23.713
 34    23.733 53402.66187750 34.05  87.713831  25.302858 23.713
 35    23.418 53437.66186471 18.32  87.720211  25.295410 18.779
 35    23.384 53437.66186535 19.30  87.719371  25.298710 18.779
 35    23.350 53437.66186599 27.57  87.718541  25.302000 18.779
 35    23.717 53437.66186728 24.82  87.716871  25.308580 18.779
 35    23.792 53437.66186793 22.56  87.716031  25.311880 18.779
 35    23.993 53437.66186857 26.02  87.715191  25.315170 18.779
 35    24.086 53437.66186986 33.11  87.713521  25.321760 18.779
 36    23.382 53472.66192008 53.65  87.710711  25.298894 37.926
 36    23.588 53472.66192072 52.58  87.709881  25.302194 37.926
 37    23.791 53507.66194765 20.76  87.714108  25.296952 15.874
 37    24.155 53507.66194829 21.33  87.713278  25.300242 15.874
 37    24.596 53507.66194894 19.50  87.712438  25.303532 15.874
 38    23.570 53542.66195655 21.85  87.712694  25.298009 20.049
 38    23.492 53542.66195719 20.50  87.711854  25.301309 20.049
 39    27.821 53577.66194114 23.35  87.716599  25.295474 29.902
 39    27.815 53577.66194178 22.47  87.715759  25.298774 29.902
 39    27.605 53577.66194243 23.45  87.714929  25.302064 29.902
 40    29.509 53612.66189414 35.49  87.716273  25.297582 42.316
 40    29.569 53612.66189478 37.05  87.715433  25.300872 42.316
 42    24.871 53682.66191476 51.25  87.711278  25.298288 35.079
 42    24.812 53682.66191540 46.63  87.710448  25.301578 35.079
 43    23.971 53717.66184142 34.82  87.722030  25.296513 24.357
 43    24.112 53717.66184207 36.35  87.721190  25.299813 24.357
 43    24.150 53717.66184271 33.84  87.720360  25.303103 24.357
 43    23.976 53717.66184336 36.13  87.719520  25.306393 24.357
 43    23.954 53717.66184400 30.32  87.718680  25.309683 24.357
 43    23.886 53717.66184464 29.46  87.717849  25.312983 27.905
 43    23.955 53717.66184529 34.04  87.717009  25.316273 27.905
 43    24.048 53717.66184593 42.19  87.716179  25.319563 27.905
 44    23.524 53752.66176113 26.52  87.721189  25.294039 32.685
 44    23.674 53752.66176178 44.04  87.720349  25.297339 32.685
 44    23.553 53752.66176242 50.27  87.719509  25.300629 32.685
 44    23.548 53752.66176371 50.62  87.717836  25.307216 30.201
 44    23.529 53752.66176435 30.35  87.717006  25.310506 30.201
 44    23.787 53752.66176500 24.92  87.716166  25.313796 30.201
 44    23.957 53752.66176564 28.23  87.715336  25.317096 30.201
 44    23.976 53752.66176629 35.06  87.714496  25.320386 30.201
 44    24.093 53752.66176693 43.63  87.713656  25.323676 30.201
 45    23.241 53787.66179118 24.73  87.722090  25.293885 34.680
 45    23.367 53787.66179182 41.51  87.721250  25.297185 34.680
 45    23.617 53787.66179247 39.53  87.720420  25.300475 34.680
 45    23.410 53787.66179376 52.00  87.718747  25.307064 23.693
 45    23.420 53787.66179440 32.52  87.717907  25.310354 23.693
 45    23.657 53787.66179505 28.09  87.717077  25.313644 23.693
 45    23.932 53787.66179569 30.18  87.716237  25.316944 23.693
 45    23.999 53787.66179634 41.86  87.715407  25.320234 23.693
 46    23.109 53822.66174671 27.95  87.715631  25.297667 23.351
 46    23.259 53822.66174736 29.31  87.714801  25.300967 23.351
 47    23.572 53857.66183880 30.28  87.711112  25.297536 25.910
 47    23.529 53857.66183944 36.57  87.710272  25.300826 25.910
 48    23.850 53892.66185187 21.49  87.720564  25.294088 19.579
 48    23.873 53892.66185252 28.45  87.719728  25.297386 19.698
 48    23.866 53892.66185316 29.15  87.718898  25.300676 19.698
 48    23.593 53892.66185509 23.59  87.716388  25.310556 19.698
 48    23.836 53892.66185638 27.64  87.714718  25.317146 19.698
 48    23.801 53892.66185703 32.49  87.713878  25.320436 19.698
 48    23.841 53892.66185767 43.28  87.713048  25.323726 19.698
 49    25.488 53927.66191268 40.04  87.705195  25.298714 16.575
 49    25.304 53927.66191333 40.39  87.704365  25.302004 16.575
 50    27.310 53962.66189586 28.70  87.710420  25.299797 26.049
 50    27.240 53962.66189651 22.63  87.709580  25.303087 26.049
 51    27.096 53997.66184132 21.15  87.714602  25.296956 28.600
 51    27.486 53997.66184197 20.69  87.713762  25.300246 28.600
 51    27.963 53997.66184261 22.41  87.712932  25.303546 28.600
 52    24.944 54032.66189107 49.70  87.717977  25.295307 36.427
 52    25.054 54032.66189171 50.35  87.717137  25.298597 36.427
 52    25.021 54032.66189236 46.43  87.716307  25.301897 36.427
 54    23.329 54102.66184408 22.43  87.719229  25.294839 28.119
 54    23.672 54102.66184472 24.80  87.718399  25.298129 28.119
 54    23.691 54102.66184537 29.53  87.717559  25.301419 28.119
 55    23.547 54137.66181417 31.67  87.714363  25.297524 24.168
 55    23.668 54137.66181481 37.57  87.713523  25.300814 24.168
 56    23.381 54172.66182158 20.74  87.718073  25.294469 23.845
 56    23.572 54172.66182222 29.76  87.717244  25.297769 21.003
 56    23.771 54172.66182287 33.57  87.716404  25.301059 21.003
 57    23.704 54207.66181934 24.94  87.713409  25.296587 21.155
 57    23.705 54207.66181999 33.62  87.712569  25.299887 21.155
 57    23.725 54207.66182063 44.34  87.711739  25.303177 21.155
 58    23.802 54242.66185206 36.74  87.716420  25.297647 29.315
 58    23.851 54242.66185270 39.36  87.715580  25.300947 29.315
 59    24.864 54277.66186559 36.39  87.716404  25.296816 38.600
 59    24.699 54277.66186623 31.22  87.715574  25.300106 38.600
 59    24.524 54277.66186687 44.63  87.714734  25.303396 38.600
 60    28.612 54312.66186551 34.27  87.718340  25.295480 31.805
 60    28.469 54312.66186615 35.59  87.717510  25.298770 31.805
 60    28.356 54312.66186680 30.43  87.716670  25.302060 31.805
 61    28.887 54347.66183750 27.82  87.719752  25.295734 30.733
 61    28.180 54347.66183814 22.85  87.718915  25.299034 33.473
 61    27.642 54347.66183879 23.30  87.718075  25.302324 33.473
 61    28.309 54347.66184008 23.35  87.716405  25.308914 33.473
 62    27.469 54382.66180281 32.34  87.716291  25.295117 30.909
 62    27.449 54382.66180345 29.60  87.715461  25.298407 30.909
 62    27.356 54382.66180409 28.68  87.714621  25.301697 30.909
 63    24.832 54417.66178693 26.75  87.717712  25.297178 21.700
 63    24.776 54417.66178757 31.63  87.716872  25.300478 21.700
 64    24.088 54452.66177309 46.74  87.713977  25.298089 32.184
 64    24.200 54452.66177374 35.25  87.713137  25.301379 32.184
 65    23.692 54487.66178416 53.05  87.718997  25.294893 42.605
 65    23.715 54487.66178480 53.06  87.718157  25.298183 42.605
 65    23.789 54487.66178545 52.13  87.717317  25.301473 42.605
 66    23.661 54522.66178573 53.00  87.717066  25.296183 36.812
 66    23.697 54522.66178637 52.53  87.716226  25.299473 36.812
 66    23.642 54522.66178702 48.51  87.715396  25.302773 36.812
 67    23.313 54557.66179434 22.92  87.718484  25.295251 20.035
 67    23.302 54557.66179498 27.25  87.717654  25.298541 20.035
 67    23.489 54557.66179563 24.30  87.716814  25.301841 20.035
 68    23.290 54592.66178274 42.77  87.715085  25.298357 23.751
 68    23.075 54592.66178338 39.13  87.714245  25.301647 23.751
 69    23.886 54627.66179707 27.65  87.717038  25.294853 20.725
 69    23.759 54627.66179771 30.76  87.716208  25.298153 20.725
 69    23.806 54627.66179836 30.59  87.715368  25.301443 20.725
 70    28.044 54662.66180490 42.24  87.714085  25.296687 38.874
 70    27.932 54662.66180555 38.60  87.713255  25.299977 38.874
 70    27.962 54662.66180619 36.64  87.712415  25.303267 38.874
 71    29.240 54697.66177938 24.11  87.720009  25.295811 32.777
 71    28.749 54697.66178003 25.28  87.719169  25.299101 32.777
 71    28.204 54697.66178067 27.85  87.718339  25.302391 32.777
 71    28.855 54697.66178196 28.59  87.716669  25.308981 32.777
 71    29.426 54697.66178325 30.68  87.714989  25.315571 32.777
 71    29.429 54697.66178454 39.80  87.713319  25.322151 32.777
 72    26.295 54732.66176182 49.93  87.714797  25.296115 41.837
 72    26.193 54732.66176247 53.48  87.713957  25.299405 41.837
 72    26.133 54732.66176311 52.83  87.713127  25.302695 41.837
 73    24.905 54767.66175861 38.36  87.717529  25.297097 34.488
 73    24.957 54767.66175926 34.09  87.716699  25.300387 34.488
 74    24.082 54802.66175591 38.29  87.712964  25.299168 34.261
 74    24.382 54802.66175656 45.33  87.712134  25.302468 34.261
 75    23.705 54837.66175181 50.54  87.716942  25.296765 29.878
 75    23.800 54837.66175246 51.20  87.716102  25.300065 29.878
 75    23.893 54837.66175310 44.02  87.715272  25.303355 29.878
 76    23.560 54872.66175444 28.22  87.714912  25.296135 32.176
 76    23.618 54872.66175509 41.17  87.714082  25.299425 32.176
 76    23.632 54872.66175573 36.66  87.713242  25.302725 32.176
 77    23.520 54907.66175867 45.69  87.717280  25.296449 28.776
 77    23.521 54907.66175932 51.91  87.716450  25.299739 28.776
 77    23.542 54907.66175996 45.12  87.715610  25.303039 28.776
 78    23.463 54942.66174777 26.88  87.713584  25.297339 24.410
 78    23.389 54942.66174842 32.92  87.712744  25.300629 24.410
 79    23.605 54977.66177558 39.15  87.714962  25.298029 21.196
 79    24.544 54977.66177622 40.43  87.714122  25.301319 21.196
 80    23.511 55012.66178229 35.91  87.716265  25.297415 29.611
 80    23.989 55012.66178293 45.49  87.715425  25.300715 29.611
 81    26.724 55047.66177484 37.94  87.716610  25.297473 29.506
 81    26.700 55047.66177549 34.75  87.715780  25.300763 29.506
 82    27.041 55082.66174561 37.60  87.719526  25.295981 31.140
 82    26.666 55082.66174626 28.24  87.718686  25.299271 31.140
 82    26.418 55082.66174690 25.61  87.717856  25.302561 31.140
 82    27.064 55082.66174819 44.57  87.716186  25.309151 31.140
 83    27.025 55117.66170657 52.28  87.715725  25.297938 44.686
 83    27.027 55117.66170721 52.54  87.714895  25.301228 44.686
 84    24.471 55152.66170358 35.70  87.716420  25.296772 30.531
 84    24.694 55152.66170423 37.98  87.715580  25.300062 30.531
 84    24.628 55152.66170487 43.79  87.714750  25.303352 30.531
 85    24.046 55187.66169424 34.20  87.713692  25.297604 35.077
 85    24.378 55187.66169489 35.48  87.712862  25.300894 35.077
 86    23.823 55222.66170271 52.00  87.716559  25.297392 30.734
 86    23.986 55222.66170336 51.21  87.715719  25.300692 30.734
 87    23.380 55257.66168951 42.19  87.716807  25.296327 27.939
 87    23.982 55257.66169016 48.27  87.715967  25.299617 27.939
 87    23.839 55257.66169080 48.80  87.715137  25.302917 27.939
 88    23.005 55292.66169000 23.51  87.718840  25.294585 27.006
 88    23.080 55292.66169065 47.21  87.718000  25.297875 27.006
 88    23.213 55292.66169129 52.29  87.717170  25.301165 27.006
 89    22.919 55327.66167456 29.65  87.713597  25.298895 27.130
 89    22.924 55327.66167520 32.93  87.712757  25.302185 27.130
 90    23.626 55362.66166940 40.36  87.717558  25.296669 20.754
 90    23.526 55362.66167005 48.31  87.716718  25.299969 20.754
 90    23.663 55362.66167069 48.35  87.715888  25.303259 20.754
 91    25.495 55397.66167763 41.44  87.714470  25.296936 23.490
 91    25.604 55397.66167827 42.29  87.713630  25.300226 23.490
 91    25.354 55397.66167892 41.02  87.712800  25.303526 23.490
 93    28.663 55467.66164274 51.44  87.721482  25.294459 39.614
 93    28.667 55467.66164338 47.88  87.720646  25.297751 48.954
 93    28.632 55467.66164403 35.50  87.719806  25.301041 48.954
 93    28.776 55467.66164532 47.39  87.718136  25.307621 48.954
 93    28.776 55467.66164596 46.31  87.717306  25.310921 48.954
 93    28.779 55467.66164660 47.14  87.716466  25.314211 48.954
 93    28.786 55467.66164725 51.11  87.715636  25.317501 48.954
 93    28.862 55467.66164789 50.61  87.714796  25.320801 48.954
