# NaN NaN NaN ;Mean Elev.(m), Avg Gradient(m/km), RMS Gradient(m/km) - SRTM1     
#   32.056  -1.265  29.682 ;Mean Elev.(m), Avg Gradient(m/km), RMS Gradient(m/km) - ASTER GDEM
#   36.617  -0.914  29.533 ;Mean Elev.(m), Avg Gradient(m/km), RMS Gradient(m/km) - GMTED2010 
  9  86.264858  25.333878    39.790    39.790  7 52530.66579397 48.297
 10  86.277785  25.324536    35.783    35.662  4 52565.66581131 31.718
 11  86.265610  25.332947    34.274    34.199  7 52600.66583374 45.047
 12  86.265366  25.333012    33.437    33.153  8 52635.66579376 44.237
 13  86.269578  25.329732    33.835    32.598  7 52670.66580082 22.452
 14  86.272474  25.325297    32.343    32.298  4 52705.66579302 46.286
 15  86.269106  25.330627    31.635    31.550  7 52740.66582804 46.039
 16  86.278865  25.325073    32.420    32.423  4 52775.66577282 30.570
 17  86.264572  25.332707    32.739    32.766  8 52810.66585022 39.823
 18  86.267232  25.331024    38.691    38.643  7 52845.66590556 45.326
 19  86.267612  25.330793    40.231    40.375  7 52880.66594281 33.673
 20  86.277164  25.325634    40.301    40.314  4 52915.66589896 45.369
 21  86.273671  25.324528    35.860    35.862  4 52950.66585879 43.302
 22  86.278007  25.324304    33.902    33.894  4 52985.66588042 48.136
 23  86.276002  25.325835    33.106    33.098  4 53020.66587114 41.743
 24  86.276160  25.323815    32.798    32.769  4 53055.66585882 43.029
 25  86.264055  25.333775    32.052    32.000  7 53090.66589844 48.373
 26  86.271864  25.325518    32.317    32.448  3 53125.66586729 43.337
 27  86.262966  25.333026    32.607    32.584  7 53160.66593045 23.541
 28  86.274477  25.324821    34.989    34.824  3 53195.66592560 31.161
 29  86.278357  25.324763    37.867    37.801  5 53230.66591111 31.370
 30  86.274039  25.323969    37.928    37.965  4 53265.66588149 24.310
 31  86.258608  25.334567    35.738    35.763  7 53300.66593240 48.322
 32  86.272091  25.324824    34.608    34.584  4 53335.66590098 44.461
 33  86.277423  25.324782    32.770    32.752  4 53370.66583896 47.357
 35  86.275666  25.323444    31.851    31.898  4 53440.66585989 45.896
 36  86.263465  25.334153    32.271    32.271  7 53475.66592734 48.796
 37  86.270899  25.326742    32.157    32.223  5 53510.66594125 24.113
 38  86.266202  25.332602    32.145    32.076  7 53545.66595928 33.543
 39  86.272851  25.324692    38.054    38.031  4 53580.66593244 25.358
 40  86.271930  25.324750    39.278    39.229  3 53615.66588715 24.712
 41  86.272002  25.325419    37.903    37.899  3 53650.66589922 47.409
 42  86.265900  25.331871    35.257    35.268  7 53685.66590922 48.444
 43  86.277864  25.324604    33.525    33.489  5 53720.66583370 48.551
 44  86.277588  25.324821    32.436    32.454  5 53755.66576027 41.424
 45  86.276907  25.325447    32.575    32.474  4 53790.66578877 48.201
 46  86.274219  25.324438    33.327    33.333  4 53825.66574693 43.822
 47  86.265159  25.333145    32.270    32.422  8 53860.66584125 31.514
 48  86.272647  25.325868    34.278    34.277  4 53895.66585861 45.476
 49  86.259668  25.334743    36.938    36.908  6 53930.66591323 41.131
 50  86.264565  25.333490    38.515    38.619  7 53965.66589001 26.114
 51  86.269245  25.330932    39.377    39.580  7 54000.66584795 21.981
 52  86.273846  25.324579    35.080    35.074  4 54035.66588888 50.242
 53  86.274054  25.324827    33.954    33.903  3 54070.66588281 38.662
 54  86.274814  25.323592    32.674    32.693  4 54105.66583588 45.605
 55  86.268778  25.330781    32.548    32.569  7 54140.66581696 43.965
 56  86.273146  25.325157    33.071    33.049  3 54175.66581672 41.296
 57  86.267849  25.331412    33.190    33.147  7 54210.66582356 46.559
 58  86.271010  25.326499    32.886    32.887  4 54245.66585318 34.195
 59  86.271994  25.325026    33.964    33.983  4 54280.66586379 21.455
 60  86.274637  25.324488    39.796    39.827  4 54315.66586243 33.981
 61  86.274803  25.323946    39.776    39.782  4 54350.66583038 30.466
 62  86.272398  25.324948    37.916    37.828  4 54385.66580134 37.649
 63  86.273203  25.325598    34.989    34.900  4 54420.66578024 42.358
 64  86.269044  25.330579    33.701    33.722  7 54455.66577469 47.904
 65  86.274471  25.324421    33.969    33.668  3 54490.66578081 30.575
 66  86.272687  25.325948    32.821    31.921  4 54525.66578649 33.423
 67  86.273559  25.325202    31.260    31.337  4 54560.66578980 23.766
 68  86.271597  25.325494    34.366    34.309  4 54595.66578281 17.917
 69  86.270139  25.329276    33.671    33.426  7 54630.66579726 42.344
 70  86.268619  25.331281    39.875    39.916  7 54665.66580404 41.576
 71  86.275692  25.325678    42.456    42.534  4 54700.66577249 25.580
 72  86.268721  25.330355    39.283    39.239  7 54735.66576330 38.989
 73  86.274423  25.324310    36.152    36.400  4 54770.66575225 42.446
 74  86.267342  25.331985    34.262    34.328  8 54805.66575705 48.979
 75  86.273042  25.324655    34.515    33.695  4 54840.66574798 20.484
 76  86.268910  25.330603    34.875    34.702  7 54875.66575775 44.520
 77  86.272939  25.324529    38.967    39.018  3 54910.66575317 13.531
 78  86.267239  25.332074    33.545    31.688  8 54945.66575106 41.060
 79  86.269483  25.330709    36.285    36.382  6 54980.66577719 24.813
 80  86.272263  25.324315    38.493    38.568  4 55015.66577764 15.810
 81  86.273404  25.324263    37.752    37.761  4 55050.66577208 41.475
 82  86.274340  25.325606    39.470    39.454  4 55085.66573843 51.987
 83  86.272104  25.324775    39.302    39.271  3 55120.66570531 50.250
 84  86.272658  25.324078    35.334    35.349  4 55155.66569759 39.202
 85  86.267474  25.332979    33.023    33.259  7 55190.66569661 46.641
 86  86.272660  25.324625    33.049    33.288  3 55225.66569809 19.201
 87  86.272765  25.324577    37.256    37.307  3 55260.66569021 15.054
 88  86.274208  25.324696    36.174    36.148  4 55295.66568381 15.654
 89  86.268668  25.330917    34.611    35.419  7 55330.66567330 21.374
 90  86.273953  25.324123    36.006    35.852  4 55365.66566494 13.831
 91  86.268442  25.331888    36.844    36.724  7 55400.66567876 40.488
 92  86.274412  25.325497    40.368    40.354  4 55435.66568237 38.100
 93  86.275898  25.324867    40.144    40.171  4 55470.66563478 46.012
