# NaN NaN NaN ;Mean Elev.(m), Avg Gradient(m/km), RMS Gradient(m/km) - SRTM1     
#   35.805  -0.193   4.357 ;Mean Elev.(m), Avg Gradient(m/km), RMS Gradient(m/km) - ASTER GDEM
#   31.252  -0.428   5.232 ;Mean Elev.(m), Avg Gradient(m/km), RMS Gradient(m/km) - GMTED2010 
  6    28.626 52441.66383624 25.68  86.994658  25.266693 19.502
  6    28.045 52441.66383689 22.17  86.993828  25.269993 19.502
  6    28.240 52441.66384140 21.19  86.987978  25.293043 19.502
  6    28.019 52441.66384205 24.22  86.987138  25.296333 19.502
  6    27.753 52441.66384269 25.15  86.986308  25.299623 19.502
  6    28.200 52441.66384334 32.92  86.985468  25.302923 19.502
  6    27.410 52441.66384398 39.18  86.984638  25.306213 19.502
  6    27.694 52441.66384463 25.95  86.983798  25.309503 19.502
  6    27.547 52441.66384527 23.00  86.982961  25.312802 12.791
  7    30.356 52476.66383366 45.84  86.997724  25.273309 14.672
  7    49.230 52476.66383818  8.47  86.991874  25.296359 14.672
  7    44.207 52476.66383882  6.90  86.991044  25.299649 14.672
  7    43.319 52476.66383947  4.69  86.990204  25.302949 14.672
  7    45.682 52476.66384011  1.37  86.989374  25.306239 14.672
  7    36.855 52476.66384076  7.46  86.988534  25.309529 14.672
  8    34.290 52511.66378148 50.81  87.012528  25.270828 26.105
  8    34.254 52511.66378212 56.15  87.011698  25.274118 26.105
  8    34.335 52511.66378277 50.00  87.010858  25.277418 26.105
  8    34.220 52511.66378341 47.35  87.010028  25.280708 26.105
  8    34.144 52511.66378405 44.82  87.009188  25.283998 26.105
  8    34.140 52511.66378470 42.31  87.008358  25.287288 26.105
  8    34.014 52511.66378534 37.57  87.007522  25.290589 18.845
  8    34.112 52511.66378599 35.16  87.006682  25.293879 18.845
  8    34.308 52511.66378663 38.45  87.005852  25.297169 18.845
  9    33.603 52546.66380871 41.52  87.002428  25.269077 23.658
  9    32.733 52546.66380935 46.46  87.001598  25.272377 23.658
  9    32.591 52546.66381193 35.83  86.998258  25.285547 23.658
  9    32.822 52546.66381257 36.19  86.997418  25.288837 23.658
  9    32.751 52546.66381322 32.26  86.996579  25.292135 22.971
  9    32.747 52546.66381386 31.00  86.995749  25.295425 22.971
  9    32.615 52546.66381451 30.26  86.994909  25.298715 22.971
  9    32.818 52546.66381515 32.67  86.994079  25.302015 22.971
  9    32.981 52546.66381580 36.05  86.993239  25.305305 22.971
 10    29.136 52581.66382498 40.83  87.004464  25.267353 16.981
 10    29.284 52581.66382563 49.42  87.003624  25.270643 16.981
 10    28.945 52581.66382627 46.12  87.002794  25.273942 27.379
 10    29.099 52581.66382821 50.20  87.000284  25.283822 27.379
 10    29.272 52581.66382885 50.67  86.999454  25.287112 27.379
 10    29.270 52581.66382950 40.73  86.998614  25.290402 27.379
 10    29.743 52581.66383014 47.87  86.997784  25.293692 27.379
 10    29.668 52581.66383079 52.01  86.996944  25.296992 27.379
 10    29.737 52581.66383143 49.96  86.996104  25.300282 27.379
 10    29.661 52581.66383207 50.04  86.995274  25.303572 27.379
 11    29.718 52616.66379613 42.00  87.002924  25.268450 28.183
 11    28.120 52616.66379677 36.55  87.002084  25.271740 28.183
 11    27.834 52616.66379935 52.75  86.998744  25.284910 28.183
 11    27.812 52616.66380000 48.56  86.997914  25.288210 28.183
 11    27.870 52616.66380064 38.52  86.997074  25.291500 28.183
 11    28.178 52616.66380129 41.31  86.996244  25.294790 28.183
 11    28.130 52616.66380193 46.88  86.995404  25.298090 28.183
 11    28.295 52616.66380257 52.29  86.994574  25.301380 28.183
 11    28.299 52616.66380322 50.64  86.993734  25.304670 28.183
 12    26.894 52651.66377275 34.93  87.009166  25.271992 16.216
 12    27.309 52651.66377339 38.30  87.008334  25.275291 23.508
 12    46.172 52651.66377662 12.07  87.004154  25.291751 23.508
 12    47.844 52651.66377726 22.50  87.003314  25.295051 23.508
 13    27.153 52686.66376563 44.36  87.008806  25.270823 26.838
 13    27.301 52686.66376627 37.84  87.007966  25.274113 26.838
 13    26.773 52686.66376692 46.13  87.007136  25.277413 26.838
 13    27.242 52686.66376756 50.26  87.006296  25.280703 26.838
 14    50.526 52721.66381444 11.72  87.003024  25.270090  9.784
 14    54.491 52721.66381509  8.43  87.002194  25.273380  9.784
 14    47.937 52721.66381702 14.44  86.999684  25.283260  9.784
 14    47.843 52721.66381767 14.95  86.998854  25.286550  9.784
 14    48.223 52721.66381831  7.61  86.998014  25.289850  9.784
 14    45.489 52721.66381896 10.67  86.997184  25.293140  9.784
 14    29.233 52721.66381960 18.96  86.996344  25.296430  9.784
 14    32.479 52721.66382025 25.93  86.995504  25.299730  9.784
 14    28.409 52721.66382089 35.01  86.994674  25.303020  9.784
 14    28.250 52721.66382154 39.46  86.993834  25.306310  9.784
 15    27.024 52756.66383736 30.61  86.993982  25.269460 21.276
 15    45.544 52756.66384252  9.61  86.987302  25.295800 21.276
 15    46.525 52756.66384316  3.47  86.986462  25.299090 21.276
 15    27.048 52756.66384445 24.34  86.984792  25.305680 21.276
 15    26.871 52756.66384510 24.05  86.983952  25.308970 21.276
 15    27.057 52756.66384574 22.31  86.983122  25.312270 21.276
 17    31.524 52826.66385609 36.70  87.005868  25.267926 17.785
 17    31.532 52826.66385674 43.92  87.005038  25.271216 17.785
 17    31.270 52826.66385738 38.85  87.004198  25.274506 17.785
 17    31.097 52826.66385867 26.54  87.002528  25.281096 17.785
 17    31.069 52826.66385931 27.00  87.001688  25.284386 17.785
 17    31.299 52826.66385996 29.03  87.000858  25.287676 17.785
 17    31.081 52826.66386060 33.11  87.000018  25.290976 17.785
 17    31.144 52826.66386125 23.46  86.999188  25.294266 17.785
 17    31.201 52826.66386189 17.64  86.998348  25.297556 17.785
 17    30.957 52826.66386254 18.04  86.997508  25.300846 17.785
 18    34.147 52861.66390186 39.88  87.007429  25.269833 17.761
 18    33.616 52861.66390250 25.24  87.006599  25.273123 17.761
 18    33.203 52861.66390315 19.28  87.005759  25.276413 17.761
 18    33.143 52861.66390379 20.12  87.004929  25.279713 17.761
 18    33.306 52861.66390444 18.80  87.004089  25.283003 17.761
 18    33.263 52861.66390508 19.74  87.003249  25.286293 17.761
 18    33.241 52861.66390573 19.20  87.002419  25.289583 17.761
 18    33.389 52861.66390637 18.26  87.001579  25.292883 17.761
 18    33.325 52861.66390702 19.55  87.000749  25.296173 17.761
 18    33.649 52861.66390766 18.54  86.999909  25.299463 17.761
 19    50.005 52896.66393174 13.78  87.003135  25.268260  3.620
 19    50.391 52896.66393238 13.59  87.002295  25.271560  3.620
 19    36.408 52896.66393496 13.62  86.998955  25.284730  3.620
 19    36.236 52896.66393561 13.49  86.998115  25.288020  3.620
 19    36.050 52896.66393625 13.22  86.997285  25.291310  3.620
 19    35.730 52896.66393689 13.58  86.996445  25.294610  3.620
 19    35.794 52896.66393754 13.48  86.995615  25.297900  3.620
 19    35.782 52896.66393818 13.47  86.994775  25.301190  3.620
 19    35.748 52896.66393883 13.11  86.993935  25.304490  3.620
 20    32.143 52931.66387947 48.50  87.003725  25.270532 34.355
 20    32.107 52931.66388011 49.12  87.002885  25.273822 34.355
 20    31.927 52931.66388205 50.33  87.000385  25.283702 34.355
 20    31.910 52931.66388269 51.65  86.999545  25.286992 34.355
 20    31.953 52931.66388333 49.75  86.998715  25.290292 34.355
 20    32.015 52931.66388398 51.66  86.997875  25.293582 34.355
 20    31.992 52931.66388462 49.95  86.997045  25.296872 34.355
 20    31.988 52931.66388527 49.97  86.996205  25.300172 34.355
 20    32.024 52931.66388591 49.30  86.995375  25.303462 34.355
 21    29.627 52966.66387904 48.18  87.003981  25.270474 30.044
 21    29.134 52966.66387968 46.89  87.003151  25.273764 30.044
 21    29.261 52966.66388161 49.78  87.000641  25.283644 30.044
 21    29.384 52966.66388226 48.23  86.999801  25.286944 30.044
 21    29.575 52966.66388290 50.24  86.998971  25.290234 30.044
 21    29.568 52966.66388355 50.07  86.998131  25.293524 30.044
 21    29.496 52966.66388419 47.89  86.997291  25.296814 30.044
 21    29.712 52966.66388484 47.60  86.996461  25.300114 30.044
 21    29.701 52966.66388548 50.03  86.995621  25.303404 30.044
 22    29.236 53001.66390817 36.84  86.996763  25.273544 20.987
 22    28.378 53001.66391139 26.68  86.992583  25.290014 20.987
 22    28.230 53001.66391204 27.29  86.991743  25.293304 20.987
 22    29.163 53001.66391268 27.30  86.990913  25.296594 20.987
 22    28.682 53001.66391333 32.41  86.990073  25.299894 20.987
 22    28.146 53001.66391397 33.76  86.989243  25.303184 20.987
 22    28.365 53001.66391462 25.56  86.988403  25.306474 20.987
 22    28.739 53001.66391526 23.30  86.987563  25.309764 20.987
 23    27.787 53036.66385645 38.57  87.003771  25.268604 29.131
 23    28.069 53036.66385709 38.21  87.002931  25.271904 29.131
 23    27.632 53036.66385967 41.83  86.999591  25.285074 29.131
 23    27.829 53036.66386032 45.52  86.998761  25.288364 29.131
 23    27.617 53036.66386096 43.48  86.997921  25.291664 29.131
 23    27.813 53036.66386161 33.20  86.997091  25.294954 29.131
 23    27.807 53036.66386225 27.25  86.996251  25.298244 29.131
 23    27.813 53036.66386290 25.66  86.995421  25.301534 29.131
 23    28.118 53036.66386354 35.23  86.994581  25.304834 29.131
 24    28.815 53071.66387969 21.00  87.003235  25.270326  9.635
 24    29.347 53071.66388033 30.65  87.002405  25.273616  9.635
 24    28.736 53071.66388227 17.65  86.999895  25.283496  9.635
 24    27.133 53071.66388291 19.83  86.999065  25.286796  9.635
 24    26.848 53071.66388355 19.30  86.998225  25.290086  9.635
 24    26.426 53071.66388420 19.56  86.997385  25.293376  9.635
 24    26.907 53071.66388484 19.31  86.996555  25.296676  9.635
 24    29.809 53071.66388549 17.64  86.995715  25.299966  9.635
 24    30.504 53071.66388613 15.41  86.994885  25.303256  9.635
 25    26.737 53106.66386012 23.46  87.000710  25.283354 20.080
 25    32.470 53106.66386335 11.21  86.996530  25.299814 20.080
 25    32.371 53106.66386399 10.75  86.995700  25.303104 20.080
 26    49.680 53141.66388738 13.35  87.003394  25.267885  5.651
 26    49.809 53141.66388802 12.56  87.002554  25.271185  5.651
 26    47.666 53141.66388867 12.50  87.001724  25.274475  5.651
 26    26.569 53141.66389254 17.90  86.996704  25.294235  5.651
 26    26.611 53141.66389318 18.91  86.995874  25.297525  5.651
 26    26.538 53141.66389382 16.50  86.995034  25.300815  5.651
 26    29.367 53141.66389447 14.52  86.994195  25.304114  8.790
 27    56.690 53176.66391479 15.94  87.005149  25.267708  6.745
 27    56.223 53176.66391543 14.70  87.004309  25.271008  6.745
 27    56.151 53176.66391608 13.12  87.003479  25.274298  6.745
 27    28.964 53176.66391930 21.55  86.999299  25.290758  6.745
 27    28.878 53176.66391995 20.92  86.998459  25.294058  6.745
 27    29.817 53176.66392059 20.77  86.997629  25.297348  6.745
 27    30.071 53176.66392124 19.83  86.996789  25.300638  6.745
 27    30.978 53176.66392188 17.99  86.995949  25.303938  6.745
 28    50.836 53211.66393454 18.08  87.002431  25.269527 10.229
 28    33.430 53211.66393519 21.19  87.001591  25.272817 10.229
 28    33.025 53211.66393777 24.85  86.998251  25.285987 10.229
 28    32.924 53211.66393841 19.72  86.997411  25.289287 10.229
 28    32.692 53211.66393906 19.58  86.996581  25.292577 10.229
 28    32.949 53211.66393970 21.72  86.995741  25.295867 10.229
 28    32.913 53211.66394035 19.29  86.994911  25.299157 10.229
 28    32.738 53211.66394099 20.56  86.994071  25.302457 10.229
 28    32.582 53211.66394163 22.85  86.993231  25.305747 10.229
 29    33.666 53246.66390250 24.27  87.007059  25.268537 11.095
 29    32.853 53246.66390314 24.93  87.006229  25.271827 11.095
 29    32.180 53246.66390379 26.70  87.005389  25.275117 11.095
 29    32.819 53246.66390443 26.95  87.004559  25.278417 11.095
 29    32.942 53246.66390508 29.26  87.003719  25.281707 11.095
 29    33.252 53246.66390572 30.15  87.002889  25.284997 11.095
 29    33.486 53246.66390637 29.17  87.002049  25.288297 11.095
 29    33.871 53246.66390701 28.71  87.001219  25.291587 11.095
 29    33.909 53246.66390766 27.28  87.000379  25.294877 11.095
 29    33.925 53246.66390830 27.61  86.999549  25.298167 11.095
 29    33.867 53246.66390895 30.03  86.998709  25.301467 11.095
 30    32.083 53281.66388939 32.17  86.999435  25.267516 15.992
 30    31.750 53281.66389003 28.36  86.998595  25.270816 15.992
 30    32.916 53281.66389390 22.57  86.993585  25.290566 15.992
 30    33.361 53281.66389454 24.33  86.992745  25.293866 15.992
 30    33.712 53281.66389519 25.10  86.991905  25.297156 15.992
 30    33.271 53281.66389583 22.88  86.991075  25.300446 15.992
 30    33.187 53281.66389648 22.94  86.990233  25.303743 13.836
 30    33.213 53281.66389712 23.67  86.989403  25.307033 13.836
 30    33.476 53281.66389777 23.21  86.988563  25.310323 13.836
 31    29.675 53316.66389820 44.50  87.004971  25.270099 25.309
 31    29.484 53316.66389885 44.09  87.004131  25.273389 25.309
 31    29.383 53316.66390078 42.44  87.001631  25.283269 25.309
 31    29.341 53316.66390143 48.77  87.000791  25.286559 25.309
 31    29.446 53316.66390207 48.36  86.999951  25.289859 25.309
 31    29.648 53316.66390272 47.00  86.999121  25.293149 25.309
 31    29.623 53316.66390336 48.98  86.998281  25.296439 25.309
 31    29.599 53316.66390401 50.47  86.997451  25.299729 25.309
 31    29.297 53316.66390465 49.48  86.996611  25.303029 25.309
 32    27.849 53351.66386403 47.98  87.009465  25.271973 29.477
 32    27.665 53351.66386467 51.10  87.008625  25.275263 29.477
 32    27.514 53351.66386532 45.76  87.007795  25.278553 29.477
 32    27.703 53351.66386596 48.04  87.006955  25.281853 29.477
 32    27.620 53351.66386661 48.69  87.006125  25.285143 29.477
 32    27.728 53351.66386725 51.67  87.005285  25.288433 29.477
 32    27.858 53351.66386790 49.98  87.004455  25.291733 29.477
 32    27.869 53351.66386854 50.66  87.003615  25.295023 29.477
 32    27.893 53351.66386919 50.66  87.002785  25.298313 29.477
 33    27.091 53386.66385100 31.34  87.001859  25.266620 20.313
 33    27.262 53386.66385165 37.56  87.001029  25.269910 20.313
 33    28.990 53386.66385229 25.46  87.000189  25.273200 20.313
 33    26.552 53386.66385487 51.87  86.996849  25.286370 20.313
 33    26.538 53386.66385551 40.01  86.996009  25.289670 20.313
 33    27.037 53386.66385616 40.73  86.995179  25.292960 20.313
 33    26.809 53386.66385680 43.09  86.994339  25.296250 20.313
 33    27.155 53386.66385745 43.22  86.993498  25.299548 28.980
 33    27.096 53386.66385809 48.61  86.992668  25.302838 28.980
 33    26.966 53386.66385874 48.56  86.991828  25.306128 28.980
 34    26.664 53421.66385444 43.56  87.011177  25.272553 21.396
 34    26.616 53421.66385509 40.45  87.010347  25.275843 21.396
 34    26.459 53421.66385573 33.96  87.009507  25.279133 21.396
 34    26.734 53421.66385638 41.93  87.008677  25.282423 21.396
 34    26.670 53421.66385702 41.88  87.007837  25.285723 21.396
 34    26.693 53421.66385767 35.65  87.007007  25.289013 21.396
 34    26.654 53421.66385831 31.18  87.006167  25.292303 21.396
 34    27.000 53421.66385896 25.46  87.005327  25.295603 21.396
 35    48.211 53456.66385977 17.85  87.004878  25.271029 11.852
 35    54.058 53456.66386171  8.02  87.002368  25.280909 11.852
 35    26.030 53456.66386558 24.99  86.997358  25.300659 11.852
 35    26.055 53456.66386622 24.91  86.996515  25.303956 18.663
 37    49.040 53526.66392656 18.85  87.008532  25.269286 13.715
 37    55.905 53526.66392720  9.42  87.007692  25.272586 13.715
 37    55.699 53526.66392785  7.18  87.006862  25.275876 13.715
 37    25.986 53526.66393107 27.75  87.002682  25.292346 13.715
 37    25.902 53526.66393171 28.86  87.001842  25.295636 13.715
 37    26.103 53526.66393236 27.74  87.001012  25.298926 13.715
 38    49.827 53561.66395505 14.81  86.998931  25.268114  6.446
 38    47.350 53561.66395569 15.50  86.998091  25.271414  6.446
 38    33.915 53561.66395956 20.52  86.993081  25.291174  6.446
 38    33.423 53561.66396021 18.25  86.992241  25.294464  6.446
 38    33.572 53561.66396085 18.06  86.991411  25.297754  6.446
 38    33.671 53561.66396149 20.36  86.990571  25.301044  6.446
 38    33.653 53561.66396214 26.94  86.989739  25.304345 10.888
 38    33.744 53561.66396278 24.39  86.988899  25.307635 10.888
 39    49.824 53596.66389389 28.93  87.011184  25.269274  8.114
 39    33.278 53596.66389453 30.03  87.010344  25.272574  8.114
 39    33.525 53596.66389518 30.63  87.009514  25.275864  8.114
 39    33.653 53596.66389582 31.24  87.008674  25.279154  8.114
 39    33.647 53596.66389647 33.79  87.007844  25.282454  8.114
 39    33.709 53596.66389711 33.06  87.007004  25.285744  8.114
 39    33.764 53596.66389776 33.24  87.006174  25.289034  8.114
 39    33.916 53596.66389840 32.37  87.005334  25.292324  8.114
 39    33.955 53596.66389905 33.40  87.004504  25.295624  8.114
 39    34.130 53596.66389969 35.44  87.003664  25.298914  8.114
 40    32.509 53631.66388875 26.47  86.996643  25.267947 16.144
 40    31.333 53631.66388939 35.56  86.995813  25.271237 16.144
 40    31.801 53631.66389326 35.17  86.990793  25.290997 16.144
 40    31.794 53631.66389390 41.08  86.989953  25.294287 16.144
 40    31.938 53631.66389455 42.98  86.989123  25.297577 16.144
 40    32.116 53631.66389519 35.95  86.988280  25.300875 15.398
 40    32.520 53631.66389584 35.77  86.987450  25.304165 15.398
 40    32.573 53631.66389648 37.63  86.986610  25.307455 15.398
 40    32.293 53631.66389713 37.64  86.985780  25.310755 15.398
 41    31.061 53666.66391118 42.22  87.000163  25.267567 15.821
 41    30.791 53666.66391182 38.03  86.999323  25.270867 15.821
 41    51.211 53666.66391633  7.28  86.993473  25.293917 15.821
 41    32.952 53666.66391698 30.91  86.992643  25.297207 15.821
 41    32.721 53666.66391762 31.25  86.991803  25.300497 15.821
 41    32.768 53666.66391827 29.16  86.990967  25.303795 11.587
 41    33.730 53666.66391891 27.88  86.990137  25.307085 11.587
 42    28.803 53701.66386014 37.58  87.009293  25.269174 21.704
 42    28.954 53701.66386078 44.76  87.008463  25.272474 21.704
 42    28.917 53701.66386142 50.22  87.007623  25.275764 21.704
 42    48.144 53701.66386465 21.90  87.003453  25.292234 21.704
 42    49.395 53701.66386529 22.54  87.002613  25.295524 21.704
 42    49.481 53701.66386594 23.21  87.001783  25.298814 21.704
 43    26.937 53736.66377031 42.24  87.013364  25.269872 30.263
 43    27.059 53736.66377096 50.92  87.012534  25.273172 30.263
 43    27.082 53736.66377160 53.16  87.011694  25.276462 30.263
 43    26.859 53736.66377225 52.88  87.010864  25.279752 30.263
 43    26.937 53736.66377289 50.92  87.010024  25.283052 30.263
 43    26.980 53736.66377354 51.55  87.009194  25.286342 30.263
 43    27.011 53736.66377418 51.70  87.008354  25.289632 30.263
 43    27.175 53736.66377483 51.03  87.007524  25.292932 30.263
 43    27.142 53736.66377547 51.16  87.006684  25.296222 30.263
 44    26.279 53771.66377789 51.68  87.007994  25.275354 28.439
 44    26.158 53771.66377854 52.48  87.007154  25.278654 28.439
 44    26.237 53771.66377918 52.81  87.006314  25.281944 28.439
 44    26.353 53771.66377983 51.24  87.005484  25.285234 28.439
 44    26.455 53771.66378047 49.27  87.004644  25.288534 28.439
 44    26.598 53771.66378112 49.47  87.003814  25.291824 28.439
 44    26.649 53771.66378176 48.66  87.002974  25.295114 28.439
 44    26.735 53771.66378241 49.32  87.002144  25.298414 28.439
 45    25.538 53806.66376712 38.53  87.010504  25.270172 23.712
 45    25.867 53806.66376776 45.22  87.009674  25.273462 23.712
 45    26.115 53806.66376841 49.68  87.008834  25.276762 23.712
 45    25.779 53806.66376905 41.86  87.008004  25.280052 23.712
 45    25.760 53806.66376970 33.52  87.007164  25.283342 23.712
 45    25.809 53806.66377034 24.68  87.006334  25.286642 23.712
 45    25.677 53806.66377099 24.65  87.005494  25.289932 23.712
 45    26.016 53806.66377163 24.75  87.004664  25.293222 23.712
 45    27.623 53806.66377228 20.72  87.003824  25.296512 23.712
 45    27.738 53806.66377292 30.96  87.002994  25.299812 23.712
 47    49.980 53876.66383527 18.43  87.006031  25.269112 10.536
 47    57.949 53876.66383592 10.62  87.005191  25.272412 10.536
 47    32.754 53876.66383849 14.65  87.001851  25.285582 10.536
 47    26.146 53876.66384043 41.13  86.999341  25.295462 10.536
 47    26.441 53876.66384107 40.34  86.998511  25.298752 10.536
 47    25.835 53876.66384172 43.64  86.997671  25.302042 10.536
 49    34.872 53946.66390215 40.60  86.996813  25.266613 24.956
 49    32.714 53946.66390280 26.98  86.995983  25.269903 24.956
 49    32.547 53946.66390344 29.02  86.995143  25.273193 24.956
 49    32.679 53946.66390731 23.24  86.990133  25.292953 24.956
 49    32.914 53946.66390795 28.73  86.989303  25.296243 24.956
 49    32.582 53946.66390860 35.86  86.988463  25.299543 24.956
 49    32.747 53946.66390924 38.69  86.987633  25.302833 24.956
 49    32.849 53946.66390989 43.00  86.986793  25.306123 24.956
 49    32.626 53946.66391053 42.58  86.985953  25.309423 24.956
 50    47.853 53981.66384671 18.33  87.004756  25.270871  7.622
 50    33.317 53981.66384735 18.70  87.003926  25.274161  7.622
 50    33.618 53981.66384864 18.81  87.002256  25.280751  7.622
 50    33.767 53981.66384929 18.77  87.001416  25.284041  7.622
 50    33.662 53981.66384993 19.16  87.000586  25.287341  7.622
 50    33.677 53981.66385058 19.82  86.999746  25.290631  7.622
 50    33.570 53981.66385122 20.81  86.998916  25.293921  7.622
 50    33.566 53981.66385187 20.71  86.998076  25.297221  7.622
 50    33.535 53981.66385251 23.69  86.997246  25.300511  7.622
 50    33.771 53981.66385315 23.55  86.996406  25.303801  7.622
 51    31.575 54016.66387006 40.66  87.004210  25.267345 30.683
 51    31.736 54016.66387071 48.72  87.003370  25.270635 30.683
 51    31.724 54016.66387135 51.09  87.002540  25.273935 30.683
 51    31.337 54016.66387328 52.70  87.000030  25.283815 30.683
 51    31.400 54016.66387393 52.81  86.999200  25.287105 30.683
 51    31.542 54016.66387457 50.64  86.998360  25.290395 30.683
 51    31.522 54016.66387522 50.73  86.997520  25.293685 30.683
 51    31.604 54016.66387586 50.09  86.996690  25.296985 30.683
 51    31.643 54016.66387651 50.86  86.995850  25.300275 30.683
 51    31.784 54016.66387715 40.11  86.995010  25.303565 30.683
 52    29.079 54051.66386815 48.90  87.012093  25.270399 37.262
 52    29.122 54051.66386879 51.37  87.011253  25.273699 37.262
 52    28.884 54051.66386944 51.56  87.010423  25.276989 37.262
 52    28.730 54051.66387008 47.03  87.009583  25.280279 37.262
 52    28.899 54051.66387072 49.61  87.008753  25.283569 37.262
 52    28.985 54051.66387137 49.79  87.007913  25.286869 37.262
 52    28.912 54051.66387201 50.52  87.007073  25.290159 37.262
 52    29.019 54051.66387266 50.54  87.006243  25.293449 37.262
 52    29.029 54051.66387330 51.43  87.005403  25.296749 37.262
 53    27.503 54086.66386192 49.02  87.004438  25.279435 33.145
 53    27.598 54086.66386256 45.49  87.003598  25.282725 33.145
 53    28.261 54086.66386321 38.13  87.002768  25.286025 33.145
 54    59.227 54121.66378928 14.12  87.003954  25.290625 32.436
 54    47.607 54121.66379057 17.63  87.002284  25.297215 32.436
 55    55.461 54156.66382129 14.28  87.003091  25.272915 24.293
 55    29.242 54156.66382516 33.47  86.998081  25.292675 24.293
 55    29.115 54156.66382580 25.63  86.997241  25.295965 24.293
 55    26.686 54156.66382644 27.15  86.996411  25.299265 24.293
 55    26.859 54156.66382709 30.64  86.995571  25.302555 24.293
 56    47.767 54191.66378440 17.04  87.006846  25.274781 15.582
 56    26.641 54191.66378762 31.13  87.002676  25.291251 15.582
 56    26.604 54191.66378827 34.57  87.001836  25.294541 15.582
 56    26.792 54191.66378891 37.98  87.001006  25.297831 15.582
 57    56.189 54226.66383301  9.43  87.002279  25.273759  8.773
 57    27.244 54226.66383624 26.10  86.998099  25.290219  8.773
 57    26.981 54226.66383688 21.83  86.997265  25.293517 37.593
 57    26.617 54226.66383752 22.05  86.996425  25.296807 37.593
 58    58.382 54261.66385196 11.56  87.004697  25.269323  5.582
 58    57.073 54261.66385260 10.58  87.003867  25.272623  5.582
 58    42.892 54261.66385454 14.52  87.001357  25.282503  5.582
 58    26.593 54261.66385712 22.90  86.998013  25.295674 12.685
 58    26.285 54261.66385776 24.70  86.997173  25.298964 12.685
 58    26.789 54261.66385841 24.85  86.996343  25.302254 12.685
 59    31.133 54296.66385831 29.22  87.003009  25.280551 11.393
 59    30.728 54296.66385896 23.84  87.002169  25.283851 11.393
 59    30.415 54296.66385960 24.37  87.001339  25.287141 11.393
 59    31.451 54296.66386025 22.83  87.000499  25.290431 11.393
 59    31.615 54296.66386089 22.07  86.999667  25.293731 12.403
 59    32.067 54296.66386153 23.61  86.998827  25.297021 12.403
 59    31.341 54296.66386218 38.02  86.997997  25.300311 12.403
 59    31.225 54296.66386282 28.68  86.997157  25.303611 12.403
 60    49.429 54331.66384749 15.38  87.007437  25.270992  4.761
 60    34.972 54331.66384813 16.11  87.006607  25.274292  4.761
 60    34.685 54331.66384878 15.90  87.005767  25.277582  4.761
 60    34.630 54331.66384942 15.91  87.004937  25.280872  4.761
 60    34.534 54331.66385007 16.30  87.004097  25.284172  4.761
 60    34.498 54331.66385071 16.46  87.003267  25.287462  4.761
 60    34.022 54331.66385136 18.14  87.002427  25.290752  4.761
 60    34.164 54331.66385200 17.26  87.001597  25.294042  4.761
 60    34.238 54331.66385265 17.02  87.000758  25.297342 12.742
 60    34.271 54331.66385329 16.98  86.999918  25.300632 12.742
 61    56.993 54366.66379014 15.79  87.007400  25.271472  4.945
 61    55.447 54366.66379078 15.52  87.006560  25.274762  4.945
 61    49.456 54366.66379143 16.92  87.005730  25.278062  4.945
 61    32.757 54366.66379207 19.62  87.004890  25.281352  4.945
 61    32.162 54366.66379272 26.66  87.004060  25.284642  4.945
 61    32.671 54366.66379336 22.08  87.003220  25.287942  4.945
 61    32.356 54366.66379401 20.28  87.002390  25.291232  4.945
 61    32.627 54366.66379465 20.88  87.001550  25.294522  4.945
 61    32.698 54366.66379530 22.22  87.000720  25.297822  4.945
 61    33.052 54366.66379594 23.11  86.999884  25.301113 14.357
 62    31.039 54401.66378982 50.65  87.005968  25.270826 19.502
 62    30.904 54401.66379046 51.29  87.005128  25.274126 19.502
 62    30.596 54401.66379111 35.55  87.004298  25.277416 19.502
 62    30.567 54401.66379175 35.82  87.003458  25.280706 19.502
 62    30.805 54401.66379240 36.11  87.002628  25.284006 19.502
 62    30.787 54401.66379304 30.33  87.001788  25.287296 19.502
 62    30.730 54401.66379369 29.94  87.000958  25.290586 19.502
 62    31.135 54401.66379433 33.51  87.000118  25.293876 19.502
 62    31.002 54401.66379498 42.37  86.999278  25.297176 19.502
 62    30.905 54401.66379562 38.99  86.998448  25.300466 19.502
 63    28.817 54436.66374699 45.03  87.006329  25.271142 16.325
 63    29.756 54436.66374764 41.42  87.005489  25.274442 16.325
 63    60.766 54436.66375022 24.32  87.002149  25.287612 16.325
 63    63.734 54436.66375151  9.45  87.000479  25.294202 16.325
 63    63.792 54436.66375215  4.14  86.999639  25.297492 16.325
 63    48.826 54436.66375279  2.62  86.998809  25.300782 16.325
 65    27.206 54506.66376176 26.36  87.004244  25.283995 10.945
 65    27.259 54506.66376240 22.49  87.003414  25.287285 10.945
 65    29.171 54506.66376305 19.58  87.002574  25.290575 10.945
 65    29.038 54506.66376369 20.87  87.001744  25.293875 10.945
 65    29.033 54506.66376434 19.50  87.000904  25.297165 10.945
 65    28.438 54506.66376498 18.54  87.000074  25.300455 10.945
 66    51.615 54541.66378964 12.67  87.005527  25.273637 12.644
 66    25.703 54541.66379286 32.73  87.001347  25.290097 12.644
 66    28.564 54541.66379351 25.24  87.000517  25.293397 12.644
 66    28.695 54541.66379415 22.28  86.999677  25.296687 12.644
 66    25.665 54541.66379480 22.09  86.998847  25.299977 12.644
 68    56.673 54611.66378125 10.84  87.005056  25.272182  7.796
 68    54.109 54611.66378189  9.86  87.004216  25.275472  7.796
 68    53.310 54611.66378318  7.99  87.002546  25.282062  7.796
 68    26.927 54611.66378576 18.63  86.999206  25.295232  7.796
 68    30.065 54611.66378641 19.42  86.998366  25.298522  7.796
 68    25.678 54611.66378705 19.47  86.997536  25.301822  7.796
 69    32.848 54646.66378782 23.40  87.004273  25.270467 13.538
 69    32.829 54646.66378846 36.40  87.003443  25.273757 13.538
 69    50.438 54646.66379169  9.46  86.999263  25.290217 13.538
 69    49.837 54646.66379233  8.42  86.998433  25.293517 13.538
 69    32.637 54646.66379362 23.61  86.996763  25.300097 13.538
 69    32.892 54646.66379426 36.21  86.995923  25.303397 13.538
 70    49.692 54681.66378854 15.16  87.005535  25.268844  5.387
 70    48.594 54681.66378918 15.48  87.004695  25.272134  5.387
 70    35.039 54681.66378983 15.53  87.003865  25.275434  5.387
 70    34.016 54681.66379111 18.21  87.002195  25.282014  5.387
 70    33.883 54681.66379176 18.59  87.001355  25.285314  5.387
 70    34.185 54681.66379240 18.72  87.000525  25.288604  5.387
 70    33.464 54681.66379305 18.66  86.999685  25.291894  5.387
 70    32.974 54681.66379369 19.19  86.998845  25.295194  5.387
 70    34.694 54681.66379434 19.83  86.998015  25.298484  5.387
 70    35.039 54681.66379498 19.01  86.997175  25.301774  5.387
 71    34.327 54716.66373803 22.22  87.008351  25.271727 10.123
 71    32.131 54716.66373868 22.26  87.007521  25.275017 10.123
 71    32.559 54716.66373932 22.32  87.006681  25.278317 10.123
 71    32.680 54716.66373997 22.99  87.005851  25.281607 10.123
 71    32.977 54716.66374061 23.14  87.005011  25.284897 10.123
 71    33.677 54716.66374125 23.59  87.004181  25.288187 10.123
 71    34.055 54716.66374190 24.64  87.003341  25.291487 10.123
 71    34.392 54716.66374254 26.18  87.002511  25.294777 10.123
 71    34.549 54716.66374319 28.56  87.001671  25.298067 10.123
 71    34.424 54716.66374383 28.27  87.000841  25.301367 10.123
 72    32.341 54751.66375985 41.18  87.004029  25.267451 14.828
 72    32.570 54751.66376050 46.44  87.003189  25.270741 14.828
 72    32.471 54751.66376114 43.13  87.002349  25.274031 14.828
 72    32.244 54751.66376308 50.58  86.999847  25.283911 32.407
 72    32.227 54751.66376372 51.70  86.999007  25.287211 32.407
 72    32.172 54751.66376437 52.60  86.998177  25.290501 32.407
 72    32.202 54751.66376501 51.83  86.997337  25.293791 32.407
 72    32.274 54751.66376566 52.36  86.996497  25.297091 32.407
 72    32.268 54751.66376630 51.75  86.995667  25.300381 32.407
 72    32.109 54751.66376694 37.86  86.994827  25.303671 32.407
 73    29.405 54786.66372722 49.54  87.006599  25.271426 23.568
 73    30.039 54786.66372786 42.12  87.005759  25.274726 23.568
 73    28.974 54786.66372851 52.34  87.004929  25.278016 23.568
 73    29.051 54786.66372915 42.95  87.004089  25.281306 23.568
 73    29.220 54786.66372980 42.34  87.003259  25.284596 23.568
 73    30.503 54786.66373044 39.70  87.002419  25.287896 23.568
 73    30.451 54786.66373109 44.27  87.001589  25.291186 23.568
 73    30.007 54786.66373173 39.55  87.000749  25.294476 23.568
 73    32.439 54786.66373238 27.11  86.999919  25.297776 23.568
 73    33.667 54786.66373302 23.15  86.999079  25.301066 23.568
 74    29.342 54821.66375452 36.91  87.003707  25.272022 22.059
 74    59.858 54821.66375775 21.41  86.999537  25.288492 22.059
 74    34.736 54821.66376097 17.38  86.995357  25.304952 22.059
 75    55.895 54856.66372393 11.19  87.006909  25.272370 12.408
 75    29.268 54856.66372779 27.42  87.001899  25.292130 12.408
 75    29.867 54856.66372844 31.49  87.001059  25.295420 12.408
 75    29.864 54856.66372908 28.42  87.000229  25.298720 12.408
 75    33.658 54856.66372973 20.33  86.999389  25.302010 12.408
 77    56.193 54926.66372185  9.48  87.006294  25.270746  7.167
 77    55.451 54926.66372314  8.33  87.004624  25.277326  7.167
 77    48.765 54926.66372443 10.98  87.002954  25.283916  7.167
 77    28.296 54926.66372572 21.06  87.001284  25.290506  7.167
 77    32.547 54926.66372636 16.74  87.000454  25.293796  7.167
 77    33.371 54926.66372701 15.49  86.999614  25.297086  7.167
 77    33.924 54926.66372765 15.44  86.998784  25.300376  7.167
 78    56.519 54961.66375645 11.71  87.003161  25.269102  7.273
 78    48.403 54961.66375709 13.05  87.002321  25.272392  7.273
 78    27.992 54961.66375967 28.07  86.998981  25.285562  7.273
 78    28.066 54961.66376031 29.53  86.998151  25.288862  7.273
 78    31.705 54961.66376096 18.90  86.997311  25.292152  7.273
 78    33.035 54961.66376160 13.64  86.996471  25.295442  7.273
 78    33.546 54961.66376225 13.36  86.995641  25.298732  7.273
 78    33.246 54961.66376289 17.28  86.994801  25.302032  7.273
 78    33.555 54961.66376354 13.94  86.993971  25.305322  7.273
 79    26.600 54996.66377710 36.34  87.003207  25.267224 10.973
 79    26.603 54996.66377774 36.40  87.002377  25.270524 10.973
 79    26.314 54996.66377839 23.56  87.001537  25.273814 10.973
 79    27.475 54996.66378032 22.44  86.999037  25.283694 10.973
 79    27.504 54996.66378097 34.47  86.998197  25.286984 10.973
 79    27.380 54996.66378161 28.52  86.997357  25.290284 10.973
 79    27.351 54996.66378226 19.44  86.996527  25.293574 10.973
 79    32.356 54996.66378290 19.90  86.995687  25.296864 10.973
 79    32.726 54996.66378355 21.43  86.994857  25.300154 10.973
 79    25.259 54996.66378419 25.31  86.994017  25.303454 10.973
 79    25.427 54996.66378483 27.30  86.993187  25.306744 10.973
 80    47.603 55031.66376664 20.31  87.004929  25.268253  9.272
 80    54.031 55031.66376729 14.46  87.004099  25.271543  9.272
 80    54.794 55031.66376793 12.44  87.003259  25.274833  9.272
 80    29.392 55031.66377116 21.31  86.999089  25.291303  9.272
 80    32.165 55031.66377180 18.05  86.998249  25.294593  9.272
 80    29.806 55031.66377245 19.68  86.997409  25.297883  9.272
 80    33.360 55031.66377309 17.17  86.996579  25.301173  9.272
 80    33.049 55031.66377374 17.41  86.995739  25.304473  9.272
 81    48.845 55066.66375649 19.45  87.007074  25.269306 13.641
 81    32.855 55066.66375713 21.56  87.006234  25.272596 13.641
 81    30.891 55066.66375778 23.31  87.005404  25.275896 13.641
 81    31.731 55066.66375842 23.32  87.004564  25.279186 13.641
 81    32.162 55066.66375907 25.28  87.003734  25.282476 13.641
 81    32.810 55066.66375971 24.85  87.002894  25.285776 13.641
 81    33.302 55066.66376036 23.89  87.002064  25.289066 13.641
 81    33.623 55066.66376100 26.36  87.001224  25.292356 13.641
 81    33.849 55066.66376165 28.41  87.000394  25.295656 13.641
 81    33.946 55066.66376229 40.49  86.999554  25.298946 13.641
 81    34.050 55066.66376294 44.98  86.998714  25.302236 13.641
 82    31.373 55101.66369742 28.33  87.006520  25.270768 19.760
 82    31.966 55101.66369806 37.00  87.005680  25.274068 19.760
 82    31.895 55101.66369870 32.20  87.004850  25.277358 19.760
 82    31.587 55101.66369935 30.38  87.004010  25.280648 19.760
 82    31.873 55101.66369999 30.40  87.003180  25.283948 19.760
 82    32.129 55101.66370064 30.92  87.002340  25.287238 19.760
 82    32.205 55101.66370128 43.81  87.001510  25.290528 19.760
 82    32.093 55101.66370193 50.50  87.000670  25.293828 19.760
 82    31.781 55101.66370257 47.98  86.999840  25.297118 19.760
 82    31.915 55101.66370322 32.90  86.999000  25.300408 19.760
 83    30.473 55136.66370218 48.16  87.004376  25.269976 21.767
 83    30.022 55136.66370283 45.73  87.003546  25.273276 21.767
 83    30.262 55136.66370476 45.16  87.001036  25.283156 21.767
 83    30.948 55136.66370540 38.05  87.000206  25.286446 21.767
 83    30.614 55136.66370605 40.29  86.999366  25.289736 21.767
 83    30.593 55136.66370669 48.17  86.998536  25.293026 21.767
 83    30.378 55136.66370734 46.60  86.997696  25.296326 21.767
 83    31.323 55136.66370798 31.38  86.996856  25.299616 21.767
 83    30.907 55136.66370863 32.48  86.996026  25.302906 21.767
 84    29.493 55171.66366658 30.76  87.004719  25.280967 20.652
 84    60.633 55171.66367045 19.85  86.999709  25.300727 20.652
 85    26.907 55206.66369637 42.05  87.003817  25.270117 17.759
 85    29.964 55206.66369701 29.60  87.002977  25.273407 17.759
 85    29.618 55206.66369895 31.45  87.000477  25.283287 17.759
 85    29.791 55206.66369959 27.04  86.999637  25.286577 17.759
 85    30.367 55206.66370024 33.15  86.998797  25.289877 17.759
 85    30.510 55206.66370088 44.36  86.997967  25.293167 17.759
 85    29.898 55206.66370153 45.78  86.997127  25.296457 17.759
 85    29.781 55206.66370217 28.66  86.996297  25.299747 17.759
 85    29.599 55206.66370282 19.11  86.995457  25.303047 17.759
 86    26.564 55241.66367255 30.08  87.003102  25.284671 16.591
 86    28.759 55241.66367320 27.37  87.002272  25.287961 16.591
 86    29.316 55241.66367384 22.30  87.001432  25.291261 16.591
 86    29.805 55241.66367449 24.95  87.000602  25.294551 16.591
 86    29.946 55241.66367513 24.54  86.999762  25.297841 16.591
 86    29.884 55241.66367578 17.20  86.998932  25.301141 16.591
 87    29.080 55276.66369078 25.39  87.004243  25.274362 13.641
 87    41.352 55276.66369594  6.20  86.997563  25.300702 13.641
 87    37.809 55276.66369659  6.54  86.996723  25.304002 13.641
 88    48.147 55311.66365519 16.41  87.007285  25.271158 14.549
 88    56.421 55311.66365583  8.52  87.006445  25.274448 14.549
 88    55.567 55311.66365648  7.48  87.005615  25.277748 14.549
 88    50.144 55311.66365712 11.59  87.004775  25.281038 14.549
 88    27.419 55311.66365970 20.53  87.001435  25.294208 14.549
 88    27.423 55311.66366034 16.61  87.000605  25.297508 14.549
 88    25.336 55311.66366099 19.10  86.999765  25.300798 14.549
 89    49.174 55346.66365964 17.30  87.006598  25.268354  7.463
 89    57.250 55346.66366029  9.92  87.005758  25.271644  7.463
 89    56.542 55346.66366093  8.67  87.004928  25.274934  7.463
 89    52.034 55346.66366158 10.49  87.004088  25.278234  7.463
 89    27.537 55346.66366416 21.26  87.000748  25.291404  7.463
 89    31.433 55346.66366480 15.38  86.999908  25.294694  7.463
 89    32.686 55346.66366545 14.14  86.999078  25.297984  7.463
 89    33.481 55346.66366609 13.78  86.998238  25.301284  7.463
 90    57.278 55381.66365168 11.84  87.005926  25.270561  5.200
 90    56.377 55381.66365233 10.25  87.005096  25.273851  5.200
 90    54.710 55381.66365362  8.89  87.003426  25.280431  5.200
 90    52.739 55381.66365426  8.55  87.002586  25.283731  5.200
 90    27.613 55381.66365684 16.02  86.999246  25.296901  5.200
 90    29.125 55381.66365749 15.05  86.998406  25.300191  5.200
 91    33.466 55416.66367897 30.09  87.004298  25.268923  8.371
 91    33.167 55416.66367961 21.63  87.003458  25.272213  8.371
 91    32.782 55416.66368155 26.30  87.000958  25.282093  8.371
 91    32.813 55416.66368219 24.10  87.000118  25.285383  8.371
 91    32.543 55416.66368284 22.91  86.999278  25.288683  8.371
 91    32.762 55416.66368348 24.19  86.998448  25.291973  8.371
 91    33.006 55416.66368412 24.76  86.997608  25.295263  8.371
 91    32.948 55416.66368477 25.58  86.996778  25.298563  8.371
 91    32.623 55416.66368541 24.86  86.995938  25.301853  8.371
 91    32.591 55416.66368606 25.77  86.995108  25.305143  8.371
 92    35.245 55451.66366208 33.99  87.007930  25.268536 18.983
 92    35.428 55451.66366272 31.91  87.007100  25.271826 18.983
 92    34.881 55451.66366337 24.82  87.006260  25.275116 18.983
 92    34.374 55451.66366401 25.59  87.005430  25.278416 18.983
 92    35.561 55451.66366466 25.56  87.004590  25.281706 18.983
 92    36.664 55451.66366530 28.60  87.003760  25.284996 18.983
 92    35.901 55451.66366595 27.63  87.002920  25.288296 18.983
 92    35.384 55451.66366659 27.45  87.002090  25.291586 18.983
 92    35.921 55451.66366724 27.64  87.001250  25.294876 18.983
 92    36.643 55451.66366788 44.32  87.000420  25.298176 18.983
 92    36.122 55451.66366853 48.24  86.999580  25.301466 18.983
 93    49.538 55486.66358509 26.31  87.009802  25.269523 17.642
 93    31.952 55486.66358574 30.60  87.008972  25.272813 17.642
 93    32.010 55486.66358638 31.19  87.008132  25.276113 17.642
 93    32.077 55486.66358703 33.85  87.007302  25.279403 17.642
 93    32.108 55486.66358767 32.72  87.006462  25.282693 17.642
 93    32.445 55486.66358832 28.78  87.005632  25.285993 17.642
