# NaN NaN NaN ;Mean Elev.(m), Avg Gradient(m/km), RMS Gradient(m/km) - SRTM1     
#   11.270  -0.933   2.276 ;Mean Elev.(m), Avg Gradient(m/km), RMS Gradient(m/km) - ASTER GDEM
#   16.140  -1.299   3.154 ;Mean Elev.(m), Avg Gradient(m/km), RMS Gradient(m/km) - GMTED2010 
  7  88.375055  24.385338    14.230    14.157  3 52445.18203764 24.800
  8  88.378762  24.379954    17.599    17.520  3 52480.18203095 40.623
  9  88.385886  24.374776    18.536    18.627  3 52515.18198052 21.549
 10  88.381332  24.377674    18.263    18.298  3 52550.18202621 28.701
 11  88.389296  24.373803    15.867    15.729  4 52585.18200528 23.605
 12  88.379216  24.380559    12.834    12.911  3 52620.18198476 42.242
 14  88.380710  24.379912    11.646    11.617  3 52690.18196786 39.350
 15  88.384480  24.376975    11.259    11.174  3 52725.18201207 25.276
 16  88.372544  24.388105    11.332    11.389  4 52760.18202823 26.072
 17  88.389495  24.372540    11.701    11.731  3 52795.18198692 21.748
 18  88.390911  24.371566    17.952    18.155  3 52830.18205391 33.049
 19  88.391436  24.371351    18.865    18.982  4 52865.18209813 31.018
 20  88.380761  24.377539    19.713    19.662  3 52900.18212619 26.300
 21  88.379015  24.380658    17.070    17.087  3 52935.18206839 40.360
 22  88.384266  24.377871    15.034    15.117  3 52970.18208775 25.091
 23  88.377585  24.381366    14.519    14.899  4 53005.18210385 23.020
 24  88.383184  24.376722    12.971    12.907  3 53040.18205443 36.109
 25  88.379411  24.378854    11.759    11.774  3 53075.18208625 41.186
 26  88.380122  24.378005    13.716    11.727  3 53110.18205610 23.158
 27  88.382218  24.378879    11.810    11.861  3 53145.18209752 20.685
 29  88.381869  24.379453    18.154    17.949  3 53215.18213169 22.955
 30  88.380700  24.379290    19.511    19.539  3 53250.18210340 42.241
 57  88.386303  24.376121    11.300    11.273  4 54195.18198302 40.810
 58  88.384317  24.377013    11.085    10.961  3 54230.18203302 50.923
 59  88.384663  24.376341    11.806    11.666  3 54265.18205103 43.464
 61  88.383737  24.378315    19.168    19.154  3 54335.18204427 29.169
 63  88.382746  24.377090    15.861    15.876  3 54405.18198901 49.107
 64  88.387238  24.375500    13.582    13.559  3 54440.18194653 51.437
 66  88.386639  24.375442    10.975    10.955  4 54510.18196091 42.865
 67  88.384217  24.378384    10.880    10.877  3 54545.18198992 28.988
 68  88.385852  24.376501    10.800    10.806  3 54580.18195703 30.233
 69  88.385185  24.377759    10.834    10.756  3 54615.18197947 30.070
 71  88.383022  24.379281    18.791    18.827  3 54685.18198520 26.304
 72  88.387632  24.375844    17.757    17.755  3 54720.18193556 22.518
 73  88.383846  24.378058    17.352    17.374  3 54755.18196008 22.497
 74  88.385346  24.376444    14.115    14.121  4 54790.18192938 50.833
 75  88.385247  24.376702    12.385    12.393  3 54825.18195594 32.332
 76  88.387199  24.375528    11.614    11.541  3 54860.18192272 44.106
 77  88.382219  24.379605    10.828    10.979  3 54895.18195713 40.358
 78  88.384668  24.377624    10.689    10.671  3 54930.18192057 27.361
 79  88.383586  24.377438    10.505    10.442  3 54965.18195711 31.899
 80  88.381072  24.377693    11.156    11.186  3 55000.18197777 38.789
 81  88.385258  24.376274    14.419    14.352  3 55035.18196295 21.247
 82  88.382698  24.378296    18.591    18.583  3 55070.18195273 20.289
 83  88.385015  24.377091    16.287    16.291  3 55105.18189503 19.612
 84  88.383101  24.376156    14.547    14.447  3 55140.18190175 27.226
 85  88.387577  24.374600    12.447    12.452  3 55175.18186224 33.216
 86  88.384058  24.376673    11.094    11.150  3 55210.18189677 35.353
 87  88.385058  24.376725    13.547    13.655  4 55245.18186875 29.890
 88  88.382442  24.378192    11.155    11.155  2 55280.18188999 24.149
 89  88.384001  24.379061    10.942    11.111  3 55315.18185511 24.935
 91  88.384851  24.377718    14.360    14.324  3 55385.18185494 26.945
 92  88.385204  24.377879    17.320    17.371  3 55420.18187975 31.138
 93  88.382647  24.378089    18.951    18.980  3 55455.18185703 23.603
