# NaN NaN NaN ;Mean Elev.(m), Avg Gradient(m/km), RMS Gradient(m/km) - SRTM1     
#    7.413  -0.192   1.158 ;Mean Elev.(m), Avg Gradient(m/km), RMS Gradient(m/km) - ASTER GDEM
#    5.642  -0.200   2.060 ;Mean Elev.(m), Avg Gradient(m/km), RMS Gradient(m/km) - GMTED2010 
  6     5.391 52419.65753001 22.50  89.518621  23.825695 30.155
  6     9.414 52419.65753065 20.16  89.517801  23.828995 30.155
  6     9.727 52419.65753130 20.17  89.516981  23.832295 30.155
  7    10.045 52454.65755445 17.15  89.519917  23.824058 29.228
  7    10.411 52454.65755509 18.63  89.519097  23.827348 29.228
  7    10.425 52454.65755573 22.23  89.518267  23.830648 29.228
  7    10.725 52454.65755638 25.26  89.517447  23.833938 29.228
  8    10.946 52489.65753019 22.24  89.529584  23.822115 33.891
  8    11.288 52489.65753083 27.72  89.528764  23.825405 33.891
  9     9.171 52524.65750734 31.34  89.526768  23.821618 32.132
  9    10.791 52524.65750798 27.63  89.525948  23.824918 32.132
  9    11.109 52524.65750863 28.17  89.525118  23.828208 32.132
 10     8.846 52559.65755731 31.27  89.520025  23.824780 25.137
 10     8.884 52559.65755796 37.51  89.519205  23.828070 25.137
 10     8.870 52559.65755860 32.15  89.518385  23.831370 25.137
 10    10.669 52559.65755925 33.37  89.517555  23.834660 25.137
 11     6.104 52594.65756225 45.92  89.517537  23.825105 34.786
 11     6.036 52594.65756289 49.47  89.516707  23.828395 34.786
 11     5.935 52594.65756353 43.19  89.515887  23.831695 34.786
 12    10.249 52629.65749220 23.89  89.525393  23.824400 30.352
 12    10.510 52629.65749284 29.12  89.524573  23.827700 30.352
 13     3.947 52664.65752335 47.90  89.522666  23.822848 40.477
 13     4.001 52664.65752399 51.53  89.521846  23.826148 40.477
 13     3.882 52664.65752464 49.63  89.521026  23.829438 40.477
 13     3.979 52664.65752528 48.73  89.520206  23.832738 40.477
 15     3.900 52734.65752529 49.06  89.531832  23.820055 18.473
 15     3.942 52734.65752593 43.86  89.531012  23.823355 18.473
 16     4.753 52769.65751870 29.86  89.525295  23.824633 23.061
 16     5.075 52769.65751935 34.13  89.524475  23.827933 23.061
 17     9.744 52804.65755114 18.99  89.520069  23.824452 20.830
 17    10.162 52804.65755179 19.98  89.519249  23.827742 20.830
 17    10.300 52804.65755243 21.64  89.518429  23.831042 20.830
 17    10.192 52804.65755307 26.89  89.517599  23.834332 20.830
 18    10.059 52839.65761271 24.04  89.523749  23.823400 34.131
 18    10.627 52839.65761335 23.88  89.522919  23.826700 34.131
 18    10.716 52839.65761400 29.34  89.522099  23.829990 34.131
 20    10.636 52909.65762552 21.85  89.531786  23.820330 22.793
 20    10.702 52909.65762616 26.02  89.530966  23.823630 22.793
 21     8.383 52944.65756382 50.31  89.528172  23.822646 32.769
 21     8.313 52944.65756446 44.16  89.527352  23.825936 32.769
 22     5.949 52979.65761532 51.78  89.524314  23.822746 39.362
 22     5.907 52979.65761596 52.31  89.523484  23.826046 39.362
 22     5.873 52979.65761661 49.41  89.522664  23.829336 39.362
 23     4.912 53014.65761279 47.20  89.523505  23.822785 33.345
 23     4.740 53014.65761344 46.95  89.522685  23.826085 33.345
 23     4.753 53014.65761408 52.29  89.521855  23.829375 33.345
 24     4.324 53049.65758601 49.39  89.523290  23.822357 33.936
 24     4.522 53049.65758666 50.65  89.522470  23.825647 33.936
 24     4.416 53049.65758730 52.73  89.521650  23.828947 33.936
 24     4.440 53049.65758795 52.26  89.520830  23.832237 33.936
 25     9.703 53084.65762260 22.39  89.517282  23.826446 19.128
 25     9.503 53084.65762324 22.13  89.516462  23.829736 19.128
 25     9.872 53084.65762389 22.94  89.515642  23.833036 19.128
 26     8.916 53119.65759258 24.58  89.519340  23.824870 23.293
 26     9.072 53119.65759323 23.88  89.518520  23.828160 23.293
 26     9.131 53119.65759387 23.90  89.517690  23.831460 23.293
 27     8.587 53154.65764554 21.76  89.516497  23.826896 22.019
 27     8.967 53154.65764619 23.37  89.515677  23.830196 22.019
 27     9.425 53154.65764683 23.35  89.514857  23.833486 22.019
 28     9.646 53189.65763367 19.37  89.530768  23.820412 31.883
 28    10.305 53189.65763432 24.95  89.529938  23.823702 31.883
 29    10.638 53224.65764580 22.91  89.527976  23.822379 31.873
 29    11.237 53224.65764645 26.49  89.527146  23.825669 31.873
 29    11.370 53224.65764709 34.24  89.526326  23.828969 31.873
 30     9.919 53259.65762111 27.62  89.522296  23.824083 29.252
 30    10.635 53259.65762175 26.64  89.521466  23.827373 29.252
 30    11.080 53259.65762240 27.82  89.520646  23.830673 29.252
 32     5.870 53329.65762080 47.34  89.525398  23.824355 38.103
 32     5.919 53329.65762145 49.37  89.524578  23.827655 38.103
 33     4.416 53364.65757054 51.61  89.530429  23.821256 27.108
 33     4.464 53364.65757119 54.23  89.529609  23.824546 27.108
 34     4.520 53399.65759595 37.01  89.521805  23.825054 25.835
 34     3.710 53399.65759660 49.65  89.520985  23.828354 25.835
 34     3.731 53399.65759724 39.61  89.520155  23.831644 25.835
 35     3.667 53434.65758518 38.58  89.528886  23.821250 19.766
 35     3.718 53434.65758583 39.65  89.528066  23.824550 19.766
 35     3.628 53434.65758647 47.64  89.527246  23.827840 19.766
 36     4.647 53469.65762986 37.20  89.520106  23.824384 30.178
 36     4.702 53469.65763050 32.83  89.519286  23.827684 30.178
 36     9.783 53469.65763115 23.44  89.518466  23.830974 30.178
 36     9.955 53469.65763179 25.51  89.517646  23.834264 30.178
 37     5.000 53504.65767220 37.91  89.519528  23.825223 28.868
 37     5.104 53504.65767285 34.46  89.518708  23.828523 28.868
 37     9.372 53504.65767349 22.21  89.517878  23.831813 28.868
 38     6.038 53539.65767155 32.80  89.522129  23.825504 30.476
 38     6.002 53539.65767220 26.14  89.521309  23.828804 30.476
 38     9.785 53539.65767284 22.11  89.520489  23.832094 30.476
 39    10.522 53574.65766684 28.63  89.522210  23.823120 33.785
 39    10.417 53574.65766748 28.16  89.521390  23.826420 33.785
 39    10.480 53574.65766813 28.17  89.520570  23.829710 33.785
 39    10.437 53574.65766877 30.65  89.519750  23.833010 33.785
 40    10.208 53609.65761733 29.41  89.525167  23.824428 36.994
 40    10.673 53609.65761798 30.00  89.524347  23.827718 36.994
 41     9.712 53644.65761989 24.95  89.521838  23.822570 24.733
 41     9.500 53644.65762054 24.84  89.521018  23.825860 24.733
 41    10.647 53644.65762118 25.46  89.520198  23.829160 24.733
 41    10.840 53644.65762183 29.32  89.519368  23.832450 24.733
 42     7.380 53679.65763763 50.23  89.519295  23.824335 35.081
 42     7.324 53679.65763828 52.73  89.518475  23.827635 35.081
 42     7.502 53679.65763892 49.28  89.517655  23.830925 35.081
 42     7.470 53679.65763957 50.64  89.516835  23.834225 35.081
 43     4.931 53714.65756486 48.72  89.530298  23.821057 30.016
 43     4.638 53714.65756550 49.29  89.529478  23.824347 30.016
 44     3.539 53749.65748113 50.32  89.526518  23.823728 23.986
 44     3.567 53749.65748178 48.88  89.525698  23.827018 23.986
 44     3.565 53749.65748242 45.28  89.524878  23.830318 23.986
 45     9.118 53784.65751104 23.07  89.529564  23.821004 22.882
 45     9.960 53784.65751168 24.74  89.528744  23.824304 22.882
 45    10.399 53784.65751233 30.16  89.527924  23.827594 22.882
 46     3.044 53819.65747086 48.08  89.532059  23.819551 27.385
 46     3.081 53819.65747151 52.56  89.531239  23.822841 27.385
 47     4.205 53854.65755420 31.74  89.518325  23.824493 20.535
 47     4.528 53854.65755485 37.88  89.517495  23.827793 20.535
 47     4.621 53854.65755549 45.41  89.516675  23.831083 20.535
 49     8.675 53924.65763023 21.64  89.512774  23.826294 25.348
 49     9.129 53924.65763087 21.38  89.511954  23.829584 25.348
 49    10.038 53924.65763152 20.59  89.511134  23.832884 25.348
 49    10.343 53924.65763216 21.04  89.510314  23.836174 25.348
 49    10.767 53924.65763281 23.52  89.509494  23.839474 25.348
 50     9.663 53959.65761926 19.03  89.518271  23.823929 27.343
 50    10.083 53959.65761990 20.64  89.517451  23.827229 27.343
 50    10.126 53959.65762055 23.30  89.516621  23.830519 27.343
 50    10.248 53959.65762119 25.78  89.515801  23.833819 27.343
 51     9.958 53994.65755259 22.79  89.522800  23.824568 33.628
 51    10.433 53994.65755324 24.98  89.521980  23.827858 33.628
 51    10.726 53994.65755388 29.11  89.521160  23.831158 33.628
 52     7.477 54029.65761034 43.53  89.524133  23.824718 36.062
 52     7.444 54029.65761099 52.31  89.523313  23.828008 36.062
 53     5.017 54064.65760324 41.76  89.528731  23.822814 30.553
 53     5.230 54064.65760388 47.14  89.527911  23.826104 30.553
 54     3.888 54099.65756872 49.35  89.526644  23.822113 27.687
 54     3.834 54099.65756937 48.99  89.525824  23.825403 27.687
 54     3.811 54099.65757001 46.81  89.525004  23.828693 27.687
 55     3.417 54134.65752885 32.29  89.522459  23.823623 31.246
 55     3.139 54134.65752950 32.15  89.521639  23.826923 31.246
 55    10.202 54134.65753014 25.43  89.520819  23.830213 31.246
 57     4.071 54204.65753297 35.86  89.521479  23.824006 32.384
 57     3.689 54204.65753361 38.89  89.520659  23.827296 32.384
 57     3.661 54204.65753426 28.19  89.519839  23.830596 32.384
 57     9.368 54204.65753490 22.86  89.519009  23.833886 32.384
 58     4.484 54239.65756722 34.56  89.525063  23.822353 20.852
 58     4.440 54239.65756786 28.34  89.524243  23.825643 20.852
 58     4.552 54239.65756851 31.80  89.523423  23.828933 20.852
 59     9.355 54274.65758390 21.49  89.525364  23.821854 29.507
 59    10.601 54274.65758455 21.25  89.524544  23.825154 29.507
 59    10.596 54274.65758519 25.70  89.523724  23.828444 29.507
 61    10.850 54344.65756180 22.51  89.527872  23.823383 33.245
 61    11.114 54344.65756245 27.08  89.527042  23.826673 33.245
 62     9.515 54379.65752131 37.05  89.523507  23.822428 32.426
 62     9.471 54379.65752195 34.18  89.522687  23.825718 32.426
 62     9.811 54379.65752260 32.06  89.521867  23.829018 32.426
 62     9.898 54379.65752324 39.01  89.521037  23.832308 32.426
 63     6.517 54414.65751003 43.80  89.525166  23.823842 32.098
 63     6.600 54414.65751068 42.21  89.524346  23.827142 32.098
 63     6.634 54414.65751132 41.26  89.523526  23.830432 32.098
 64     4.679 54449.65748888 39.27  89.522142  23.824006 31.134
 64     4.880 54449.65748952 48.79  89.521312  23.827306 31.134
 64     4.829 54449.65749017 49.35  89.520492  23.830596 31.134
 65     3.425 54484.65750432 47.00  89.526614  23.821742 26.248
 65     3.420 54484.65750496 51.25  89.525794  23.825042 26.248
 65     3.434 54484.65750560 50.52  89.524964  23.828332 26.248
 66     3.486 54519.65750217 47.34  89.524254  23.823347 26.586
 66     3.330 54519.65750282 52.08  89.523434  23.826647 26.586
 66     3.454 54519.65750346 51.61  89.522614  23.829937 26.586
 67     9.776 54554.65751609 19.83  89.526080  23.823042 17.797
 67    10.073 54554.65751674 24.59  89.525260  23.826332 17.797
 67    10.470 54554.65751738 29.74  89.524440  23.829632 17.797
 68     5.127 54589.65749839 29.84  89.523604  23.822494 16.053
 68     8.867 54589.65749903 23.70  89.522784  23.825794 16.053
 68     9.957 54589.65749968 20.51  89.521964  23.829084 16.053
 69     7.841 54624.65751519 26.04  89.524979  23.822521 19.946
 69    10.225 54624.65751584 22.43  89.524149  23.825811 19.946
 69    10.372 54624.65751648 28.66  89.523329  23.829111 19.946
 70     9.960 54659.65752384 20.40  89.522282  23.823605 36.312
 70    10.179 54659.65752449 23.03  89.521452  23.826905 36.312
 70    10.406 54659.65752513 26.23  89.520635  23.830197 38.654
 70    10.391 54659.65752578 29.66  89.519815  23.833497 38.654
 71    10.628 54694.65750304 21.24  89.526582  23.821821 30.690
 71    10.908 54694.65750369 23.43  89.525762  23.825111 30.690
 71    10.942 54694.65750433 29.53  89.524942  23.828411 30.690
 72     8.985 54729.65747879 31.67  89.523256  23.824046 31.046
 72     9.227 54729.65747943 28.25  89.522436  23.827346 31.046
 72    10.992 54729.65748008 26.62  89.521616  23.830636 31.046
 73     7.160 54764.65748128 29.06  89.524224  23.823990 23.387
 73    10.817 54764.65748192 21.94  89.523404  23.827280 23.387
 73    10.952 54764.65748257 27.90  89.522584  23.830580 23.387
 74     5.278 54799.65747166 46.42  89.521681  23.822902 31.052
 74     5.320 54799.65747231 53.82  89.520861  23.826202 31.052
 74     5.312 54799.65747295 54.55  89.520041  23.829492 31.052
 74     5.315 54799.65747360 52.84  89.519221  23.832782 31.052
 75     3.953 54834.65747268 41.93  89.524199  23.824492 26.596
 75     4.135 54834.65747333 48.82  89.523379  23.827792 26.596
 75     3.923 54834.65747397 50.30  89.522549  23.831082 26.596
 76     3.515 54869.65746910 31.75  89.522889  23.823672 31.000
 76     3.443 54869.65746974 50.36  89.522069  23.826962 31.000
 76     3.357 54869.65747039 55.38  89.521249  23.830262 31.000
 77     3.300 54904.65748114 42.21  89.524424  23.823669 20.451
 77     3.374 54904.65748178 51.58  89.523604  23.826959 20.451
 77     3.213 54904.65748243 52.64  89.522784  23.830259 20.451
 78     3.288 54939.65746031 25.39  89.523288  23.822312 19.336
 78     3.304 54939.65746096 24.91  89.522469  23.825603 20.738
 78     9.662 54939.65746160 25.68  89.521649  23.828903 20.738
 78     9.945 54939.65746225 24.30  89.520829  23.832193 20.738
 79     4.255 54974.65749136 28.84  89.522879  23.824665 16.838
 79     9.520 54974.65749200 22.22  89.522059  23.827955 16.838
 79     9.660 54974.65749265 24.63  89.521239  23.831245 16.838
 80     5.680 55009.65750322 38.52  89.524486  23.821852 20.184
 80     5.720 55009.65750386 28.10  89.523666  23.825142 20.184
 80     9.404 55009.65750451 23.80  89.522846  23.828442 20.184
 81     8.812 55044.65749365 47.09  89.524888  23.822087 33.541
 81     8.858 55044.65749429 41.08  89.524068  23.825387 33.541
 81     8.792 55044.65749493 33.55  89.523238  23.828677 33.541
 82    10.515 55079.65746991 20.41  89.526515  23.823271 29.194
 82    10.875 55079.65747055 23.59  89.525695  23.826571 29.194
 82    10.760 55079.65747120 32.34  89.524875  23.829861 29.194
 83     8.374 55114.65742590 37.28  89.524002  23.822711 34.608
 83     8.247 55114.65742655 36.71  89.523182  23.826001 34.608
 83     8.168 55114.65742719 35.46  89.522362  23.829301 34.608
 84     5.802 55149.65742555 49.39  89.523737  23.822888 32.297
 84     5.803 55149.65742619 46.79  89.522917  23.826178 32.297
 84     5.688 55149.65742684 52.69  89.522097  23.829478 32.297
 85     4.281 55184.65740996 51.93  89.521751  23.824631 37.508
 85     4.345 55184.65741061 53.02  89.520931  23.827931 37.508
 85     4.346 55184.65741125 50.21  89.520111  23.831221 37.508
 86     3.483 55219.65742354 46.92  89.524592  23.822044 23.855
 86     3.142 55219.65742418 53.52  89.523772  23.825334 23.855
 86     3.280 55219.65742483 46.01  89.522952  23.828634 23.855
 87     2.904 55254.65740508 48.07  89.524737  23.822147 25.241
 87     2.937 55254.65740573 47.12  89.523917  23.825447 25.241
 87     2.917 55254.65740637 51.88  89.523097  23.828737 25.241
 88     3.909 55289.65741295 28.48  89.525978  23.821829 22.810
 88     3.920 55289.65741360 30.02  89.525158  23.825129 22.810
 88     9.577 55289.65741424 24.34  89.524338  23.828419 22.810
 89     9.106 55324.65739256 20.58  89.522519  23.822804 17.437
 89     9.767 55324.65739320 20.40  89.521689  23.826094 17.437
 89     9.995 55324.65739384 22.52  89.520869  23.829394 17.437
 89     9.939 55324.65739449 27.10  89.520049  23.832684 17.437
 90     7.623 55359.65739013 20.78  89.524243  23.823318 27.836
 90     9.417 55359.65739077 20.12  89.523423  23.826618 27.836
 90     9.668 55359.65739141 26.62  89.522593  23.829908 27.836
 91     9.049 55394.65739490 22.30  89.522626  23.824666 29.545
 91     9.868 55394.65739555 22.45  89.521806  23.827966 29.545
 91     9.920 55394.65739619 24.18  89.520986  23.831256 29.545
 92     9.310 55429.65740556 24.13  89.525678  23.821943 26.035
 92     9.618 55429.65740620 23.31  89.524858  23.825233 26.035
 92    10.112 55429.65740685 26.15  89.524038  23.828533 26.035
 93     9.767 55464.65736759 27.20  89.529119  23.821503 37.185
 93    10.763 55464.65736823 26.27  89.528299  23.824793 37.185
