# NaN NaN NaN ;Mean Elev.(m), Avg Gradient(m/km), RMS Gradient(m/km) - SRTM1     
#   47.240  -0.184   1.549 ;Mean Elev.(m), Avg Gradient(m/km), RMS Gradient(m/km) - ASTER GDEM
#   47.256  -0.387   2.086 ;Mean Elev.(m), Avg Gradient(m/km), RMS Gradient(m/km) - GMTED2010 
  8    52.788 52498.66988542 35.30  84.734922  25.728130 25.185
  8    50.340 52498.66988606 33.68  84.734082  25.731430 25.185
 10    49.256 52568.66990011 36.18  84.732647  25.728209 34.264
 10    49.233 52568.66990075 43.71  84.731807  25.731509 34.264
 10    49.199 52568.66990140 44.12  84.730967  25.734799 34.264
 11    48.380 52603.66989040 32.93  84.730947  25.728303 31.713
 11    48.589 52603.66989104 44.30  84.730107  25.731593 31.713
 11    48.598 52603.66989169 43.20  84.729267  25.734883 31.713
 12    47.855 52638.66986784 44.06  84.726652  25.731123 25.574
 12    48.119 52638.66986849 47.03  84.725812  25.734413 25.574
 13    47.504 52673.66986539 29.48  84.732620  25.728027 29.999
 13    47.382 52673.66986603 43.68  84.731780  25.731317 29.999
 13    47.347 52673.66986668 38.43  84.730940  25.734607 29.999
 14    47.688 52708.66987677 32.51  84.729931  25.728458 30.027
 14    47.664 52708.66987741 44.62  84.729091  25.731748 30.027
 14    47.566 52708.66987805 37.61  84.728251  25.735048 30.027
 15    47.395 52743.66990690 26.45  84.726357  25.731482 17.325
 15    47.814 52743.66990755 25.73  84.725517  25.734772 17.325
 17    48.066 52813.66992707 45.07  84.725134  25.731586  9.732
 17    47.906 52813.66992772 47.41  84.724295  25.734873 19.566
 18    52.592 52848.66998010 32.83  84.728609  25.730231 28.260
 18    52.455 52848.66998075 34.66  84.727769  25.733521 28.260
 19    54.210 52883.67001564 46.97  84.728614  25.728906 40.025
 19    54.301 52883.67001628 37.86  84.727774  25.732196 40.025
 19    54.253 52883.67001692 33.10  84.726934  25.735496 40.025
 20    54.376 52918.66997189 45.61  84.734756  25.728475 29.950
 20    54.401 52918.66997254 30.66  84.733916  25.731765 29.950
 21    49.196 52953.66993491 53.39  84.733735  25.730567 35.364
 21    49.268 52953.66993556 47.32  84.732895  25.733857 35.364
 22    47.626 52988.66994235 38.85  84.741288  25.727486 31.842
 22    47.673 52988.66994299 48.71  84.740448  25.730786 31.842
 23    47.376 53023.66993007 44.13  84.739498  25.729574 30.670
 23    47.265 53023.66993072 40.52  84.738658  25.732864 30.670
 24    47.035 53058.66992560 47.36  84.738791  25.729820 32.558
 24    46.794 53058.66992625 38.47  84.737951  25.733110 32.558
 25    46.840 53093.66996401 41.60  84.726253  25.731693 28.883
 25    46.928 53093.66996465 48.82  84.725413  25.734983 28.883
 26    46.495 53128.66993502 46.85  84.734592  25.729327 33.651
 26    47.019 53128.66993566 45.93  84.733752  25.732617 33.651
 28    50.151 53198.67000261 18.74  84.731843  25.729550 22.525
 28    51.585 53198.67000325 19.10  84.731003  25.732840 22.525
 29    52.559 53233.66997400 39.09  84.741563  25.727651 27.258
 29    52.722 53233.66997464 46.76  84.740723  25.730951 27.258
 30    50.267 53268.66994197 28.75  84.734910  25.729214 23.543
 30    50.319 53268.66994261 28.62  84.734070  25.732514 23.543
 31    49.390 53303.67000192 37.29  84.721174  25.732054 27.843
 31    49.438 53303.67000256 51.29  84.720334  25.735354 27.843
 32    47.976 53338.66997006 39.80  84.732352  25.728254 35.088
 32    47.861 53338.66997070 49.20  84.731512  25.731544 35.088
 32    47.960 53338.66997135 36.30  84.730672  25.734834 35.088
 33    46.790 53373.66990309 48.90  84.737324  25.730119 32.397
 33    46.805 53373.66990374 39.14  84.736484  25.733409 32.397
 34    47.005 53408.66994391 29.75  84.733194  25.730132 12.388
 34    47.422 53408.66994455 27.74  84.732354  25.733422 12.388
 35    46.166 53443.66992783 45.73  84.735294  25.729959 30.101
 35    46.182 53443.66992847 24.21  84.734454  25.733249 30.101
 36    46.398 53478.67000425 31.64  84.723990  25.731010 21.512
 36    46.270 53478.67000490 37.45  84.723150  25.734300 21.512
 37    46.193 53513.67001316 25.08  84.731308  25.729073 14.172
 37    46.443 53513.67001381 23.40  84.730468  25.732373 14.172
 38    46.580 53548.67003185 38.30  84.727229  25.730148 17.938
 38    46.402 53548.67003249 41.19  84.726389  25.733438 17.938
 39    52.494 53583.66999633 32.92  84.734151  25.728397 22.957
 39    52.446 53583.66999697 19.65  84.733311  25.731687 22.957
 40    53.403 53618.66995279 36.29  84.732486  25.728576 26.908
 40    53.121 53618.66995343 27.82  84.731646  25.731866 26.908
 41    51.393 53653.66997580 44.16  84.730196  25.728867 37.385
 41    51.350 53653.66997645 52.52  84.729356  25.732157 37.385
 42    43.508 53688.66997427 43.72  84.728642  25.730738 32.894
 42    43.623 53688.66997491 51.45  84.727802  25.734028 32.894
 43    47.243 53723.66989848 46.43  84.737863  25.728743 32.942
 43    47.526 53723.66989913 44.57  84.737023  25.732033 32.942
 44    46.679 53758.66983743 43.68  84.737100  25.728901 29.505
 44    46.693 53758.66983808 42.62  84.736260  25.732191 29.505
 45    46.264 53793.66985837 34.24  84.737292  25.728067 20.928
 45    46.390 53793.66985902 30.91  84.736452  25.731357 20.928
 46    46.340 53828.66983057 41.41  84.733088  25.728269 26.873
 46    46.308 53828.66983122 42.74  84.732248  25.731559 26.873
 46    46.344 53828.66983186 48.47  84.731408  25.734849 26.873
 47    46.185 53863.66991344 22.08  84.727025  25.730278 10.750
 47    46.660 53863.66991409 20.45  84.726185  25.733568 10.750
 48    48.718 53898.66993756 39.40  84.730812  25.730698 33.478
 48    48.710 53898.66993820 48.48  84.729972  25.733988 33.478
 49    50.454 53933.66998397 34.83  84.720909  25.733368 16.189
 49    50.390 53933.66998462 34.14  84.720069  25.736658 16.189
 50    53.368 53968.66995506 47.48  84.726760  25.731870 28.302
 50    53.352 53968.66995570 46.43  84.725920  25.735160 28.302
 51    52.338 54003.66992526 26.59  84.730893  25.729910 13.996
 51    52.279 54003.66992590 23.66  84.730053  25.733210 13.996
 52    48.698 54038.66995911 46.03  84.734134  25.727840 35.359
 52    48.890 54038.66995975 47.04  84.733294  25.731130 35.359
 52    48.859 54038.66996040 52.49  84.732454  25.734420 35.359
 53    47.644 54073.66995363 41.70  84.733705  25.729658 30.073
 53    47.642 54073.66995427 48.47  84.732865  25.732948 30.073
 54    47.074 54108.66990030 39.87  84.734711  25.728519 28.735
 54    46.896 54108.66990095 43.28  84.733871  25.731819 28.735
 55    46.936 54143.66989113 31.59  84.729649  25.731224 29.724
 55    46.958 54143.66989177 41.12  84.728809  25.734524 29.724
 56    47.189 54178.66988443 36.24  84.733401  25.729826 30.328
 56    47.207 54178.66988508 53.64  84.732561  25.733116 30.328
 57    47.383 54213.66989858 27.35  84.729002  25.731559 23.550
 57    47.389 54213.66989923 39.30  84.728162  25.734849 23.550
 58    47.238 54248.66992693 29.81  84.730232  25.730190 27.458
 58    47.429 54248.66992757 38.05  84.729392  25.733480 27.458
 59    47.723 54283.66993488 37.83  84.732926  25.729039 23.308
 59    47.833 54283.66993553 44.25  84.732086  25.732329 23.308
 60    53.002 54318.66993218 27.03  84.734304  25.728338 19.914
 60    52.837 54318.66993282 23.04  84.733464  25.731628 19.914
 61    53.410 54353.66989635 43.94  84.735381  25.727742 30.109
 61    53.545 54353.66989700 46.61  84.734541  25.731032 30.109
 61    53.602 54353.66989764 39.98  84.733701  25.734322 30.109
 62    52.031 54388.66987218 28.10  84.733007  25.728194 27.749
 62    51.663 54388.66987283 22.78  84.732167  25.731484 27.749
 62    51.171 54388.66987347 25.36  84.731327  25.734784 27.749
 63    48.691 54423.66984639 33.21  84.733258  25.729617 31.304
 63    48.654 54423.66984703 49.53  84.732418  25.732907 31.304
 64    47.636 54458.66984718 34.00  84.731127  25.728895 22.566
 64    47.833 54458.66984782 41.33  84.730287  25.732185 22.566
 65    47.105 54493.66985010 29.35  84.734711  25.728321 26.800
 65    47.281 54493.66985075 38.82  84.733871  25.731621 26.800
 66    46.632 54528.66985962 29.29  84.733323  25.727986 17.751
 66    47.139 54528.66986026 35.96  84.732483  25.731276 17.751
 66    47.227 54528.66986091 37.06  84.731639  25.734563 22.038
 67    46.718 54563.66985779 28.17  84.734084  25.729640 21.363
 67    46.924 54563.66985843 40.89  84.733244  25.732930 21.363
 68    47.260 54598.66985639 36.98  84.731085  25.731246 10.704
 68    47.435 54598.66985703 40.53  84.730243  25.734537 22.133
 69    52.012 54633.66986862 31.41  84.730577  25.729311 22.584
 69    48.156 54633.66986927 43.77  84.729737  25.732601 22.584
 70    53.939 54668.66987408 46.71  84.730608  25.731402 39.550
 70    53.968 54668.66987472 42.54  84.729768  25.734692 39.550
 71    55.335 54703.66983834 33.89  84.735387  25.729095 40.374
 71    54.861 54703.66983898 27.82  84.734547  25.732385 40.374
 72    53.806 54738.66983593 33.93  84.730363  25.730598 26.281
 72    53.752 54738.66983657 25.01  84.729523  25.733888 26.281
 73    49.458 54773.66981878 46.26  84.734958  25.728269 35.144
 73    49.487 54773.66981942 51.42  84.734118  25.731559 35.144
 74    48.470 54808.66982927 48.76  84.728870  25.731053 21.257
 74    48.455 54808.66982992 49.37  84.728033  25.734340 28.491
 75    47.921 54843.66981749 45.72  84.732851  25.730889 32.129
 75    47.742 54843.66981813 46.56  84.732011  25.734189 32.129
 76    47.720 54878.66983224 42.67  84.729535  25.731075 23.663
 76    47.544 54878.66983288 52.23  84.728695  25.734365 23.663
 77    47.338 54913.66982107 40.61  84.732509  25.729590 24.490
 77    47.720 54913.66982172 46.16  84.731669  25.732880 24.490
 78    47.219 54948.66982469 33.14  84.729361  25.729642 22.703
 78    47.006 54948.66982534 48.56  84.728521  25.732932 22.703
 79    47.165 54983.66985004 34.13  84.729795  25.729907 18.319
 79    47.156 54983.66985068 50.20  84.728953  25.733197 19.101
 80    47.831 55018.66984636 33.56  84.733196  25.728082 22.047
 80    47.811 55018.66984701 36.91  84.732356  25.731372 22.047
 80    47.859 55018.66984765 40.81  84.731516  25.734672 22.047
 81    51.378 55053.66984275 24.70  84.733644  25.729727 12.222
 81    51.208 55053.66984339 25.64  84.732804  25.733027 12.222
 82    52.719 55088.66980401 39.57  84.733824  25.728629 32.318
 82    52.722 55088.66980466 41.34  84.732984  25.731919 32.318
 83    51.912 55123.66977921 39.78  84.731813  25.731002 26.860
 83    51.778 55123.66977985 34.12  84.730969  25.734290 26.273
 84    49.197 55158.66976497 46.19  84.732065  25.731159 29.129
 84    49.145 55158.66976561 48.62  84.731225  25.734449 29.129
 85    48.053 55193.66976917 45.02  84.729581  25.729511 22.000
 85    47.970 55193.66976982 44.92  84.728734  25.732799 24.808
 86    48.045 55228.66976640 47.64  84.733164  25.728539 28.611
 86    48.018 55228.66976705 40.72  84.732324  25.731829 28.611
 87    47.538 55263.66976431 45.54  84.732088  25.730868 19.799
 87    47.573 55263.66976495 38.12  84.731246  25.734155 19.476
 88    47.251 55298.66975001 49.78  84.734688  25.728675 22.166
 88    47.311 55298.66975065 47.43  84.733848  25.731965 22.166
 89    47.871 55333.66974321 24.02  84.730841  25.730922  8.715
 89    48.219 55333.66974386 23.25  84.730001  25.734212  8.715
 90    47.207 55368.66973394 27.31  84.733416  25.729298 12.319
 90    47.228 55368.66973459 33.08  84.732576  25.732588 12.319
 91    51.082 55403.66975009 23.39  84.731284  25.728880 14.832
 91    51.280 55403.66975074 28.47  84.730444  25.732170 14.832
 92    53.915 55438.66975247 24.53  84.734203  25.730218 28.697
 92    53.890 55438.66975312 27.15  84.733363  25.733518 28.697
 93    53.989 55473.66969921 42.01  84.735793  25.728262 36.768
 93    53.832 55473.66969986 40.15  84.734953  25.731552 36.768
