-239847.125   -11.597     0.00    2.50
-239471.601   -11.604    -0.02    2.29
-239096.064   -11.636    -0.09    1.84
-238720.515   -11.068     1.51    2.20
-238344.953   -10.435     1.69    2.28
-237969.378    -9.728     1.88    2.33
-237593.790    -9.386     0.91    2.34
-237218.190    -9.620    -0.62    1.92
-236842.577   -10.095    -1.26    1.72
-236466.951   -10.044     0.14    1.89
-236091.313    -9.923     0.32    2.03
-235715.662    -9.460     1.23    2.31
-235339.998    -9.362     0.26    2.44
-234964.321    -9.495    -0.36    2.16
-234588.631    -9.944    -1.19    2.31
-234212.929    -9.568     1.00    2.92
-233837.214    -8.777     2.11    3.04
-233461.486    -9.069    -0.78    2.85
-233085.746    -8.945     0.33    2.45
-232709.992    -8.520     1.13    2.51
-232334.226    -7.160     3.62    2.92
-231958.448    -6.097     2.83    2.31
-231582.656    -5.996     0.27    2.24
-231206.852    -5.970     0.07    2.10
-230831.034    -6.354    -1.02    2.18
-230455.205    -6.770    -1.11    2.09
-230079.362    -7.559    -2.10    2.36
-229703.506    -8.338    -2.07    2.55
-229327.638    -8.801    -1.23    2.45
-228951.757    -9.320    -1.38    2.10
-228575.863    -8.770     1.46    2.43
-228199.956    -8.389     1.01    2.39
-227824.037    -8.401    -0.03    2.54
-227448.104    -8.973    -1.52    2.69
-227072.159    -9.362    -1.03    2.66
-226696.201   -10.330    -2.57    2.18
-226320.230   -10.405    -0.20    2.35
-225944.247   -10.435    -0.08    2.51
-225568.250   -10.362     0.19    2.61
-225192.241   -10.508    -0.39    2.33
-224816.219   -10.801    -0.78    1.90
-224440.184   -10.945    -0.38    2.02
-224064.136   -11.345    -1.06    2.09
-223688.076   -11.470    -0.33    1.96
-223312.002   -11.759    -0.77    1.93
-222935.916   -12.068    -0.82    1.75
-222559.817   -10.925     3.04    2.71
-222183.705    -9.557     3.64    2.91
-221807.580    -7.970     4.22    3.26
-221431.442    -7.570     1.06    2.86
-221055.291    -7.765    -0.52    3.01
-220679.128    -7.947    -0.49    3.04
-220302.952    -8.728    -2.07    2.35
-219926.763    -9.195    -1.24    2.44
-219550.560    -9.923    -1.93    2.18
-219174.345   -10.845    -2.45    1.96
-218798.118   -11.338    -1.31    2.49
-218421.877   -11.533    -0.52    2.33
-218045.623   -11.167     0.97    2.56
-217669.357   -10.094     2.85    3.13
-217293.077    -9.678     1.10    2.75
-216916.785   -10.044    -0.97    2.47
-216540.480   -10.251    -0.55    2.15
-216164.162   -10.801    -1.46    2.27
-215787.831   -10.401     1.06    2.12
-215411.487   -10.585    -0.49    1.93
-215035.130   -10.114     1.25    2.03
-214658.760   -10.046     0.18    2.27
-214282.378   -10.306    -0.69    2.33
-213905.982   -10.520    -0.57    2.09
-213529.573   -10.995    -1.26    1.79
-213153.152   -10.589     1.08    2.05
-212776.718   -10.389     0.53    2.17
-212400.270   -10.092     0.79    2.15
-212023.810    -9.997     0.25    2.16
-211647.337   -10.289    -0.78    2.04
-211270.851   -11.020    -1.94    1.99
-210894.352   -11.354    -0.89    1.91
-210517.840   -11.663    -0.82    2.05
-210141.315   -11.354     0.82    2.19
-209764.777   -11.163     0.51    2.02
-209388.226   -10.473     1.83    2.28
-209011.662    -9.636     2.22    2.15
-208635.085    -8.997     1.70    2.12
-208258.495    -8.795     0.53    2.15
-207881.892    -8.687     0.29    2.09
-207505.276    -8.142     1.45    2.36
-207128.648    -7.620     1.39    2.45
-206752.006    -7.895    -0.73    2.28
-206375.351    -8.220    -0.86    2.23
-205998.683    -8.825    -1.61    2.15
-205622.003    -9.687    -2.29    1.54
-205245.309    -9.616     0.19    1.64
-204868.602    -9.370     0.65    1.93
-204491.883    -9.094     0.73    1.82
-204115.150    -9.435    -0.91    2.14
-203738.404   -10.068    -1.68    2.22
-203361.645   -10.270    -0.54    1.86
-202984.874   -10.806    -1.42    1.82
-202608.089   -11.045    -0.63    1.67
-202231.291   -11.435    -1.04    1.82
-201854.480   -11.695    -0.69    1.53
-201477.656   -11.362     0.88    1.64
-201100.819   -10.801     1.49    1.84
-200723.970   -10.679     0.32    1.77
-200347.107   -10.606     0.19    1.82
-199970.231   -10.845    -0.64    1.75
-199593.342   -10.711     0.36    1.60
-199216.439   -11.195    -1.29    1.81
-198839.524   -11.874    -1.80    2.08
-198462.596   -13.259    -3.67    2.30
-198087.495   -14.195    -2.50    1.74
-197713.140   -13.735     1.23    2.11
-197338.773   -12.841     2.39    2.46
-196964.393   -11.648     3.19    2.25
-196590.000   -10.655     2.65    1.71
-196215.594    -9.996     1.76    1.78
-195841.176    -9.830     0.44    1.86
-195466.744    -9.867    -0.10    1.87
-195092.300   -10.111    -0.65    1.87
-194717.842   -10.226    -0.30    1.34
-194343.372   -10.972    -1.99    1.43
-193968.889   -10.947     0.07    1.68
-193594.393   -10.687     0.69    1.68
-193219.884    -9.904     2.09    2.12
-192845.362    -8.863     2.78    1.82
-192470.827    -8.570     0.78    1.63
-192096.279    -8.972    -1.07    2.06
-191721.719   -10.045    -2.86    2.61
-191347.145   -11.460    -3.78    2.75
-190972.559   -12.570    -2.97    2.29
-190597.959   -13.345    -2.07    2.16
-190223.347   -12.445     2.40    2.68
-189848.722   -10.973     3.93    2.66
-189474.084    -9.801     3.13    2.38
-189099.432    -9.118     1.82    1.62
-188724.768    -9.449    -0.88    1.95
-188350.091    -9.770    -0.86    1.94
-187975.401   -10.320    -1.47    2.09
-187600.698   -10.545    -0.60    2.11
-187225.982   -11.606    -2.83    2.19
-186851.253   -11.752    -0.39    2.04
-186476.512   -10.850     2.41    2.64
-186101.757   -10.145     1.88    2.64
-185726.989    -9.652     1.32    1.98
-185352.208   -10.579    -2.47    2.43
-184977.414   -11.867    -3.44    2.31
-184602.608   -12.825    -2.56    2.19
-184227.788   -13.362    -1.43    1.77
-183852.955   -13.790    -1.14    1.20
-183478.110   -13.884    -0.25    1.21
-183103.251   -13.354     1.41    1.44
-182728.379   -12.449     2.41    1.96
-182353.495   -11.411     2.77    2.10
-181978.597   -10.895     1.37    2.24
-181603.686    -9.975     2.45    2.31
-181228.763    -9.303     1.79    2.13
-180853.826    -8.354     2.53    2.15
-180478.876    -7.655     1.86    1.81
-180103.913    -7.401     0.68    1.74
-179728.938    -7.386     0.04    1.64
-179353.949    -7.585    -0.53    1.67
-178978.947    -7.520     0.17    1.69
-178603.932    -7.645    -0.33    1.61
-178228.904    -7.703    -0.15    1.71
-177853.863    -8.120    -1.11    1.78
-177478.809    -8.338    -0.58    1.93
-177103.742    -8.850    -1.37    1.92
-176728.662    -9.520    -1.79    1.64
-176353.569    -9.850    -0.88    1.55
-175978.463    -9.703     0.39    1.66
-175603.344    -9.092     1.63    1.87
-175228.212    -8.625     1.24    1.88
-174853.066    -8.687    -0.17    1.92
-174477.908    -8.473     0.57    1.67
-174102.737    -8.645    -0.46    1.71
-173727.552    -8.320     0.87    1.84
-173352.354    -8.045     0.73    2.03
-172977.144    -7.484     1.50    2.25
-172601.920    -7.094     1.04    1.88
-172226.683    -7.330    -0.63    2.01
-171851.433    -7.777    -1.19    1.96
-171476.170    -8.277    -1.33    1.52
-171100.894    -7.834     1.18    1.71
-170725.605    -7.874    -0.11    1.31
-170350.302    -7.557     0.84    1.34
-169974.987    -7.581    -0.06    1.45
-169599.658    -6.968     1.63    1.79
-169224.317    -5.816     3.07    2.29
-168848.962    -5.097     1.91    2.58
-168473.594    -4.378     1.92    2.38
-168098.213    -3.947     1.15    2.03
-167722.819    -3.892     0.15    1.88
-167347.412    -3.384     1.35    1.98
-166971.991    -2.599     2.09    1.78
-166596.558    -3.411    -2.16    3.46
-166221.111    -5.020    -4.29    4.48
-165845.651    -6.606    -4.22    4.51
-165470.179    -7.452    -2.25    3.97
-165094.692    -8.482    -2.74    3.32
-164719.193    -8.592    -0.29    3.15
-164343.681    -8.276     0.84    2.88
-163968.155    -8.020     0.68    2.37
-163592.617    -8.386    -0.97    1.79
-163217.065    -8.545    -0.42    1.71
-162841.500    -8.806    -0.69    1.34
-162465.922    -8.670     0.36    1.23
-162090.330    -8.830    -0.42    1.19
-161714.726    -8.825     0.01    1.27
-161339.108    -8.735     0.24    1.15
-160963.477    -8.320     1.10    1.16
-160587.833    -8.167     0.41    1.22
-160212.176    -7.996     0.45    1.17
-159836.505    -7.878     0.32    1.20
-159460.821    -7.972    -0.25    1.22
-159085.125    -8.020    -0.13    1.19
-158709.415    -7.830     0.51    1.44
-158333.691    -7.687     0.38    1.54
-157957.955    -7.216     1.25    1.76
-157582.205    -6.289     2.47    1.80
-157206.442    -5.145     3.04    1.65
-156830.666    -4.094     2.80    1.68
-156454.877    -2.544     4.12    2.45
-156079.074    -1.330     3.23    2.24
-155703.259    -0.544     2.09    1.92
-155327.430     0.159     1.87    1.75
-154951.587    -0.259    -1.11    1.64
-154575.732    -0.338    -0.21    1.46
-154199.863     0.026     0.97    1.72
-153823.981     0.956     2.47    2.14
-153448.086     1.664     1.88    2.05
-153072.177     2.070     1.08    1.72
-152696.256     1.980    -0.24    1.77
-152320.321     1.053    -2.47    2.09
-151944.373     0.077    -2.59    2.07
-151568.411    -0.841    -2.44    1.94
-151192.436    -1.407    -1.50    1.47
-150816.448    -1.508    -0.27    1.32
-150440.447    -1.386     0.32    1.20
-150064.432    -1.735    -0.93    1.25
-149688.405    -2.020    -0.76    1.32
-149312.363    -2.361    -0.91    1.46
-148936.309    -2.863    -1.33    1.39
-148560.241    -3.386    -1.39    1.55
-148184.160    -4.191    -2.14    1.67
-147808.066    -4.557    -0.97    1.70
-147431.959    -4.160     1.06    1.75
-147055.838    -3.731     1.14    1.52
-146679.703    -3.745    -0.04    1.32
-146303.556    -3.592     0.41    1.45
-145927.395    -3.362     0.61    1.70
-145551.221    -3.735    -0.99    1.85
-145175.034    -4.149    -1.10    2.19
-144798.833    -5.094    -2.51    2.36
-144422.619    -6.520    -3.79    2.08
-144046.391    -7.167    -1.72    1.96
-143670.151    -7.069     0.26    1.87
-143293.897    -6.068     2.66    2.32
-142917.629    -4.460     4.27    2.63
-142541.348    -3.220     3.29    2.10
-142165.054    -2.386     2.22    1.74
-141788.747    -1.592     2.11    1.53
-141412.426    -1.211     1.01    1.52
-141036.092    -0.663     1.45    1.76
-140659.744    -0.362     0.80    1.81
-140283.384    -0.386    -0.06    2.21
-139907.009    -1.282    -2.38    2.60
-139530.622    -2.167    -2.35    2.07
-139154.221    -2.899    -1.94    1.69
-138777.806    -3.245    -0.92    1.03
-138401.379    -3.386    -0.37    1.07
-138024.938    -3.195     0.51    1.55
-137648.483    -3.020     0.46    1.57
-137272.015    -3.289    -0.71    1.88
-136895.534    -3.484    -0.52    1.61
-136519.039    -3.703    -0.58    1.66
-136142.531    -3.636     0.18    1.74
-135766.010    -3.711    -0.20    1.69
-135389.475    -3.662     0.13    2.07
-135012.927    -4.947    -3.41    2.36
-134636.365    -5.687    -1.96    2.06
-134259.790    -6.303    -1.63    1.65
-133883.202    -5.997     0.81    1.87
-133506.600    -5.867     0.35    1.68
-133129.984    -5.711     0.41    1.83
-132753.356    -4.473     3.29    2.48
-132376.714    -3.411     2.82    2.89
-132000.058    -1.788     4.31    2.65
-131623.389    -0.968     2.18    2.56
-131246.706    -1.300    -0.88    2.64
-130870.011    -2.094    -2.11    2.50
-130493.301    -3.378    -3.41    2.62
-130116.578    -4.711    -3.54    1.70
-129739.842    -4.790    -0.21    1.91
-129363.092    -4.858    -0.18    2.08
-128986.329    -4.790     0.18    2.21
-128609.553    -4.925    -0.36    2.13
-128232.762    -4.825     0.27    2.38
-127855.959    -4.251     1.52    2.47
-127479.142    -4.211     0.11    2.35
-127102.311    -4.395    -0.49    2.23
-126725.467    -4.411    -0.04    1.83
-126348.610    -4.679    -0.71    1.94
-125971.739    -5.094    -1.10    1.85
-125594.854    -5.282    -0.50    1.74
-125217.957    -5.570    -0.76    1.58
-124841.045    -5.850    -0.74    1.61
-124464.120    -5.850     0.00    1.63
-124087.182    -6.020    -0.45    1.83
-123710.230    -5.825     0.52    1.65
-123333.264    -5.533     0.78    1.96
-122958.615    -5.170     0.97    2.19
-122584.305    -5.687    -1.38    2.66
-122209.981    -6.425    -1.97    3.01
-121835.644    -7.240    -2.18    2.69
-121461.294    -7.544    -0.81    2.43
-121086.930    -7.411     0.36    2.27
-120712.553    -7.845    -1.16    2.10
-120338.163    -7.320     1.40    2.58
-119963.760    -6.092     3.28    3.10
-119589.343    -5.211     2.35    3.04
-119214.913    -4.484     1.94    2.57
-118840.469    -4.240     0.65    2.51
-118466.012    -4.145     0.25    2.54
-118091.542    -4.205    -0.16    2.99
-117717.058    -3.695     1.36    2.88
-117342.561    -3.795    -0.27    2.85
-116968.051    -5.069    -3.40    3.07
-116593.527    -6.282    -3.24    2.25
-116218.990    -6.790    -1.35    1.90
-115844.440    -6.748     0.11    1.55
-115469.876    -6.662     0.23    2.22
-115095.299    -6.782    -0.32    2.60
-114720.708    -6.735     0.13    2.61
-114346.104    -6.533     0.54    2.29
-113971.487    -5.881     1.74    2.23
-113596.856    -5.123     2.02    2.34
-113222.212    -4.225     2.40    2.41
-112847.555    -3.764     1.23    2.65
-112472.884    -3.187     1.54    2.44
-112098.200    -2.264     2.46    2.36
-111723.502    -0.431     4.89    2.42
-111348.791     0.212     1.72    2.03
-110974.066     0.427     0.57    2.09
-110599.328     0.330    -0.26    1.66
-110224.577     0.419     0.24    1.64
-109849.812     0.077    -0.91    1.87
-109475.034    -0.973    -2.80    2.08
-109100.242    -1.395    -1.13    2.05
-108725.437    -1.745    -0.93    1.66
-108350.619    -1.595     0.40    2.02
-107975.787    -1.568     0.07    1.89
-107600.941    -1.782    -0.57    1.78
-107226.083    -2.092    -0.83    1.47
-106851.210    -2.094    -0.00    1.88
-106476.325    -1.945     0.40    2.12
-106101.426    -1.508     1.17    1.75
-105726.513    -0.951     1.49    1.91
-105351.587    -0.874     0.20    1.82
-104976.647    -1.378    -1.34    2.01
-104601.694    -1.120     0.69    2.37
-104226.728    -0.899     0.59    2.58
-103851.748    -0.645     0.67    2.74
-103476.754    -0.235     1.10    2.65
-103101.747    -0.170     0.17    2.39
-102726.727    -0.092     0.21    2.32
-102351.693     0.408     1.33    2.85
-101976.646     2.126     4.58    2.86
-101601.585     3.289     3.10    3.14
-101226.510     4.672     3.69    3.20
-100851.423     5.798     3.00    2.81
-100476.321     6.980     3.15    2.04
-100101.206     7.384     1.08    1.61
 -99726.078     6.654    -1.95    2.16
 -99350.936     5.295    -3.62    2.30
 -98975.781     4.502    -2.11    2.36
 -98600.612     4.230    -0.73    2.36
 -98225.429     4.654     1.13    2.39
 -97850.233     5.813     3.09    2.02
 -97475.024     6.544     1.95    1.93
 -97099.801     7.048     1.34    1.90
 -96724.564     7.216     0.45    1.90
 -96349.314     7.199    -0.05    1.89
 -95974.050     7.028    -0.45    2.19
 -95598.773     6.687    -0.91    2.34
 -95223.482     6.096    -1.57    2.59
 -94848.178     4.851    -3.32    2.54
 -94472.860     4.313    -1.43    2.18
 -94097.529     5.003     1.84    2.42
 -93722.184     6.784     4.74    3.35
 -93346.825     8.540     4.68    2.67
 -92971.453     8.955     1.10    2.53
 -92596.067     8.205    -2.00    2.92
 -92220.668     6.858    -3.59    2.37
 -91845.255     6.793    -0.17    2.25
 -91469.829     7.146     0.94    2.29
 -91094.389     8.096     2.53    2.08
 -90718.935     8.980     2.35    1.91
 -90343.468     8.784    -0.52    1.82
 -89967.987     8.053    -1.95    2.07
 -89592.493     6.837    -3.24    2.04
 -89216.985     5.760    -2.87    1.72
 -88841.463     4.622    -3.03    1.62
 -88465.928     4.004    -1.65    1.77
 -88090.379     3.614    -1.04    1.61
 -87714.817     3.455    -0.42    1.57
 -87339.240     4.345     2.37    1.91
 -86963.651     4.955     1.62    2.11
 -86588.047     5.492     1.43    1.96
 -86212.431     5.956     1.24    1.85
 -85836.800     6.122     0.44    1.84
 -85461.156     6.003    -0.32    1.63
 -85085.498     6.108     0.28    1.40
 -84709.826     6.366     0.69    1.51
 -84334.141     7.028     1.76    1.92
 -83958.442     7.980     2.53    1.87
 -83582.730     9.199     3.25    1.97
 -83207.004     9.848     1.73    1.83
 -82831.264    10.025     0.47    1.92
 -82455.511     9.905    -0.32    1.99
 -82079.744     9.575    -0.88    1.68
 -81703.963     9.199    -1.00    1.37
 -81328.169     9.492     0.78    1.21
 -80952.360     9.866     0.99    1.35
 -80576.539    10.185     0.85    1.34
 -80200.703    10.516     0.88    1.31
 -79824.854    10.884     0.98    1.14
 -79448.991    11.355     1.25    1.00
 -79073.115    11.616     0.70    1.12
 -78697.224    11.611    -0.01    1.24
 -78321.321    11.432    -0.48    1.48
 -77945.403    10.956    -1.27    1.95
 -77569.472    10.321    -1.69    2.21
 -77193.527     9.840    -1.28    2.35
 -76817.568     9.492    -0.92    2.72
 -76441.595     9.218    -0.73    2.59
 -76065.609     7.765    -3.86    2.57
 -75689.609     6.480    -3.42    2.18
 -75313.596     5.833    -1.72    1.88
 -74937.568     6.355     1.39    2.31
 -74561.527     6.736     1.01    2.33
 -74185.472     6.280    -1.21    2.86
 -73809.404     5.077    -3.20    3.20
 -73433.322     3.321    -4.67    2.41
 -73057.225     2.099    -3.25    1.48
 -72681.116     1.906    -0.51    1.31
 -72304.992     1.741    -0.44    1.21
 -71928.855     1.833     0.24    1.57
 -71552.704     2.480     1.72    1.66
 -71176.539     2.265    -0.57    1.63
 -70800.360     2.305     0.11    1.54
 -70424.168     2.313     0.02    1.37
 -70047.962     3.146     2.21    2.06
 -69671.742     3.711     1.50    2.07
 -69295.508     3.905     0.51    1.89
 -68919.261     3.789    -0.31    1.63
 -68542.999     4.101     0.83    1.78
 -68166.724     3.760    -0.91    1.51
 -67790.436     3.180    -1.54    1.73
 -67414.133     2.565    -1.63    1.48
 -67037.816     2.672     0.28    1.42
 -66661.486     3.075     1.07    1.48
 -66285.142     3.297     0.59    1.46
 -65908.784     3.146    -0.40    1.46
 -65532.413     2.813    -0.89    1.46
 -65156.027     2.374    -1.17    1.24
 -64779.628     2.298    -0.20    1.25
 -64403.215     2.443     0.39    1.14
 -64026.788     2.516     0.19    1.00
 -63650.347     3.004     1.30    1.39
 -63273.892     3.243     0.63    1.67
 -62897.424     3.002    -0.64    1.86
 -62520.942     2.364    -1.69    1.84
 -62144.446     1.687    -1.80    1.57
 -61767.936     0.956    -1.94    1.42
 -61391.412     0.518    -1.16    1.31
 -61014.874     0.275    -0.65    1.13
 -60638.322     0.287     0.03    1.00
 -60261.757     0.099    -0.50    0.97
 -59885.178     0.049    -0.13    1.12
 -59508.585    -0.145    -0.52    1.18
 -59131.978    -0.339    -0.51    1.22
 -58755.357    -0.257     0.22    1.48
 -58378.722     0.049     0.81    1.68
 -58002.073     0.289     0.64    1.75
 -57625.411     0.551     0.70    1.38
 -57248.734     0.411    -0.37    1.26
 -56872.044     0.851     1.17    1.84
 -56495.340     1.337     1.29    2.59
 -56118.622     2.194     2.28    2.96
 -55741.890     1.837    -0.95    3.22
 -55365.144     2.194     0.95    3.32
 -54988.384     1.415    -2.07    3.39
 -54611.610     0.670    -1.98    3.17
 -54234.823    -0.045    -1.90    2.12
 -53858.021     0.289     0.89    2.57
 -53481.206     1.884     4.23    2.93
 -53104.376     3.205     3.50    2.85
 -52727.533     3.514     0.82    2.38
 -52350.676     2.405    -2.94    2.36
 -51973.805     1.345    -2.81    2.40
 -51596.920     1.272    -0.19    2.36
 -51220.020     1.394     0.32    2.38
 -50843.107     2.003     1.62    2.31
 -50466.181     1.906    -0.26    1.98
 -50089.240     1.687    -0.58    1.83
 -49712.285     1.789     0.27    1.93
 -49335.316     2.051     0.69    1.94
 -48958.333     2.003    -0.13    1.94
 -48581.336     1.514    -1.30    1.98
 -48204.399     0.736    -2.07    1.73
 -47830.153     0.730    -0.02    1.32
 -47455.894     1.051     0.86    1.61
 -47081.621     1.375     0.87    1.65
 -46707.335     1.607     0.62    2.28
 -46333.034     1.932     0.87    2.57
 -45958.720     2.527     1.59    2.80
 -45584.392     3.175     1.73    2.99
 -45210.051     4.027     2.28    3.00
 -44835.695     5.199     3.13    3.44
 -44461.326     6.809     4.30    3.57
 -44086.943     7.860     2.81    3.85
 -43712.546     7.614    -0.66    4.12
 -43338.135     6.580    -2.76    4.80
 -42963.711     7.241     1.77    5.64
 -42589.273     9.005     4.71    6.01
 -42214.821    11.146     5.72    6.52
 -41840.355    14.241     8.27    7.68
 -41465.875    17.538     8.80    7.81
 -41091.382    19.599     5.50    7.28
 -40716.874    17.480    -5.66    7.05
 -40342.353    13.525   -10.56    7.17
 -39967.818     9.255   -11.40    4.98
 -39593.270     7.646    -4.29    4.11
 -39218.707     6.527    -2.99    4.12
 -38844.131     5.569    -2.56    4.35
 -38469.540     4.252    -3.52    3.84
 -38094.936     2.611    -4.38    1.75
 -37720.318     2.370    -0.64    1.51
 -37345.686     2.480     0.29    1.31
 -36971.041     2.736     0.68    1.28
 -36596.381     2.866     0.35    1.24
 -36221.708     2.672    -0.52    1.20
 -35847.021     2.622    -0.13    1.10
 -35472.320     3.051     1.14    1.37
 -35097.605     3.456     1.08    1.40
 -34722.876     3.718     0.70    1.50
 -34348.133     3.630    -0.24    1.46
 -33973.376     3.906     0.74    2.17
 -33598.606     4.230     0.86    2.26
 -33223.822     4.370     0.37    2.00
 -32849.023     4.150    -0.59    1.60
 -32474.211     3.956    -0.52    1.47
 -32099.385     4.126     0.45    1.92
 -31724.545     4.119    -0.02    2.19
 -31349.691     5.265     3.06    2.55
 -30974.824     6.705     3.84    2.96
 -30599.942     6.736     0.08    2.93
 -30225.046     6.551    -0.49    3.10
 -29850.137     5.223    -3.54    3.08
 -29475.214     3.432    -4.78    1.84
 -29100.276     2.789    -1.71    1.33
 -28725.325     2.370    -1.12    1.28
 -28350.360     2.175    -0.52    1.21
 -27975.381     2.122    -0.14    1.05
 -27600.388     2.077    -0.12    0.97
 -27225.381     2.272     0.52    0.93
 -26850.360     2.175    -0.26    1.10
 -26475.325     2.055    -0.32    1.10
 -26100.276     2.259     0.54    1.05
 -25725.213     2.492     0.62    1.39
 -25350.136     2.789     0.79    1.64
 -24975.046     3.765     2.60    2.12
 -24599.941     4.860     2.92    2.50
 -24224.823     7.352     6.64    3.92
 -23849.690     9.313     5.23    3.88
 -23474.543    10.002     1.84    3.86
 -23099.383    10.384     1.02    3.85
 -22724.208     9.980    -1.08    3.11
 -22349.020    10.360     1.02    2.63
 -21973.817    10.877     1.38    2.47
 -21598.601    11.593     1.91    2.38
 -21223.370    12.697     2.94    2.87
 -20848.126    14.456     4.69    3.76
 -20472.867    17.175     7.25    5.10
 -20097.595    26.133    23.87   17.91
 -19722.308    36.230    26.90   22.28
 -19347.008    45.690    25.21   22.90
 -18971.693    48.931     8.63   20.76
 -18596.365    47.408    -4.06   22.20
 -18221.022    42.955   -11.86   25.71
 -17845.666    27.980   -39.90   22.94
 -17470.295    16.749   -29.92   16.28
 -17094.910     8.694   -21.46    4.73
 -16719.512     5.694    -7.99    3.01
 -16344.099     3.741    -5.20    2.51
 -15968.672     2.516    -3.26    1.52
 -15593.232     2.405    -0.30    1.53
 -15217.777     2.394    -0.03    1.72
 -14842.308     2.540     0.39    1.86
 -14466.825     2.170    -0.99    1.76
 -14091.328     1.908    -0.70    1.61
 -13715.817     1.599    -0.82    1.51
 -13340.292     1.551    -0.13    1.48
 -12964.752     1.561     0.03    1.42
 -12589.199     1.199    -0.96    1.27
 -12213.632     1.565     0.97    1.28
 -11838.050     1.687     0.32    1.21
 -11462.455     1.718     0.08    1.38
 -11086.845     1.503    -0.57    1.55
 -10711.222     1.551     0.13    1.81
 -10335.584     1.931     1.01    2.06
  -9959.932     2.680     1.99    2.13
  -9584.266     3.551     2.32    2.41
  -9208.586     4.575     2.73    2.93
  -8832.892     5.053     1.27    2.43
  -8457.183     6.099     2.78    2.59
  -8081.461     6.730     1.68    2.45
  -7705.724     7.380     1.73    2.55
  -7329.974     8.027     1.72    2.60
  -6954.209     8.516     1.30    2.85
  -6578.430     8.931     1.10    3.95
  -6202.637     9.833     2.40    5.46
  -5826.830    10.155     0.86    5.85
  -5451.009    11.910     4.67    5.83
  -5075.173    13.185     3.39    4.93
  -4699.324    13.456     0.72    4.63
  -4323.460    11.956    -3.99    5.64
  -3947.582    10.075    -5.00    6.26
  -3571.690     7.491    -6.87    6.13
  -3195.784     5.716    -4.72    4.94
  -2819.863     4.366    -3.59    3.31
  -2443.929     3.622    -1.98    2.95
  -2067.980     3.575    -0.13    3.28
  -1692.017     4.027     1.20    4.16
  -1316.040     4.032     0.01    4.49
   -940.049     3.548    -1.29    4.40
   -564.044     2.774    -2.06    4.14
   -188.024     2.189    -1.56    3.56
    188.010     2.384     0.52    3.44
    564.058     2.390     0.01    3.13
    940.120     3.116     1.93    3.31
   1316.196     3.492     1.00    3.31
   1692.287     3.882     1.04    3.39
   2068.392     4.218     0.89    3.46
   2444.511     4.662     1.18    3.36
   2820.644     5.343     1.81    3.33
   3196.791     6.137     2.11    3.41
   3572.953     7.194     2.81    5.80
   3949.129    11.724    12.04   14.04
   4325.319    13.370     4.38   15.36
   4701.523    15.793     6.44   18.94
   5077.742    14.313    -3.94   15.94
   5453.974    11.646    -7.09   14.41
   5830.221    10.765    -2.34   14.07
   6206.483     6.813   -10.50    8.77
   6582.758     3.741    -8.16    3.87
   6959.048     2.805    -2.49    2.83
   7335.352     2.760    -0.12    2.89
   7711.670     3.330     1.51    2.74
   8088.003     4.175     2.25    2.77
   8464.350     5.345     3.11    3.02
   8840.711     6.146     2.13    3.36
   9217.086     6.199     0.14    3.74
   9593.476     7.860     4.41    5.86
   9969.880     9.443     4.20    7.79
  10346.298    14.886    14.46   14.54
  10722.730    34.313    51.61   46.80
  11099.177    45.793    30.50   57.55
  11475.638    50.189    11.68   60.07
  11852.114    40.175   -26.60   52.90
  12228.603    17.830   -59.35   20.93
  12605.107     8.175   -25.64    8.21
  12981.625     5.398    -7.37    4.19
  13358.158     5.599     0.53    4.66
  13734.705     6.003     1.07    5.12
  14111.266     7.805     4.78    7.69
  14487.842     7.638    -0.44    6.65
  14864.432     7.305    -0.88    6.40
  15241.036     6.051    -3.33    4.40
  15617.654     4.622    -3.79    2.93
  15994.287     4.289    -0.89    2.73
  16370.934     4.370     0.21    2.84
  16747.596     4.830     1.22    1.98
  17124.272     5.265     1.16    2.17
  17500.962     4.565    -1.86    2.69
  17877.667     3.384    -3.13    3.15
  18254.386     2.053    -3.53    2.58
  18631.119     1.980    -0.19    2.30
  19007.867     2.884     2.40    2.41
  19384.629     3.330     1.18    2.39
  19761.405     3.027    -0.80    2.53
  20138.196     2.241    -2.09    2.74
  20515.001     1.194    -2.78    2.14
  20891.820     0.718    -1.26    1.91
  21268.654     0.338    -1.01    1.27
  21645.503     0.694     0.94    1.88
  22022.365     1.241     1.45    2.31
  22399.242     1.817     1.53    2.70
  22776.134     2.075     0.68    3.05
  23153.040     1.690    -1.02    2.88
  23529.960     1.957     0.71    2.89
  23906.895     2.736     2.07    3.80
  24283.844     3.607     2.31    3.95
  24660.808     4.638     2.73    4.03
  25037.785     6.111     3.91    3.19
  25414.778     6.070    -0.11    2.41
  25791.785     5.880    -0.51    1.45
  26168.806     5.360    -1.38    1.34
  26545.842     4.882    -1.27    1.16
  26922.383     4.877    -0.01    1.17
  27296.574     5.275     1.06    1.44
  27670.780     5.826     1.47    1.79
  28044.999     5.980     0.41    1.68
  28419.233     5.933    -0.12    1.85
  28793.481     5.711    -0.59    1.79
  29167.744     5.480    -0.62    1.77
  29542.020     4.954    -1.40    1.94
  29916.311     3.817    -3.04    2.53
  30290.616     2.575    -3.32    2.19
  30664.935     2.360    -0.57    2.04
  31039.269     2.694     0.89    2.05
  31413.617     3.345     1.74    2.05
  31787.979     4.142     2.13    2.05
  32162.355     4.730     1.57    2.03
  32536.746     5.370     1.71    1.80
  32911.150     5.837     1.25    1.89
  33285.570     5.687    -0.40    1.86
  33660.003     5.051    -1.70    1.87
  34034.450     4.654    -1.06    1.61
  34408.912     5.004     0.93    2.34
  34783.388     5.575     1.52    2.64
  35157.879     6.049     1.27    2.54
  35532.384     6.480     1.15    2.76
  35906.903     5.910    -1.52    2.65
  36281.436     5.480    -1.15    1.98
  36655.984     5.218    -0.70    2.01
  37030.545     4.614    -1.61    1.51
  37405.122     4.419    -0.52    1.53
  37779.712     4.321    -0.26    1.46
  38154.317     4.223    -0.26    1.48
  38528.936     4.126    -0.26    1.73
  38903.569     4.146     0.05    1.81
  39278.217     4.384     0.64    1.90
  39652.879     4.718     0.89    2.07
  40027.556     5.056     0.90    2.04
  40402.246     5.305     0.66    2.19
  40776.951     5.906     1.60    2.20
  41151.671     6.265     0.96    2.31
  41526.405     6.565     0.80    2.14
  41901.153     7.058     1.32    1.95
  42275.915     6.934    -0.33    2.16
  42650.692     7.262     0.87    2.10
  43025.483     6.694    -1.51    2.21
  43400.289     6.538    -0.42    2.20
  43775.108     6.101    -1.16    1.81
  44149.943     6.593     1.31    2.10
  44524.791     6.822     0.61    2.10
  44899.654     6.934     0.30    2.19
  45274.531     6.760    -0.46    2.17
  45649.423     6.538    -0.59    2.04
  46024.329     6.337    -0.54    1.46
  46399.250     6.338     0.00    1.31
  46774.185     6.911     1.53    1.76
  47149.134     7.056     0.39    1.80
  47524.097     7.003    -0.14    1.98
  47899.075     6.736    -0.71    2.17
  48274.068     6.516    -0.59    2.23
  48649.075     6.093    -1.13    2.08
  49024.096     5.611    -1.29    1.44
  49399.132     5.884     0.73    1.45
  49774.182     6.375     1.31    1.61
  50149.246     6.711     0.90    1.88
  50524.325     7.551     2.24    2.19
  50899.419     7.518    -0.09    2.06
  51274.526     7.408    -0.29    2.01
  51649.649     7.077    -0.88    1.53
  52024.785     7.741     1.77    1.97
  52399.936     9.099     3.62    2.43
  52775.102     9.789     1.84    2.30
  53150.282    10.297     1.35    2.30
  53525.476     9.956    -0.91    2.56
  53900.685     9.345    -1.63    2.41
  54275.909     9.305    -0.11    2.40
  54651.146     9.575     0.72    2.44
  55026.399     9.320    -0.68    2.21
  55401.666     9.305    -0.04    1.94
  55776.947     9.345     0.11    1.80
  56152.242     9.505     0.42    1.62
  56527.553    10.101     1.59    1.94
  56902.877    10.468     0.98    2.32
  57278.216    10.408    -0.16    2.51
  57653.570     9.718    -1.84    2.14
  58028.938    10.184     1.24    2.21
  58404.321     9.765    -1.12    2.24
  58779.718     9.789     0.06    2.39
  59155.130     9.565    -0.60    2.18
  59530.556     9.150    -1.10    1.92
  59905.996     9.527     1.00    2.20
  60281.452     9.789     0.70    2.07
  60656.921    10.223     1.16    1.84
  61032.406    10.241     0.05    1.73
  61407.904     9.749    -1.31    1.29
  61783.418     9.599    -0.40    1.27
  62158.945     9.622     0.06    1.28
  62534.488     9.607    -0.04    1.33
  62910.045     9.860     0.67    1.40
  63285.616    10.611     2.00    1.60
  63661.202    10.911     0.80    1.52
  64036.802    11.248     0.90    1.32
  64412.418    11.575     0.87    1.53
  64788.047    11.833     0.69    1.31
  65163.691    12.056     0.59    1.40
  65539.350    12.116     0.16    1.29
  65915.023    12.056    -0.16    1.09
  66290.711    12.551     1.32    1.25
  66666.414    12.677     0.34    1.44
  67042.131    12.955     0.74    1.58
  67417.862    13.480     1.40    1.70
  67793.609    13.506     0.07    1.59
  68169.369    13.934     1.14    1.52
  68545.145    14.527     1.58    1.48
  68920.935    14.747     0.58    1.43
  69296.739    14.840     0.25    1.44
  69672.559    15.031     0.51    1.64
  70048.392    15.002    -0.08    1.55
  70424.241    15.005     0.01    1.53
  70800.104    14.622    -1.02    1.53
  71175.982    14.248    -1.00    1.43
  71551.874    14.380     0.35    1.43
  71927.781    14.457     0.21    1.39
  72303.702    14.427    -0.08    1.45
  72679.638    14.443     0.04    1.66
  73055.589    14.670     0.60    1.70
  73431.555    14.614    -0.15    1.84
  73807.535    14.468    -0.39    1.76
  74183.529    14.492     0.07    1.47
  74559.539    14.765     0.73    1.42
  74935.563    15.265     1.33    1.38
  75311.601    15.694     1.14    1.24
  75687.655    15.718     0.06    1.31
  76063.723    16.255     1.43    1.48
  76439.805    16.432     0.47    1.67
  76815.903    16.405    -0.07    1.77
  77192.015    15.980    -1.13    1.62
  77568.141    15.313    -1.77    1.97
  77944.283    15.337     0.06    1.57
  78320.439    15.456     0.32    1.45
  78696.610    15.646     0.51    1.37
  79072.795    15.527    -0.32    1.29
  79448.995    15.502    -0.07    1.45
  79825.210    15.670     0.45    1.28
  80201.440    16.051     1.01    1.28
  80577.684    16.073     0.06    1.23
  80953.943    16.248     0.47    1.32
  81330.217    16.380     0.35    1.41
  81706.505    16.432     0.14    1.38
  82082.808    16.817     1.02    1.60
  82459.126    17.119     0.80    1.63
  82835.458    17.289     0.45    1.55
  83211.806    17.345     0.15    1.24
  83588.168    17.503     0.42    1.17
  83964.545    17.700     0.52    1.49
  84340.936    17.908     0.55    1.57
  84717.342    17.622    -0.76    1.64
  85093.763    17.289    -0.89    1.55
  85470.199    16.860    -1.14    1.23
  85846.650    16.711    -0.40    0.98
  86223.115    17.370     1.75    1.55
  86599.595    17.622     0.67    1.54
  86976.090    17.955     0.88    1.41
  87352.599    18.421     1.24    1.55
  87729.124    18.272    -0.40    1.21
  88105.663    18.194    -0.21    1.44
  88482.217    18.004    -0.50    1.49
  88858.785    17.467    -1.43    1.00
  89235.369    17.370    -0.26    0.86
  89611.967    17.646     0.73    1.00
  89988.580    17.980     0.89    1.04
  90365.208    18.589     1.62    1.39
  90741.851    19.305     1.90    2.13
  91118.508    20.077     2.05    2.35
  91495.181    20.289     0.56    2.26
  91871.868    20.408     0.32    1.81
  92248.570    20.680     0.72    1.92
  92625.287    21.048     0.98    2.13
  93002.018    21.805     2.01    2.24
  93378.765    22.360     1.48    2.26
  93755.526    22.932     1.52    2.31
  94132.302    23.297     0.97    2.31
  94509.093    23.275    -0.06    1.94
  94885.899    23.236    -0.10    2.04
  95262.719    22.677    -1.48    2.41
  95639.555    22.289    -1.03    2.30
  96016.405    22.049    -0.64    2.42
  96393.270    22.468     1.11    2.27
  96770.150    22.374    -0.25    2.25
  97147.045    22.161    -0.56    2.40
  97523.955    22.540     1.01    2.25
  97900.880    22.700     0.42    2.20
  98277.819    23.146     1.18    2.39
  98654.774    23.585     1.16    2.30
  99031.743    23.366    -0.58    2.15
  99408.727    23.355    -0.03    1.96
  99785.726    23.575     0.58    1.80
 100162.740    23.813     0.63    1.50
 100539.769    23.928     0.31    1.57
 100916.813    23.639    -0.77    1.71
 101293.872    23.159    -1.27    1.71
 101670.945    23.146    -0.03    1.96
 102047.089    23.142    -0.01    2.03
 102421.237    23.155     0.03    1.72
 102795.400    23.820     1.78    1.95
 103169.578    24.401     1.55    2.10
 103543.770    24.911     1.37    2.05
 103917.976    25.421     1.36    1.96
 104292.198    25.328    -0.25    1.74
 104666.434    25.700     0.99    1.83
 105040.685    25.415    -0.76    2.04
 105414.950    24.889    -1.41    2.04
 105789.231    24.380    -1.36    2.02
 106163.526    23.837    -1.45    1.70
 106537.835    23.646    -0.51    1.36
 106912.160    23.882     0.63    1.39
 107286.499    24.026     0.38    1.34
 107660.852    24.159     0.36    1.48
 108035.221    24.432     0.73    1.60
 108409.604    24.833     1.07    1.62
 108784.002    25.027     0.52    1.51
 109158.415    24.932    -0.25    1.27
 109532.842    25.003     0.19    1.14
 109907.284    24.858    -0.39    1.05
 110281.741    25.099     0.64    1.33
 110656.213    25.004    -0.25    1.41
 111030.699    25.212     0.56    1.69
 111405.201    25.146    -0.18    1.82
 111779.717    24.793    -0.94    1.56
 112154.247    24.793     0.00    1.37
 112528.793    24.956     0.43    1.30
 112903.353    25.255     0.80    1.40
 113277.928    25.575     0.86    1.40
 113652.518    25.886     0.83    1.54
 114027.122    26.075     0.50    1.57
 114401.742    26.194     0.32    1.46
 114776.376    26.360     0.44    1.45
 115151.025    26.360     0.00    1.50
 115525.688    26.077    -0.76    1.28
 115900.367    26.321     0.65    1.39
 116275.060    26.930     1.62    1.52
 116649.768    27.218     0.77    1.16
 117024.491    27.718     1.33    1.36
 117399.229    28.003     0.76    1.32
 117773.982    28.122     0.32    1.30
 118148.749    28.236     0.30    1.27
 118523.531    28.275     0.10    1.41
 118898.328    28.370     0.25    1.38
 119273.140    28.565     0.52    1.38
 119647.967    28.408    -0.42    1.21
 120022.808    28.858     1.20    1.60
 120397.665    29.116     0.69    1.50
 120772.536    29.390     0.73    1.58
 121147.422    29.491     0.27    1.74
 121522.323    29.700     0.56    1.79
 121897.239    29.654    -0.12    1.77
 122272.169    30.025     0.99    1.82
 122647.115    29.716    -0.82    1.80
 123022.075    29.934     0.58    1.75
 123397.050    29.880    -0.15    1.37
 123772.041    30.093     0.57    1.35
 124147.046    30.575     1.28    1.67
 124522.065    31.005     1.15    1.71
 124897.100    31.139     0.36    1.67
 125272.150    30.874    -0.70    1.74
 125647.214    31.218     0.92    1.91
 126022.294    31.677     1.23    1.96
 126397.388    31.860     0.49    1.81
 126772.497    31.866     0.01    1.54
 127147.622    31.749    -0.31    1.51
 127522.761    32.048     0.80    1.95
 127897.915    32.289     0.64    1.98
 128273.083    32.360     0.19    1.94
 128648.267    32.503     0.38    1.93
 129023.466    31.855    -1.73    1.74
 129398.680    31.480    -1.00    1.21
 129773.908    31.605     0.33    1.46
 130149.152    31.646     0.11    1.41
 130524.410    31.956     0.82    1.39
 130899.684    31.711    -0.65    1.38
 131274.972    31.527    -0.49    1.35
 131650.275    31.551     0.06    1.35
 132025.593    31.980     1.14    1.51
 132400.927    32.122     0.38    1.63
 132776.275    32.352     0.61    1.73
 133151.638    32.760     1.09    1.57
 133527.016    32.527    -0.62    1.48
 133902.409    33.003     1.27    1.60
 134277.817    33.126     0.33    1.70
 134653.240    33.480     0.94    1.76
 135028.678    34.408     2.47    1.78
 135404.131    34.259    -0.40    1.89
 135779.599    34.207    -0.14    1.87
 136155.082    34.631     1.13    1.80
 136530.580    34.503    -0.34    1.74
 136906.093    34.955     1.20    1.64
 137281.621    34.687    -0.71    1.54
 137657.164    34.840     0.41    1.60
 138032.722    35.049     0.56    1.53
 138408.295    35.456     1.08    1.63
 138783.883    36.343     2.36    1.98
 139159.486    36.980     1.69    1.95
 139535.104    37.432     1.20    1.74
 139910.738    37.575     0.38    1.61
 140286.386    37.551    -0.06    1.43
 140662.049    37.551     0.00    1.48
 141037.727    37.956     1.08    1.88
 141413.420    38.467     1.36    1.79
 141789.129    38.789     0.86    1.64
 142164.852    38.880     0.24    1.53
 142540.591    38.622    -0.68    1.56
 142916.344    38.741     0.32    2.14
 143292.113    39.073     0.88    2.15
 143667.896    39.337     0.70    2.16
 144043.695    40.030     1.84    2.24
 144419.509    39.957    -0.19    1.93
 144795.338    40.345     1.03    2.09
 145171.182    40.218    -0.34    2.21
 145547.041    40.146    -0.19    2.23
 145922.915    40.280     0.35    2.19
 146298.804    40.048    -0.62    2.03
 146674.708    40.287     0.64    2.30
 147050.628    41.384     2.92    2.61
 147426.562    41.282    -0.27    2.70
 147802.512    41.328     0.12    2.56
 148178.476    41.389     0.16    2.59
 148554.456    40.903    -1.29    2.19
 148930.451    40.820    -0.22    2.17
 149306.461    40.694    -0.34    1.89
 149682.486    40.956     0.70    1.67
 150058.527    41.670     1.90    1.63
 150434.582    42.111     1.17    1.49
 150810.653    42.684     1.52    1.79
 151186.739    43.287     1.60    2.02
 151562.839    43.860     1.52    2.05
 151938.955    44.631     2.05    2.21
 152315.087    45.338     1.88    2.07
 152691.233    45.639     0.80    1.78
 153067.394    45.903     0.70    1.36
 153443.571    46.142     0.64    1.11
 153819.763    46.770     1.67    1.37
 154195.970    47.241     1.25    1.58
 154572.192    47.934     1.84    1.55
 154948.429    48.532     1.59    1.55
 155324.682    49.161     1.67    1.65
 155700.950    50.099     2.49    1.82
 156077.233    50.793     1.85    1.76
 156453.531    51.212     1.11    1.44
 156829.844    51.569     0.95    1.46
 157206.172    51.889     0.85    1.43
 157582.516    52.774     2.35    1.45
 157958.875    53.480     1.87    1.57
 158335.249    54.289     2.15    1.65
 158711.639    55.004     1.90    1.44
 159088.043    55.661     1.75    1.41
 159464.463    56.374     1.89    1.57
 159840.898    57.282     2.41    1.83
 160217.348    58.073     2.10    1.67
 160593.814    58.837     2.03    1.44
 160970.294    59.366     1.41    1.54
 161346.790    59.723     0.95    1.89
 161723.301    60.411     1.83    1.97
 162099.828    61.265     2.27    2.16
 162476.369    62.313     2.78    2.04
 162852.926    62.837     1.39    2.09
 163229.499    63.530     1.84    2.44
 163606.086    64.252     1.92    2.55
 163982.689    64.730     1.27    2.89
 164359.307    65.146     1.11    2.81
 164735.940    66.194     2.78    2.93
 165112.589    67.272     2.86    3.00
 165489.252    67.654     1.01    2.51
 165865.932    68.028     0.99    2.49
 166242.626    68.599     1.51    2.70
 166619.336    69.142     1.44    2.64
 166996.061    70.170     2.73    2.57
 167372.801    71.337     3.10    2.06
 167749.556    72.077     1.97    1.79
 168126.327    72.765     1.83    1.59
 168503.114    73.589     2.19    1.83
 168879.915    74.384     2.11    2.33
 169256.732    75.503     2.97    2.55
 169633.564    76.289     2.09    2.24
 170010.412    77.575     3.41    2.37
 170387.274    78.614     2.76    2.17
 170764.153    79.813     3.18    2.28
 171141.046    81.670     4.93    2.44
 171517.955    82.980     3.47    2.31
 171894.879    84.599     4.30    2.13
 172271.819    85.789     3.16    2.33
 172648.774    87.389     4.24    2.74
 173025.744    89.305     5.08    2.74
 173402.729    90.956     4.38    2.39
 173779.730    92.760     4.79    2.23
 174156.747    93.817     2.80    2.02
 174533.779    95.313     3.97    2.75
 174910.826    97.289     5.24    2.49
 175287.888    99.119     4.85    2.92
 175664.966   101.432     6.13    2.92
 176042.059   103.352     5.09    3.12
 176419.168   106.051     7.16    3.19
 176796.292   108.736     7.12    3.79
 177172.022   111.956     8.57    4.51
 177546.111   115.241     8.78    4.10
 177920.216   118.096     7.63    4.01
 178294.336   120.525     6.49    3.19
 178668.471   123.119     6.93    3.77
 179042.621   126.538     9.14    4.88
 179416.787   130.419    10.37    5.10
 179790.967   134.687    11.41    5.71
 180165.163   138.235     9.48    5.04
 180539.374   142.259    10.75    5.20
 180913.600   145.527     8.74    5.34
 181287.842   147.468     5.19    5.30
 181662.098   150.813     8.94    5.54
 182036.370   154.122     8.84    5.80
 182410.656   157.687     9.52    6.32
 182784.958   162.218    12.11    5.53
 183159.276   165.599     9.03    4.13
 183533.608   169.503    10.43    4.80
 183907.956   172.189     7.17    4.97
 184282.318   174.932     7.33    4.83
 184656.696   176.880     5.20    4.81
 185031.090   178.980     5.61    4.98
 185405.498   180.394     3.78    5.64
 185779.922   181.456     2.84    6.54
 186154.361   184.933     9.29    7.99
 186528.815   189.122    11.19    9.57
 186903.284   196.161    18.80   10.27
 187277.769   201.851    15.20    8.15
 187652.268   205.480     9.69   11.74
 188026.783   213.813    22.25   15.72
 188401.314   221.282    19.95   19.40
 188775.859   238.432    45.80   28.73
 189150.420   260.082    57.81   42.08
 189524.996   293.980    90.51   55.18
 189899.587   335.492   110.84   62.77
 190274.194   366.599    83.05   59.11
 190648.816   404.866   102.17   49.92
 191023.453   423.289    49.18   43.43
 191398.105   445.866    60.27   47.76
 191772.773   470.980    67.04   62.05
 192147.456   485.957    39.98   77.98
 192522.154   515.747    79.52   86.70
 192896.867   536.259    54.75   82.51
 193271.596   569.654    89.13   86.17
 193646.340   623.441   143.55   93.46
 194021.100   697.616   197.96   87.75
 194395.874   756.955   158.36   91.55
 194770.664   835.599   209.87  102.38
 195145.470   918.724   221.82  132.15
 195520.290  1004.955   230.10  133.62
 195895.126  1040.752    95.52  110.32
 196269.977  1026.056   -39.21  110.85
 196644.844   975.813  -134.05  122.70
 197019.726   900.884  -199.90  130.13
 197394.623   894.789   -16.26  121.69
 197769.536   956.432   164.45  142.26
 198144.464  1052.516   256.32  186.17
 198519.407  1176.551   330.86  153.48
 198894.366  1250.605   197.53  101.64
 199269.340  1264.170    36.18   91.36
 199644.329  1247.503   -44.45   90.67
 200019.334  1253.932    17.15   89.43
 200394.354  1263.408    25.27   94.20
 200769.389  1246.980   -43.81  108.15
 201144.440  1170.670  -203.50  164.29
 201519.506  1044.432  -336.63  198.20
 201894.588   902.747  -377.81  169.42
 202269.684   814.718  -234.72  113.32
 202644.797   768.282  -123.81  103.76
 203019.924   714.337  -143.83  124.31
 203395.068   660.747  -142.88  124.65
 203770.226   586.789  -197.17  127.02
 204145.400   547.931  -103.59  136.14
 204520.589   526.908   -56.04  137.04
 204895.794   526.468    -1.17  136.76
 205271.014   505.375   -56.22  121.37
 205646.250   466.622  -103.29  131.88
 206021.501   419.551  -125.46  141.51
 206396.767   342.932  -204.21  128.48
 206772.049   279.189  -169.88   67.84
 207147.346   293.161    37.24   84.05
 207522.659   377.654   225.16  154.08
 207897.987   484.189   283.89  170.32
 208273.330   637.166   407.63  175.37
 208648.689   773.837   364.17  129.57
 209024.064   870.027   256.30  117.80
 209399.454   930.265   160.50   93.17
 209774.859   960.456    80.43  109.33
 210150.280  1005.863   120.97  111.61
 210525.716  1046.049   107.06  107.20
 210901.168  1101.119   146.70  106.71
 211276.635  1166.218   173.41   93.23
 211652.118  1197.119    82.31  102.81
 212027.616  1230.077    87.79  108.91
 212403.129  1233.146     8.17  131.90
 212778.659  1216.565   -44.16  149.29
 213154.203  1213.080    -9.28  165.32
 213529.763  1271.142   154.63  160.17
 213905.339  1366.080   252.82  179.12
 214280.930  1492.956   337.86  155.63
 214656.537  1599.027   282.45  114.88
 215032.159  1647.770   129.79   62.12
 215407.796  1665.417    46.99   52.79
