# NaN NaN NaN ;Mean Elev.(m), Avg Gradient(m/km), RMS Gradient(m/km) - SRTM1     
#    8.678  -0.141   3.200 ;Mean Elev.(m), Avg Gradient(m/km), RMS Gradient(m/km) - ASTER GDEM
#   23.915  -0.152   1.353 ;Mean Elev.(m), Avg Gradient(m/km), RMS Gradient(m/km) - GMTED2010 
  8    26.469 52499.18387004 31.11  87.837652  25.065028 34.464
  8    26.188 52499.18387068 26.73  87.836822  25.061738 34.464
  8    26.918 52499.18387133 25.79  87.835992  25.058448 34.464
 10    23.880 52569.18388667 51.05  87.839805  25.063274 37.948
 10    23.902 52569.18388731 50.69  87.838965  25.059974 37.948
 10    23.944 52569.18388795 49.61  87.838135  25.056684 37.948
 11    24.744 52604.18387195 22.05  87.834244  25.064402 31.585
 11    26.709 52604.18387260 17.68  87.833414  25.061112 31.585
 11    27.402 52604.18387324 17.75  87.832584  25.057812 31.585
 12    23.305 52639.18385147 30.20  87.838263  25.065227 23.968
 12    23.234 52639.18385211 35.89  87.837433  25.061937 23.968
 12    23.292 52639.18385276 42.51  87.836593  25.058637 23.968
 13    23.536 52674.18384828 17.07  87.836418  25.064067 25.798
 13    25.906 52674.18384892 16.85  87.835588  25.060777 25.798
 13    26.917 52674.18384957 21.14  87.834748  25.057477 25.798
 14    23.227 52709.18386233 41.78  87.838783  25.063069 28.937
 14    23.206 52709.18386298 48.66  87.837943  25.059769 28.937
 14    23.241 52709.18386362 44.08  87.837113  25.056479 28.937
 15    25.569 52744.18389214 21.80  87.829847  25.061692 22.213
 15    23.193 52744.18389279 30.04  87.829017  25.058402 22.213
 17    26.192 52814.18391108 20.13  87.837289  25.063170 29.599
 17    26.087 52814.18391173 19.88  87.836449  25.059870 29.599
 17    29.696 52814.18391237 24.49  87.835619  25.056580 29.599
 18    25.503 52849.18396344 42.44  87.840102  25.066079 27.893
 18    25.329 52849.18396408 44.88  87.839262  25.062789 27.893
 18    25.332 52849.18396473 46.74  87.838432  25.059499 27.893
 18    25.409 52849.18396537 46.47  87.837592  25.056199 27.893
 19    27.040 52884.18399981 34.63  87.834071  25.062924 35.351
 19    26.687 52884.18400046 25.10  87.833241  25.059634 35.351
 20    27.071 52919.18395577 37.84  87.837220  25.065166 34.649
 20    26.830 52919.18395641 27.23  87.836390  25.061876 34.649
 20    26.750 52919.18395706 24.24  87.835560  25.058586 34.649
 21    24.082 52954.18391900 51.00  87.845665  25.063688 28.740
 21    24.081 52954.18391964 49.40  87.844835  25.060398 28.740
 21    24.077 52954.18392029 49.23  87.843995  25.057098 28.740
 21    24.035 52954.18392093 50.57  87.843165  25.053808 28.740
 22    23.633 52989.18392724 27.04  87.847709  25.064680 23.940
 22    24.305 52989.18392788 16.20  87.846879  25.061390 23.940
 22    25.051 52989.18392853 15.37  87.846039  25.058090 23.940
 22    26.119 52989.18392917 17.11  87.845209  25.054800 23.940
 23    23.445 53024.18391134 37.36  87.843709  25.064995 24.459
 23    23.375 53024.18391199 49.83  87.842879  25.061705 24.459
 23    23.418 53024.18391263 50.85  87.842049  25.058405 24.459
 23    23.475 53024.18391328 48.14  87.841209  25.055115 24.459
 24    23.333 53059.18390810 51.24  87.847758  25.065528 29.953
 24    23.365 53059.18390874 50.54  87.846928  25.062238 29.953
 24    23.384 53059.18390939 47.01  87.846088  25.058938 29.953
 24    23.390 53059.18391003 49.94  87.845258  25.055648 29.953
 24    23.421 53059.18391068 45.11  87.844428  25.052358 29.953
 25    23.447 53094.18394683 23.44  87.828370  25.063128 24.481
 25    25.640 53094.18394748 21.63  87.827540  25.059828 24.481
 26    22.626 53129.18391759 20.02  87.845044  25.063966 20.215
 26    23.069 53129.18391824 16.09  87.844214  25.060676 20.215
 26    23.159 53129.18391888 16.84  87.843384  25.057386 20.215
 26    25.352 53129.18391953 17.26  87.842544  25.054086 20.215
 28    26.501 53199.18398683 31.28  87.838681  25.064792 32.767
 28    26.263 53199.18398747 20.30  87.837851  25.061502 32.767
 28    26.513 53199.18398812 21.37  87.837011  25.058202 32.767
 29    25.586 53234.18395697 19.77  87.845425  25.063449 24.578
 29    25.535 53234.18395762 18.60  87.844595  25.060159 24.578
 29    25.640 53234.18395826 21.61  87.843755  25.056859 24.578
 29    25.694 53234.18395891 36.41  87.842925  25.053569 24.578
 58    23.095 54249.18391022 33.33  87.837840  25.063428 18.367
 58    23.168 54249.18391087 33.01  87.837010  25.060138 18.367
 58    23.276 54249.18391151 32.49  87.836170  25.056838 18.367
 59    24.214 54284.18391815 17.33  87.838875  25.065085 24.824
 59    25.040 54284.18391879 16.22  87.838045  25.061795 24.824
 59    25.127 54284.18391944 22.12  87.837215  25.058505 24.824
 60    26.849 54319.18391595 37.86  87.839040  25.063368 37.601
 60    26.572 54319.18391659 25.67  87.838210  25.060068 37.601
 60    27.459 54319.18391724 21.04  87.837380  25.056778 37.601
 61    27.037 54354.18387915 46.35  87.837027  25.064971 42.847
 61    26.920 54354.18387980 42.24  87.836197  25.061671 42.847
 61    26.887 54354.18388044 51.49  87.835367  25.058381 42.847
 62    25.152 54389.18385580 40.01  87.839790  25.065631 25.196
 62    24.907 54389.18385645 28.30  87.838960  25.062331 25.196
 62    25.193 54389.18385709 25.81  87.838130  25.059041 25.196
 62    25.833 54389.18385774 30.60  87.837290  25.055741 25.196
 63    25.926 54424.18382926 18.09  87.837185  25.065159 27.355
 63    26.563 54424.18382990 14.66  87.836345  25.061869 27.355
 63    27.154 54424.18383055 17.55  87.835515  25.058569 27.355
 64    23.406 54459.18383133 48.33  87.841020  25.063780 23.403
 64    23.439 54459.18383198 44.03  87.840190  25.060490 23.403
 64    23.475 54459.18383262 45.01  87.839360  25.057190 23.403
 66    22.742 54529.18384414 17.54  87.841314  25.063801 24.815
 66    24.081 54529.18384478 16.86  87.840484  25.060511 24.815
 66    26.080 54529.18384543 19.33  87.839654  25.057221 24.815
 67    23.053 54564.18384070 44.33  87.835656  25.064141 24.069
 67    23.056 54564.18384134 48.98  87.834826  25.060851 24.069
 67    23.067 54564.18384199 46.04  87.833986  25.057551 24.069
 68    23.298 54599.18383951 49.24  87.838228  25.063613 29.009
 68    23.331 54599.18384016 48.84  87.837388  25.060313 29.009
 68    23.347 54599.18384080 45.26  87.836558  25.057023 29.009
 69    26.241 54634.18385231 15.28  87.836990  25.064921 22.691
 69    26.048 54634.18385295 15.41  87.836150  25.061621 22.691
 69    26.339 54634.18385360 21.61  87.835320  25.058331 22.691
 70    26.674 54669.18385717 29.44  87.836383  25.063728 30.288
 70    26.328 54669.18385782 29.74  87.835543  25.060428 30.288
 70    26.586 54669.18385846 34.05  87.834713  25.057138 30.288
 71    27.284 54704.18382085 38.91  87.837839  25.064307 36.831
 71    26.883 54704.18382150 29.98  87.837009  25.061017 36.831
 71    27.063 54704.18382214 28.17  87.836179  25.057727 36.831
 72    25.738 54739.18381974 28.30  87.839625  25.063097 22.451
 72    25.663 54739.18382038 32.40  87.838795  25.059807 22.451
 72    25.790 54739.18382103 34.53  87.837965  25.056517 22.451
 73    23.723 54774.18380268 37.20  87.837913  25.063370 29.776
 73    23.507 54774.18380333 28.76  87.837073  25.060070 29.776
 73    24.084 54774.18380397 28.83  87.836243  25.056780 29.776
 74    23.297 54809.18381308 37.69  87.839599  25.063012 28.232
 74    23.417 54809.18381372 30.68  87.838769  25.059722 28.232
 74    23.437 54809.18381437 34.72  87.837939  25.056432 28.232
 75    23.264 54844.18380007 46.30  87.837762  25.065846 29.235
 75    23.308 54844.18380071 36.82  87.836932  25.062556 29.235
 75    23.277 54844.18380136 44.92  87.836092  25.059256 29.235
 76    23.414 54879.18381664 33.44  87.837422  25.063903 19.572
 76    22.693 54879.18381729 25.93  87.836592  25.060613 19.572
 76    26.337 54879.18381793 23.07  87.835752  25.057313 19.572
 77    23.237 54914.18380492 28.84  87.833611  25.062119 25.130
 77    23.257 54914.18380557 35.06  87.832771  25.058819 25.130
 78    24.704 54949.18380836 14.71  87.837152  25.063101 25.989
 78    25.357 54949.18380901 16.03  87.836312  25.059801 25.989
 78    25.903 54949.18380965 21.87  87.835482  25.056511 25.989
 79    23.278 54984.18383328 39.87  87.836976  25.065890 25.506
 79    23.260 54984.18383393 38.62  87.836136  25.062590 25.506
 79    23.145 54984.18383457 43.96  87.835306  25.059300 25.506
 80    24.325 55019.18383021 16.89  87.838415  25.062936 23.664
 80    29.420 55019.18383086 16.54  87.837575  25.059636 23.664
 80    29.650 55019.18383150 24.34  87.836745  25.056346 23.664
 81    26.539 55054.18382564 19.22  87.838676  25.064661 20.225
 81    29.073 55054.18382628 20.71  87.837846  25.061371 20.225
 81    29.384 55054.18382693 22.96  87.837006  25.058071 20.225
 82    25.423 55089.18378711 43.02  87.834792  25.062611 39.045
 82    25.426 55089.18378776 47.96  87.833962  25.059321 39.045
 83    24.711 55124.18376310 29.93  87.840243  25.064954 29.402
 83    24.686 55124.18376375 43.42  87.839413  25.061664 29.402
 83    24.740 55124.18376439 44.19  87.838583  25.058374 29.402
 83    24.952 55124.18376504 35.71  87.837743  25.055074 29.402
 84    23.470 55159.18374794 36.37  87.835690  25.063615 29.122
 84    23.455 55159.18374859 27.29  87.834860  25.060325 29.122
 84    26.628 55159.18374923 23.30  87.834020  25.057025 29.122
 85    23.407 55194.18375274 50.76  87.840320  25.065551 29.690
 85    23.351 55194.18375339 51.63  87.839480  25.062251 29.690
 85    23.339 55194.18375403 52.47  87.838650  25.058961 29.690
 85    23.366 55194.18375468 48.49  87.837820  25.055671 29.690
 87    23.547 55264.18374837 23.53  87.839309  25.064520 22.838
 87    24.147 55264.18374901 23.43  87.838479  25.061230 22.838
 87    25.455 55264.18374966 21.15  87.837649  25.057940 22.838
 88    24.039 55299.18373250 15.04  87.836728  25.064134 19.586
 88    25.307 55299.18373314 14.55  87.835898  25.060844 19.586
 88    25.734 55299.18373379 19.72  87.835068  25.057554 19.586
 89    23.624 55334.18372565 14.83  87.836929  25.065540 20.552
 89    24.905 55334.18372630 14.03  87.836099  25.062250 20.552
 89    25.479 55334.18372694 15.59  87.835259  25.058950 20.552
 90    23.578 55369.18371748 16.06  87.838029  25.063471 24.478
 90    24.733 55369.18371812 16.30  87.837189  25.060171 24.478
 90    25.092 55369.18371877 24.06  87.836359  25.056881 24.478
 91    24.511 55404.18373390 19.63  87.840132  25.063227 15.475
 91    24.898 55404.18373454 19.33  87.839292  25.059927 15.475
 91    25.445 55404.18373519 21.59  87.838462  25.056637 15.475
 92    26.773 55439.18373533 43.03  87.838576  25.064142 24.585
 92    26.291 55439.18373597 27.40  87.837746  25.060852 24.585
 92    26.318 55439.18373662 27.20  87.836906  25.057552 24.585
 93    25.597 55474.18368227 34.74  87.836512  25.064173 28.426
 93    25.495 55474.18368292 32.50  87.835682  25.060883 28.426
 93    25.870 55474.18368356 33.76  87.834852  25.057593 28.426
