-214641.410    18.175     0.00    2.01
-214265.135    17.843    -0.88    1.84
-213888.875    16.910    -2.48    3.75
-213512.631    16.010    -2.39    4.04
-213136.403    15.211    -2.12    3.21
-212760.190    15.443     0.62    2.92
-212383.993    16.432     2.63    2.05
-212007.811    16.885     1.21    1.71
-211631.645    16.473    -1.10    1.64
-211255.494    16.405    -0.18    1.48
-210879.359    15.949    -1.21    2.01
-210503.240    16.114     0.44    2.81
-210127.136    16.004    -0.29    3.49
-209751.047    15.864    -0.37    3.36
-209374.974    15.759    -0.28    2.94
-208998.917    15.708    -0.14    2.72
-208622.875    16.126     1.11    2.12
-208246.849    16.594     1.25    1.79
-207870.838    16.682     0.23    1.48
-207494.842    17.007     0.87    2.09
-207118.863    16.949    -0.15    2.05
-206742.898    16.616    -0.89    2.21
-206366.949    16.007    -1.62    2.32
-205991.016    15.705    -0.81    2.60
-205615.098    15.825     0.32    2.00
-205239.196    15.824    -0.00    1.93
-204863.309    16.103     0.74    2.10
-204487.437    15.731    -0.99    2.20
-204111.581    15.545    -0.49    2.06
-203735.741    15.463    -0.22    2.18
-203359.916    15.182    -0.75    2.42
-202984.106    14.718    -1.23    2.29
-202608.312    14.114    -1.61    2.39
-202232.534    13.140    -2.59    1.88
-201856.771    13.030    -0.29    1.65
-201481.023    12.818    -0.56    1.71
-201105.291    12.722    -0.26    1.87
-200729.574    12.568    -0.41    1.83
-200353.872    12.045    -1.39    1.42
-199978.186    12.116     0.19    1.37
-199602.516    12.682     1.51    1.51
-199226.861    12.937     0.68    1.53
-198851.221    13.568     1.68    1.48
-198475.597    13.684     0.31    1.66
-198099.988    13.475    -0.56    1.95
-197724.394    13.080    -1.05    1.91
-197348.816    13.030    -0.13    1.71
-196973.254    13.318     0.77    1.46
-196597.707    13.446     0.34    1.50
-196222.175    13.759     0.83    1.45
-195846.658    13.987     0.61    1.55
-195471.157    13.861    -0.34    1.50
-195095.671    13.682    -0.48    1.24
-194720.201    13.543    -0.37    1.14
-194344.746    12.711    -2.22    1.88
-193969.307    12.010    -1.87    1.84
-193593.883    11.473    -1.43    1.96
-193218.474    11.378    -0.25    1.86
-192843.080    11.468     0.24    1.84
-192467.702    11.659     0.51    1.80
-192092.339    11.368    -0.78    1.80
-191716.992    11.449     0.22    2.18
-191341.660    11.429    -0.05    2.32
-190966.343    11.544     0.31    2.33
-190591.042    11.801     0.68    1.76
-190215.756    12.116     0.84    1.61
-189840.485    11.830    -0.76    1.86
-189465.230    11.473    -0.95    2.45
-189089.990    11.289    -0.49    2.54
-188714.765    11.282    -0.02    2.47
-188339.556    10.830    -1.21    2.36
-187964.362    10.949     0.32    2.47
-187589.183    11.080     0.35    2.38
-187214.019    11.259     0.48    1.97
-186838.871    11.871     1.63    2.36
-186463.738    12.452     1.55    2.61
-186088.621    12.750     0.79    2.79
-185713.519    12.243    -1.35    2.67
-185338.432    11.830    -1.10    2.18
-184963.360    11.393    -1.17    2.52
-184588.303    12.187     2.12    2.90
-184213.262    12.708     1.39    2.92
-183838.236    12.455    -0.68    2.89
-183463.226    12.402    -0.14    2.57
-183088.230    12.359    -0.11    2.58
-182713.250    11.616    -1.98    2.53
-182338.285    11.140    -1.27    2.48
-181963.336    10.806    -0.89    2.46
-181588.402    10.894     0.23    2.09
-181213.483    10.806    -0.23    2.06
-180838.579    10.731    -0.20    2.00
-180463.690     9.973    -2.02    1.64
-180088.817    10.187     0.57    2.09
-179713.959    10.878     1.84    2.34
-179339.116    11.684     2.15    2.88
-178964.288    12.861     3.14    2.98
-178589.476    13.359     1.33    3.02
-178214.678    13.759     1.07    2.77
-177839.896    13.868     0.29    2.22
-177465.129    14.477     1.63    2.32
-177090.378    14.968     1.31    1.95
-176715.641    15.497     1.41    1.67
-176340.920    15.925     1.14    1.65
-175966.214    15.871    -0.15    1.60
-175591.523    15.824    -0.12    1.60
-175216.848    15.621    -0.54    1.56
-174842.187    15.977     0.95    1.45
-174467.542    16.471     1.32    1.64
-174092.912    16.522     0.14    1.79
-173718.297    16.684     0.43    1.85
-173343.697    17.055     0.99    1.80
-172969.113    17.136     0.22    1.77
-172594.543    17.389     0.67    1.97
-172219.989    17.312    -0.20    1.76
-171845.450    17.243    -0.19    1.87
-171470.926    16.782    -1.23    1.76
-171096.417    16.273    -1.36    1.68
-170721.923    15.831    -1.18    1.20
-170347.445    16.159     0.88    1.48
-169972.981    16.618     1.23    1.57
-169598.533    16.591    -0.07    1.58
-169224.100    16.641     0.13    1.54
-168849.682    16.568    -0.20    1.54
-168475.279    16.705     0.36    1.65
-168100.891    16.305    -1.07    1.57
-167726.519    16.116    -0.51    1.55
-167352.161    16.150     0.09    1.68
-166977.819    16.068    -0.22    1.58
-166603.491    16.330     0.70    1.41
-166229.179    16.337     0.02    1.56
-165854.882    16.475     0.37    1.52
-165480.600    16.543     0.18    1.67
-165106.333    16.495    -0.13    1.63
-164732.081    16.425    -0.19    1.34
-164357.844    16.306    -0.32    1.19
-163983.622    16.306     0.00    1.25
-163609.416    16.044    -0.70    1.81
-163235.224    15.429    -1.65    2.09
-162861.048    14.616    -2.17    2.14
-162486.886    13.754    -2.30    1.58
-162112.740    13.473    -0.75    1.14
-161738.608    13.498     0.07    1.01
-161364.492    13.917     1.12    1.59
-160990.391    13.949     0.09    2.04
-160614.431    14.105     0.41    1.89
-160237.317    14.126     0.06    1.87
-159860.218    13.661    -1.23    1.51
-159483.134    13.523    -0.37    1.51
-159106.065    12.894    -1.67    1.69
-158729.012    12.116    -2.06    1.47
-158351.974    11.997    -0.32    1.45
-157974.951    12.105     0.29    1.29
-157597.943    12.405     0.80    1.69
-157220.951    12.452     0.12    1.93
-156843.974    12.473     0.06    1.95
-156467.012    13.032     1.48    1.90
-156090.066    12.663    -0.98    1.88
-155713.134    12.871     0.55    1.98
-155336.218    13.432     1.49    1.97
-154959.318    13.544     0.30    1.91
-154582.432    13.818     0.73    1.87
-154205.562    13.782    -0.09    1.69
-153828.707    13.140    -1.71    1.31
-153451.867    12.759    -1.01    1.63
-153075.043    12.336    -1.12    1.48
-152698.233    12.211    -0.33    1.45
-152321.439    12.173    -0.10    1.33
-151944.661    12.473     0.80    1.32
-151567.897    13.092     1.64    1.61
-151191.148    13.616     1.39    1.78
-150814.415    14.788     3.11    2.44
-150437.697    15.568     2.07    2.52
-150060.994    15.973     1.07    2.30
-149684.307    15.830    -0.38    2.39
-149307.634    15.163    -1.77    2.01
-148930.977    14.949    -0.57    1.91
-148554.335    15.080     0.35    1.96
-148177.708    14.973    -0.29    1.94
-147801.097    14.782    -0.51    1.62
-147424.500    14.343    -1.17    1.61
-147047.919    13.640    -1.87    1.58
-146671.352    13.202    -1.16    1.58
-146294.801    12.687    -1.37    1.38
-145918.266    12.735     0.13    1.15
-145541.745    12.836     0.27    1.16
-145165.239    12.824    -0.03    0.95
-144788.749    13.055     0.61    0.79
-144412.274    12.806    -0.66    0.93
-144035.814    12.092    -1.90    1.98
-143659.369    11.684    -1.08    2.14
-143282.939    10.997    -1.83    2.56
-142906.524     9.543    -3.86    3.34
-142530.125    10.023     1.28    3.38
-142153.740    11.007     2.62    3.32
-141777.371    12.173     3.10    2.74
-141401.017    13.422     3.32    0.76
-141024.677    13.673     0.67    0.92
-140648.353    13.932     0.69    0.89
-140272.045    14.030     0.26    0.97
-139895.751    14.056     0.07    1.10
-139519.472    13.661    -1.05    1.39
-139143.208    13.471    -0.51    1.51
-138766.960    13.205    -0.71    1.51
-138390.727    13.158    -0.12    1.60
-138014.508    13.250     0.24    1.54
-137638.305    13.405     0.41    1.46
-137262.117    13.545     0.37    1.24
-136885.944    13.273    -0.72    1.46
-136509.786    13.094    -0.47    1.43
-136133.643    13.182     0.23    1.43
-135757.515    13.368     0.50    1.49
-135381.402    13.477     0.29    1.46
-135005.304    13.521     0.12    1.17
-134629.221    13.696     0.47    1.34
-134253.153    13.727     0.08    1.22
-133877.101    13.748     0.05    1.45
-133501.063    13.902     0.41    1.56
-133125.041    13.708    -0.52    1.71
-132749.033    14.018     0.83    1.68
-132373.040    14.364     0.92    1.81
-131997.063    14.384     0.05    1.98
-131621.100    14.661     0.74    2.17
-131245.153    15.219     1.48    2.55
-130869.220    16.068     2.26    2.42
-130493.303    16.080     0.03    2.23
-130117.401    15.671    -1.09    2.10
-129741.513    15.227    -1.18    1.67
-129365.641    15.519     0.78    1.67
-128989.783    15.871     0.93    1.57
-128613.941    16.354     1.29    1.42
-128238.113    16.617     0.70    1.67
-127862.301    16.636     0.05    1.72
-127486.503    16.968     0.88    1.82
-127110.721    17.080     0.30    1.75
-126734.953    16.847    -0.62    1.56
-126359.201    16.690    -0.42    1.68
-125983.463    16.452    -0.63    1.52
-125607.740    16.209    -0.65    1.61
-125232.033    15.925    -0.76    1.28
-124856.340    16.080     0.41    1.45
-124480.662    16.378     0.79    1.60
-124104.999    17.235     2.28    2.07
-123729.351    17.806     1.52    2.01
-123353.718    18.275     1.25    2.04
-122978.100    18.056    -0.58    1.91
-122602.497    17.616    -1.17    1.65
-122226.909    17.150    -1.24    1.52
-121851.336    16.925    -0.60    1.14
-121475.777    16.824    -0.27    1.20
-121100.234    16.871     0.12    1.32
-120724.705    16.861    -0.03    1.40
-120349.192    16.743    -0.31    1.43
-119973.693    16.830     0.23    1.40
-119598.209    16.638    -0.51    1.47
-119222.740    16.243    -1.05    1.74
-118847.286    15.521    -1.92    1.64
-118471.847    15.032    -1.30    1.31
-118096.423    15.446     1.10    1.72
-117721.014    15.266    -0.48    1.66
-117345.619    15.068    -0.53    1.94
-116970.240    15.402     0.89    2.20
-116594.875    15.259    -0.38    2.20
-116219.525    14.964    -0.79    2.41
-115844.190    15.021     0.15    2.27
-115468.870    14.715    -0.82    1.73
-115093.565    14.735     0.05    1.62
-114718.275    15.140     1.08    1.50
-114342.999    15.129    -0.03    1.55
-113967.739    14.684    -1.19    1.89
-113592.493    14.782     0.26    2.05
-113217.262    14.495    -0.77    1.74
-112842.046    14.386    -0.29    1.79
-112466.844    14.300    -0.23    1.86
-112091.658    14.324     0.07    1.73
-111716.486    14.616     0.78    1.59
-111341.329    14.918     0.81    1.31
-110966.187    14.523    -1.05    1.52
-110591.060    14.184    -0.90    1.43
-110215.948    14.173    -0.03    1.51
-109840.850    14.306     0.36    1.34
-109465.768    14.917     1.63    1.13
-109090.700    15.522     1.61    1.48
-108715.646    16.121     1.60    2.05
-108340.608    16.023    -0.26    2.26
-107965.585    15.518    -1.35    2.92
-107590.576    15.273    -0.65    2.89
-107215.582    15.449     0.47    3.19
-106840.603    15.363    -0.23    3.21
-106465.638    16.091     1.94    2.81
-106090.689    16.491     1.07    2.43
-105715.754    16.163    -0.87    2.00
-105340.834    16.010    -0.41    1.83
-104965.928    15.592    -1.12    1.72
-104591.038    15.000    -1.58    1.70
-104216.162    14.260    -1.97    1.56
-103841.301    14.409     0.40    1.68
-103466.454    14.854     1.19    1.78
-103091.623    15.711     2.29    1.80
-102716.806    16.687     2.60    1.76
-102342.004    17.043     0.95    1.58
-101967.216    17.523     1.28    1.49
-101592.444    18.168     1.72    1.68
-101217.686    18.449     0.75    1.88
-100842.943    18.544     0.25    2.09
-100468.214    18.519    -0.07    2.06
-100093.500    18.092    -1.14    1.80
 -99718.801    17.418    -1.80    1.61
 -99344.117    16.687    -1.95    1.63
 -98969.447    16.259    -1.14    1.75
 -98594.792    15.847    -1.10    1.56
 -98220.152    15.275    -1.53    1.45
 -97845.527    15.289     0.04    1.55
 -97470.916    15.163    -0.34    1.50
 -97096.320    15.378     0.57    1.58
 -96721.738    15.422     0.12    1.78
 -96347.171    15.397    -0.07    2.20
 -95972.619    15.638     0.64    2.21
 -95598.082    15.409    -0.61    1.87
 -95223.559    15.405    -0.01    1.65
 -94849.051    15.544     0.37    1.62
 -94474.557    15.593     0.13    1.46
 -94100.079    15.910     0.85    1.54
 -93725.614    15.894    -0.04    1.52
 -93351.165    15.592    -0.81    1.54
 -92976.730    15.425    -0.45    1.56
 -92602.310    15.330    -0.25    1.41
 -92227.904    15.275    -0.15    1.31
 -91853.513    15.318     0.11    1.35
 -91479.137    15.475     0.42    1.38
 -91104.776    15.743     0.72    1.36
 -90730.429    15.925     0.49    1.21
 -90356.096    15.759    -0.45    1.21
 -89981.778    15.312    -1.19    1.03
 -89607.475    15.187    -0.33    1.10
 -89233.187    15.384     0.53    1.61
 -88858.913    15.545     0.43    1.49
 -88484.653    16.043     1.33    1.63
 -88110.409    16.354     0.83    1.44
 -87736.179    16.788     1.16    1.39
 -87361.963    16.645    -0.38    1.61
 -86987.762    16.386    -0.69    1.90
 -86613.576    16.363    -0.06    2.03
 -86239.404    16.425     0.17    1.93
 -85865.247    17.219     2.12    1.84
 -85488.793    17.521     0.80    1.74
 -85111.727    17.182    -0.90    1.73
 -84734.676    16.884    -0.79    1.58
 -84357.639    16.659    -0.60    1.63
 -83980.618    16.497    -0.43    1.45
 -83603.611    16.452    -0.12    1.42
 -83226.619    16.917     1.23    1.36
 -82849.642    16.902    -0.04    1.36
 -82472.680    16.636    -0.70    1.35
 -82095.733    16.118    -1.37    1.15
 -81718.800    16.033    -0.23    1.12
 -81341.882    15.715    -0.85    1.09
 -80964.979    15.799     0.22    1.16
 -80588.090    16.386     1.56    1.40
 -80211.217    16.858     1.25    1.58
 -79834.358    16.788    -0.19    1.84
 -79457.514    16.640    -0.39    1.79
 -79080.685    16.080    -1.48    1.75
 -78703.870    16.432     0.93    2.01
 -78327.070    16.410    -0.06    1.31
 -77950.285    16.568     0.42    1.41
 -77573.515    16.638     0.19    1.30
 -77196.759    16.788     0.40    1.64
 -76820.018    16.545    -0.64    1.63
 -76443.292    16.876     0.88    2.05
 -76066.581    17.140     0.70    1.89
 -75689.884    17.163     0.06    2.07
 -75313.202    16.687    -1.26    1.93
 -74936.535    15.902    -2.09    1.20
 -74559.883    15.668    -0.62    1.15
 -74183.245    15.519    -0.40    0.84
 -73806.622    15.593     0.20    0.92
 -73430.014    15.836     0.65    1.07
 -73053.420    16.187     0.93    1.19
 -72676.841    16.544     0.95    1.12
 -72300.277    16.735     0.51    1.36
 -71923.727    16.497    -0.63    1.87
 -71547.192    15.902    -1.58    1.79
 -71170.672    15.591    -0.82    1.70
 -70794.167    15.592     0.00    1.67
 -70417.676    15.806     0.57    2.03
 -70041.200    15.917     0.29    1.82
 -69664.738    16.178     0.69    1.76
 -69288.291    16.418     0.64    1.87
 -68911.859    16.949     1.41    1.83
 -68535.442    17.150     0.53    1.76
 -68159.039    17.754     1.61    1.38
 -67782.651    17.663    -0.24    1.34
 -67406.277    17.373    -0.77    1.19
 -67029.918    17.068    -0.81    1.04
 -66653.574    17.103     0.09    1.10
 -66277.245    17.033    -0.19    1.05
 -65900.930    17.235     0.54    1.10
 -65524.629    17.497     0.70    1.22
 -65148.344    17.330    -0.44    1.25
 -64772.073    16.812    -1.38    1.16
 -64395.816    16.471    -0.91    1.18
 -64019.574    16.282    -0.50    1.22
 -63643.347    15.861    -1.12    1.35
 -63267.134    16.126     0.71    1.16
 -62890.936    16.251     0.33    1.31
 -62514.753    16.663     1.10    1.86
 -62138.584    17.393     1.94    1.69
 -61762.430    17.473     0.21    1.88
 -61386.290    17.397    -0.20    2.07
 -61010.165    16.902    -1.32    2.07
 -60634.055    15.711    -3.17    2.42
 -60257.959    14.668    -2.77    2.79
 -59881.878    14.205    -1.23    2.87
 -59505.811    13.910    -0.78    2.55
 -59129.759    13.129    -2.08    3.41
 -58753.721    11.497    -4.34    4.17
 -58377.698    10.543    -2.54    3.48
 -58001.690     9.659    -2.35    3.61
 -57625.696     9.696     0.10    4.41
 -57249.717    10.330     1.69    4.14
 -56873.752    10.522     0.51    3.33
 -56497.802    10.949     1.14    2.57
 -56121.866    10.864    -0.23    2.67
 -55745.945    10.389    -1.26    2.59
 -55370.038    10.114    -0.73    2.75
 -54994.146    10.497     1.02    3.64
 -54618.269    11.568     2.85    4.07
 -54242.406    12.475     2.41    3.83
 -53866.557    14.358     5.01    3.14
 -53490.723    15.455     2.92    2.33
 -53114.904    15.943     1.30    2.11
 -52739.099    16.638     1.85    1.42
 -52363.308    16.735     0.26    1.10
 -51987.532    16.645    -0.24    1.04
 -51611.771    16.682     0.10    1.02
 -51236.024    16.696     0.04    1.08
 -50860.291    16.349    -0.93    1.31
 -50484.573    16.312    -0.10    1.38
 -50108.870    16.105    -0.55    1.29
 -49733.181    16.023    -0.22    1.17
 -49357.506    15.937    -0.23    1.08
 -48981.846    15.640    -0.79    1.26
 -48606.201    15.057    -1.55    1.26
 -48230.569    14.902    -0.41    1.43
 -47854.953    14.592    -0.82    1.49
 -47479.351    14.440    -0.40    1.32
 -47103.763    14.259    -0.48    1.35
 -46728.190    14.143    -0.31    1.38
 -46352.631    13.830    -0.83    1.48
 -45977.086    13.687    -0.38    1.42
 -45601.556    13.666    -0.06    1.62
 -45226.041    13.925     0.69    1.64
 -44850.540    13.854    -0.19    1.67
 -44475.053    13.446    -1.09    1.72
 -44099.581    13.498     0.14    1.79
 -43724.123    13.592     0.25    1.83
 -43348.680    13.997     1.08    2.03
 -42973.251    14.591     1.58    1.93
 -42597.836    14.812     0.59    1.51
 -42222.436    14.693    -0.32    1.42
 -41847.051    14.641    -0.14    1.25
 -41471.679    14.894     0.67    1.21
 -41096.323    14.955     0.16    1.32
 -40720.980    15.092     0.37    1.47
 -40345.652    15.211     0.32    1.74
 -39970.338    15.715     1.34    1.88
 -39595.039    16.473     2.02    2.09
 -39219.754    16.788     0.84    1.97
 -38844.483    17.211     1.13    2.00
 -38469.227    16.788    -1.13    1.99
 -38093.985    16.354    -1.16    1.98
 -37718.758    16.324    -0.08    2.06
 -37343.545    16.473     0.40    2.34
 -36968.346    16.343    -0.35    2.43
 -36593.162    16.711     0.98    2.27
 -36217.992    16.983     0.72    2.22
 -35842.836    17.615     1.68    1.96
 -35467.695    18.140     1.40    1.88
 -35092.568    18.226     0.23    1.53
 -34717.456    17.818    -1.09    1.37
 -34342.357    17.056    -2.03    1.50
 -33967.273    16.812    -0.65    1.22
 -33592.204    16.497    -0.84    1.35
 -33217.149    16.286    -0.56    1.43
 -32842.108    16.159    -0.34    1.72
 -32467.081    15.619    -1.44    1.81
 -32092.069    15.235    -1.03    2.15
 -31717.071    14.475    -2.03    2.66
 -31342.087    14.007    -1.25    2.71
 -30967.118    13.045    -2.56    3.17
 -30592.163    11.963    -2.89    3.09
 -30217.222    11.091    -2.33    3.22
 -29842.295    10.830    -0.70    3.18
 -29467.383    11.080     0.67    3.72
 -29092.485    12.306     3.27    4.20
 -28717.602    14.312     5.35    2.94
 -28342.732    15.250     2.50    2.51
 -27967.877    15.305     0.15    1.91
 -27593.037    15.187    -0.31    1.72
 -27218.210    15.235     0.13    1.63
 -26843.398    15.446     0.56    1.90
 -26468.600    15.289    -0.42    2.00
 -26093.816    15.030    -0.69    2.01
 -25719.047    14.473    -1.49    1.87
 -25344.292    14.306    -0.44    2.18
 -24969.551    14.259    -0.13    2.23
 -24594.824    14.568     0.83    2.52
 -24220.112    15.032     1.24    2.63
 -23845.414    15.666     1.69    2.10
 -23470.730    15.739     0.20    2.34
 -23096.060    15.878     0.37    2.15
 -22721.405    15.473    -1.08    1.78
 -22346.763    15.973     1.33    1.75
 -21972.136    16.219     0.66    1.85
 -21597.523    16.568     0.93    1.89
 -21222.925    17.116     1.46    1.68
 -20848.341    17.211     0.25    1.85
 -20473.770    17.202    -0.02    1.84
 -20099.214    17.259     0.15    1.96
 -19724.673    17.324     0.18    1.97
 -19350.145    17.187    -0.37    2.05
 -18975.632    17.140    -0.13    1.84
 -18601.133    17.300     0.43    1.70
 -18226.648    17.958     1.76    1.97
 -17852.177    17.949    -0.02    2.14
 -17477.720    17.568    -1.02    2.18
 -17103.278    17.154    -1.11    2.55
 -16728.850    16.593    -1.50    2.12
 -16354.436    15.958    -1.69    1.90
 -15980.036    15.455    -1.35    1.88
 -15605.650    15.543     0.24    2.03
 -15231.278    15.126    -1.11    1.98
 -14856.921    15.044    -0.22    1.82
 -14482.578    15.150     0.28    1.80
 -14108.249    15.801     1.74    1.93
 -13733.934    16.068     0.71    1.67
 -13359.633    16.091     0.06    1.70
 -12985.346    16.184     0.25    1.53
 -12611.074    16.449     0.71    1.70
 -12236.815    16.640     0.51    1.35
 -11862.571    16.953     0.84    1.53
 -11488.341    17.705     2.01    2.04
 -11114.125    17.963     0.69    1.97
 -10739.923    18.568     1.62    2.19
 -10362.993    18.871     0.80    2.03
  -9985.968    19.007     0.36    1.86
  -9608.956    19.477     1.25    2.04
  -9231.959    19.876     1.06    2.21
  -8854.976    19.806    -0.18    2.08
  -8478.008    18.405    -3.72    3.42
  -8101.054    16.187    -5.88    4.41
  -7724.114    13.021    -8.40    4.07
  -7347.188    10.594    -6.44    2.10
  -6970.277     9.759    -2.22    1.04
  -6593.380     9.397    -0.96    1.09
  -6216.498     9.592     0.52    1.26
  -5839.629    10.044     1.20    1.15
  -5462.775    10.318     0.73    1.15
  -5085.936    11.056     1.96    1.57
  -4709.110    11.868     2.16    1.64
  -4332.299    11.983     0.30    1.80
  -3955.503    12.116     0.35    1.78
  -3578.720    11.759    -0.95    1.74
  -3201.952    11.446    -0.83    1.57
  -2825.198    11.282    -0.43    1.07
  -2448.458    11.187    -0.25    0.99
  -2071.733    11.452     0.70    1.38
  -1695.022    12.282     2.20    2.11
  -1318.325    13.021     1.96    2.53
   -941.642    12.405    -1.63    2.93
   -564.974     9.129    -8.70    6.72
   -188.320     4.293   -12.84    7.17
    188.320     2.763    -4.06    6.58
    564.945     4.591     4.85    7.76
    941.557     8.708    10.93    7.02
   1318.154    12.687    10.57    4.36
   1694.737    14.768     5.53    3.46
   2071.305    20.910    16.31   10.85
   2447.860    31.243    27.44   16.56
   2824.400    39.235    21.23   16.79
   3200.926    47.402    21.69   12.29
   3577.438    54.211    18.09    8.59
   3953.935    57.593     8.98    6.78
   4330.419    61.949    11.57    4.97
   4706.888    64.068     5.63    4.20
   5083.343    64.202     0.36    3.20
   5459.783    63.235    -2.57    2.58
   5836.210    62.324    -2.42    2.89
   6212.622    61.118    -3.20    3.35
   6589.020    60.735    -1.02    3.57
   6965.404    61.743     2.68    3.59
   7341.774    62.497     2.00    4.87
   7718.130    69.878    19.61   14.64
   8094.471    74.235    11.58   16.67
   8470.798    77.378     8.35   17.39
   8847.111    80.286     7.73   19.14
   9223.410    75.731   -12.11   17.25
   9599.695    74.378    -3.60   14.86
   9975.965    73.638    -1.97   13.31
  10352.222    71.854    -4.74    8.09
  10728.464    73.621     4.70   10.36
  11104.692    78.182    12.12   16.85
  11480.906    77.493    -1.83   16.90
  11857.106    72.057   -14.45   12.84
  12233.292    67.544   -11.99    7.43
  12609.463    64.902    -7.03    3.21
  12985.621    64.023    -2.34    2.92
  13361.764    63.902    -0.32    2.12
  13737.893    64.044     0.38    2.27
  14114.008    65.735     4.49    5.39
  14490.109    70.491    12.65   12.21
  14866.196    75.000    11.99   16.19
  15242.269    80.858    15.58   20.39
  15618.327    87.593    17.91   23.89
  15994.372    98.731    29.62   27.14
  16370.402   111.471    33.88   26.76
  16746.418   126.591    40.21   20.21
  17122.420   136.004    25.03   11.48
  17498.409   141.044    13.41    7.54
  17874.383   145.382    11.54    8.53
  18250.342   150.949    14.81   12.48
  18626.288   159.925    23.88   15.31
  19002.220   169.055    24.29   14.36
  19378.138   179.997    29.11   15.32
  19754.041   190.243    27.26   12.27
  20129.931   196.068    15.50    7.29
  20505.806   197.973     5.07    3.72
  20881.668   196.154    -4.84    4.05
  21257.515   193.715    -6.49    4.07
  21633.349   192.168    -4.11    4.27
  22009.168   191.471    -1.86    4.26
  22384.973   193.080     4.28    4.71
  22760.764   196.021     7.82    5.61
  23136.541   200.080    10.80    4.61
  23512.305   201.801     4.58    3.54
  23888.054   203.227     3.79    2.57
  24263.789   203.543     0.84    3.03
  24639.510   202.983    -1.49    3.15
  25015.217   202.196    -2.09    3.79
  25390.910   201.092    -2.94    3.79
  25766.589   199.902    -3.17    3.57
  26142.254   199.768    -0.35    3.55
  26517.905   201.007     3.30    4.49
  26893.542   202.219     3.23    4.91
  27269.165   203.806     4.22    4.36
  27644.773   204.973     3.11    3.52
  28020.368   205.056     0.22    3.59
  28395.949   204.032    -2.73    3.41
  28771.516   203.493    -1.43    4.43
  29147.069   203.068    -1.13    5.04
  29522.608   203.105     0.10    5.57
  29898.133   201.973    -3.01    6.10
  30273.644   201.449    -1.39    5.54
  30649.142   202.080     1.68    4.79
  31024.625   201.711    -0.98    4.15
  31400.094   201.722     0.03    3.08
  31775.549   200.708    -2.70    3.10
  32150.990   198.592    -5.64    3.81
  32526.417   196.522    -5.51    3.98
  32901.831   193.425    -8.25    4.17
  33277.230   190.858    -6.84    3.51
  33652.616   189.750    -2.95    3.79
  34027.987   189.468    -0.75    3.91
  34403.345   191.150     4.48    5.53
  34778.688   193.544     6.38    5.54
  35154.018   194.773     3.27    5.22
  35529.334   195.955     3.15    5.74
  35904.636   196.389     1.16    5.79
  36279.924   200.422    10.75    7.88
  36655.198   207.641    19.24   10.80
  37030.458   214.275    17.68   11.86
  37405.704   223.364    24.22    9.31
  37780.936   228.805    14.50    6.42
  38156.154   231.211     6.41    3.85
  38531.359   231.010    -0.54    3.19
  38906.550   229.178    -4.88    3.66
  39281.726   226.402    -7.40    3.66
  39656.889   224.440    -5.23    3.49
  40032.038   222.925    -4.04    2.72
  40407.173   222.080    -2.25    2.80
  40782.294   221.235    -2.25    3.13
  41157.401   220.129    -2.95    2.92
  41532.495   219.306    -2.19    2.69
  41907.574   218.446    -2.29    2.20
  42282.640   218.163    -0.75    2.25
  42657.692   218.007    -0.42    2.84
  43032.730   218.425     1.11    3.27
  43407.754   219.187     2.03    3.88
  43782.764   220.615     3.81    4.33
  44157.760   220.878     0.70    4.18
  44532.743   220.449    -1.14    4.75
  44907.712   221.093     1.72    6.51
  45282.666   225.593    12.00   10.34
  45657.607   230.425    12.89   10.64
  46032.535   234.544    10.98    8.37
  46407.448   237.593     8.13    5.79
  46782.348   238.378     2.09    4.54
  47157.233   238.818     1.17    3.49
  47532.105   239.645     2.21    3.16
  47906.963   239.663     0.05    3.38
  48281.807   239.422    -0.64    3.10
  48656.638   239.129    -0.78    3.78
  49031.455   236.666    -6.57    4.04
  49406.257   235.081    -4.23    4.83
  49781.046   229.591   -14.65    9.94
  50155.822   222.235   -19.63   16.51
  50530.583   218.211   -10.74   17.23
  50905.331   216.378    -4.89   19.42
  51280.065   217.163     2.10   21.45
  51654.785   216.940    -0.60   23.55
  52029.491   214.489    -6.54   24.89
  52404.184   213.000    -3.97   24.09
  52778.862   212.268    -1.95   22.44
  53153.527   214.591     6.20   26.01
  53528.179   219.878    14.11   30.13
  53902.816   222.902     8.07   36.24
  54277.440   235.182    32.78   41.95
  54652.050   248.963    36.79   41.25
  55026.646   244.593   -11.66   42.06
  55401.229   221.397   -61.92   55.16
  55775.797   199.349   -58.86   51.41
  56150.352   175.782   -62.92   29.40
  56524.894   161.312   -38.63    9.64
  56899.421   156.690   -12.34    8.85
  57273.935   153.275    -9.12   12.57
  57648.435   148.544   -12.63   10.97
  58022.921   145.593    -7.88    7.14
  58397.394   144.259    -3.56    3.74
  58771.853   143.739    -1.39    3.15
  59146.298   142.519    -3.26    5.49
  59520.729   138.105   -11.79    8.86
  59895.147   131.854   -16.69    9.48
  60269.551   125.591   -16.73    9.40
  60643.941   120.140   -14.56    7.01
  61018.318   118.163    -5.28    5.32
  61392.681   121.473     8.84    7.62
  61767.030   127.118    15.08    8.12
  62141.366   133.788    17.82    8.19
  62515.688   138.993    13.91    6.61
  62889.996   143.397    11.77    5.30
  63264.290   146.202     7.49    5.94
  63638.571   149.754     9.49    6.05
  64012.838   153.854    10.95    6.86
  64387.485   157.200     8.93    6.68
  64764.481   160.409     8.51    6.63
  65141.462   165.544    13.62    6.65
  65518.430   169.235     9.79    7.44
  65895.384   171.129     5.03    4.44
  66272.324   172.568     3.82    4.41
  66649.251   178.432    15.56   15.80
  67026.163   194.618    42.94   35.15
  67403.061   210.373    41.80   41.01
  67779.946   234.080    62.90   37.76
  68156.817   264.158    79.80   47.26
  68533.674   285.227    55.91   52.31
  68910.517   302.260    45.20   52.94
  69287.346   312.854    28.11   47.13
  69664.162   315.958     8.24   38.77
  70040.963   312.543    -9.06   33.21
  70417.751   309.545    -7.95   23.23
  70794.525   321.042    30.51   20.98
  71171.285   325.007    10.52   23.80
  71548.031   335.289    27.29   22.50
  71924.764   347.275    31.81   24.71
  72301.483   352.841    14.77   27.02
  72678.187   359.752    18.35   24.99
  73054.879   359.759     0.02   24.16
  73431.556   362.336     6.84   24.87
  73808.219   360.154    -5.79   25.47
  74184.869   359.917    -0.63   28.45
  74561.505   352.389   -19.99   27.80
  74938.127   328.902   -62.36   33.87
  75314.735   306.163   -60.37   27.74
  75691.330   291.306   -39.45   24.03
  76067.910   279.068   -32.50    9.03
  76444.477   277.243    -4.85    9.01
  76821.031   274.021    -8.56   10.05
  77197.570   272.268    -4.65   11.15
  77574.096   266.521   -15.26    8.71
  77950.608   262.836    -9.78    6.26
  78327.106   262.275    -1.49    5.79
  78703.590   260.861    -3.76    6.26
  79080.061   257.910    -7.84    6.60
  79456.518   257.544    -0.97    7.42
  79832.961   254.044    -9.30    9.71
  80209.390   249.187   -12.90   11.43
  80585.806   247.032    -5.73   10.92
  80962.208   248.615     4.21   10.48
  81338.596   253.324    12.51   10.59
  81714.970   257.743    11.74    8.17
  82091.331   259.397     4.40    7.30
  82467.678   258.640    -2.01    7.11
  82844.012   260.211     4.18    7.10
  83220.331   265.187    13.22   11.23
  83596.637   272.788    20.20   14.85
  83972.929   282.893    26.85   16.24
  84349.208   289.739    18.19   12.47
  84725.472   293.105     8.94    9.51
  85101.723   292.446    -1.75    8.47
  85477.961   289.616    -7.52    6.59
  85854.184   285.861    -9.98    5.65
  86230.394   285.235    -1.66    5.44
  86606.591   288.830     9.56    6.37
  86982.773   295.885    18.75   14.51
  87358.942   304.973    24.16   17.28
  87735.098   313.168    21.79   14.35
  88111.239   316.910     9.95   10.90
  88487.367   314.682    -5.92    9.72
  88863.481   311.178    -9.32    6.96
  89239.582   310.763    -1.10    8.22
  89615.669   308.495    -6.03    8.05
  89991.742   308.953     1.22    7.65
  90367.802   313.341    11.67   10.84
  90743.848   316.645     8.79   10.83
  91119.880   324.473    20.82   12.56
  91495.899   338.173    36.43   20.50
  91871.904   344.343    16.41   20.08
  92247.895   356.705    32.87   18.90
  92623.873   366.910    27.14   18.34
  92999.837   374.754    20.86   20.73
  93375.788   386.354    30.85   22.59
  93751.725   389.402     8.11   20.80
  94127.648   393.227    10.18   21.95
  94503.558   385.055   -21.74   22.15
  94879.454   374.997   -26.76   22.21
  95255.336   362.902   -32.18   17.67
  95631.205   351.259   -30.97   11.38
  96007.061   344.568   -17.80    9.07
  96382.902   339.927   -12.35    8.75
  96758.730   335.497   -11.79    9.59
  97134.545   331.643   -10.25    8.48
  97510.346   326.154   -14.61    5.91
  97886.133   323.687    -6.56    5.76
  98261.907   320.227    -9.21    6.23
  98637.667   315.885   -11.55    5.82
  99013.413   313.154    -7.27    6.09
  99389.146   309.910    -8.63    5.96
  99764.866   306.368    -9.43    5.06
 100140.572   303.330    -8.09    4.99
 100516.264   302.739    -1.57    5.83
 100891.943   304.312     4.19    8.20
 101267.608   316.227    31.71   25.67
 101643.260   338.218    58.54   40.43
 102018.898   339.324     2.94   40.51
 102394.522   341.568     5.97   38.61
 102770.133   334.227   -19.54   31.21
 103145.731   327.092   -18.99   14.47
 103521.315   333.466    16.97    6.33
 103896.885   341.690    21.90   17.30
 104272.442   355.643    37.15   27.57
 104647.985   374.592    50.45   33.37
 105023.515   395.836    56.57   28.78
 105399.031   400.812    13.25   23.77
 105774.534   400.618    -0.52   26.23
 106150.023   397.726    -7.70   22.02
 106525.499   400.336     6.95   18.91
 106900.961   409.349    24.00    8.49
 107276.410   411.227     5.00   10.13
 107651.845   415.617    11.69   10.37
 108027.267   420.414    12.78    8.37
 108402.676   423.750     8.88    7.17
 108778.070   419.594   -11.07   15.31
 109153.452   410.735   -23.60   21.34
 109528.819   398.354   -32.98   28.11
 109904.174   387.518   -28.87   31.49
 110279.515   372.273   -40.61   40.26
 110654.842   359.279   -34.62   44.02
 111030.156   357.498    -4.74   45.69
 111405.456   353.202   -11.45   53.89
 111780.743   343.663   -25.42   60.41
 112156.017   323.544   -53.61   61.96
 112531.277   298.466   -66.82   54.52
 112906.524   272.306   -69.71   25.95
 113281.757   259.443   -34.28    8.53
 113656.976   254.251   -13.84    9.21
 114032.183   248.983   -14.04    6.23
 114407.376   245.105   -10.34    5.72
 114782.555   240.735   -11.65    5.03
 115157.721   237.143    -9.57    4.22
 115532.873   234.643    -6.66    3.92
 115908.013   231.129    -9.37    4.25
 116283.138   229.446    -4.49    4.18
 116658.250   228.116    -3.55    3.91
 117033.349   227.219    -2.39    3.86
 117408.435   226.593    -1.67    3.45
 117783.507   226.718     0.33    2.77
 118158.565   226.397    -0.86    2.55
 118533.611   226.312    -0.23    2.98
 118908.642   227.425     2.97    3.71
 119283.661   228.759     3.56    3.75
 119658.666   230.140     3.68    4.12
 120033.657   229.968    -0.46    4.29
 120408.636   230.446     1.27    5.03
 120783.601   230.282    -0.44    4.53
 121158.552   228.544    -4.64    4.41
 121533.490   227.812    -1.95    3.84
 121908.415   227.275    -1.43    4.43
 122283.326   226.773    -1.34    4.96
 122658.224   226.402    -0.99    4.34
 123033.109   225.286    -2.97    3.12
 123407.980   224.934    -0.94    2.45
 123782.838   225.497     1.50    2.33
 124157.682   225.193    -0.81    2.49
 124532.514   224.080    -2.97    3.43
 124907.331   222.358    -4.59    4.74
 125282.136   219.795    -6.84    5.21
 125656.927   217.227    -6.85    5.09
 126031.705   216.300    -2.47    4.56
 126406.469   216.449     0.40    5.23
 126781.221   218.286     4.90    5.32
 127155.958   220.614     6.21    5.26
 127530.683   221.902     3.44    5.48
 127905.394   224.178     6.07    6.17
 128280.092   225.836     4.43    6.89
 128654.776   228.251     6.44    7.44
 129029.448   231.871     9.66    6.89
 129404.105   233.779     5.09    5.35
 129778.750   236.168     6.38    4.80
 130153.381   238.282     5.64    4.32
 130527.999   237.593    -1.84    4.54
 130902.604   235.092    -6.67    5.90
 131277.195   233.616    -3.94    5.44
 131651.774   232.168    -3.86    3.85
 132026.338   232.943     2.07    3.85
 132400.890   234.044     2.94    4.84
 132775.428   235.806     4.70    5.54
 133149.953   235.202    -1.61    5.49
 133524.465   235.306     0.28    5.09
 133898.963   235.854     1.46    4.37
 134273.448   238.158     6.15    4.59
 134647.920   241.663     9.36    5.69
 135022.379   245.300     9.71    6.46
 135396.824   248.666     8.99    6.81
 135771.257   252.397     9.97    7.77
 136145.675   254.373     5.28    7.02
 136520.081   254.693     0.85    6.12
 136894.473   256.902     5.90    5.52
 137268.853   258.645     4.66    4.75
 137643.218   260.640     5.33    4.96
 138017.571   262.997     6.30    4.21
 138391.911   264.735     4.64    4.76
 138766.237   266.759     5.41    4.36
 139140.550   268.752     5.33    4.10
 139515.728   270.409     4.42    3.48
 139892.683   272.993     6.85    5.12
 140269.624   278.568    14.79   10.70
 140646.552   289.735    29.62   21.07
 141023.466   294.466    12.55   18.28
 141400.367   296.159     4.49    8.31
 141777.255   294.543    -4.29    6.35
 142154.129   291.997    -6.75    6.76
 142530.990   289.663    -6.19    7.21
 142907.838   289.594    -0.18    9.03
 143284.672   294.795    13.80   11.71
 143661.493   296.363     4.16   11.55
 144038.300   297.641     3.39   12.73
 144415.094   301.836    11.13   19.61
 144791.874   307.495    15.02   22.13
 145168.642   313.080    14.82   20.27
 145545.395   316.331     8.63   26.49
 145922.136   306.618   -25.78   25.25
 146298.863   296.105   -27.90    8.80
 146675.577   294.471    -4.34    7.17
 147052.277   295.282     2.15    6.90
 147428.964   299.268    10.58   10.51
 147805.638   316.668    46.19   36.82
 148182.298   340.836    64.16   51.49
 148558.945   357.105    43.19   49.57
 148935.578   378.227    56.07   55.52
 149312.199   377.708    -1.38   58.08
 149688.806   366.910   -28.67   51.06
 150065.399   355.968   -29.05   40.00
 150441.980   372.711    44.46   49.80
 150818.547   433.715   161.98  108.20
 151195.100   516.878   220.83  131.47
 151571.641   602.690   227.87  109.26
 151948.168   660.068   152.37   49.36
 152324.681   666.143    16.13   30.15
 152701.182   675.044    23.64   41.37
 153077.669   693.544    49.13   48.15
 153454.142   717.934    64.78   36.12
 153830.603   728.449    27.93   22.64
 154207.050   724.275   -11.09   18.45
 154583.484   714.312   -26.47   14.15
 154959.905   704.211   -26.83   17.65
 155336.312   683.300   -55.55   33.95
 155712.706   666.187   -45.46   36.68
 156089.087   643.418   -60.49   35.99
 156465.454   621.200   -59.03   23.49
 156841.808   614.615   -17.49   26.91
 157218.149   605.007   -25.53   29.34
 157594.477   601.666    -8.88   30.53
 157970.791   594.518   -18.99   18.99
 158347.092   593.645    -2.32    9.32
 158723.380   597.773    10.97    9.75
 159099.655   602.978    13.83   11.05
 159475.916   600.902    -5.52   14.76
 159852.164   588.788   -32.19   20.45
 160228.399   574.748   -37.31   22.64
 160604.621   560.432   -38.05   16.49
 160980.829   552.107   -22.13   12.35
 161357.024   544.300   -20.75   13.04
 161733.206   534.715   -25.48   13.27
 162109.375   525.943   -23.31   10.75
 162485.531   522.841    -8.25    8.09
 162861.673   524.147     3.47    9.44
 163237.802   530.282    16.31   12.58
 163613.918   545.080    39.34   25.78
 163990.020   566.446    56.80   46.21
 164366.110   579.997    36.03   51.97
 164742.186   584.594    12.22   50.94
 165118.249   583.806    -2.09   45.35
 165494.299   576.473   -19.50   20.46
 165870.335   581.354    12.98   20.86
 166246.359   587.666    16.78   18.34
 166622.369   593.193    14.70   15.53
 166998.366   597.519    11.50   16.96
 167374.350   604.768    19.28   14.84
 167750.320   611.324    17.44   15.81
 168126.278   621.349    26.66   21.26
 168502.222   633.211    31.55   25.02
 168878.153   648.943    41.84   22.35
 169254.071   662.617    36.37   13.75
 169629.976   674.080    30.49   22.73
 170005.868   673.227    -2.27   23.73
 170381.746   671.968    -3.35   30.74
 170757.612   673.282     3.50   34.39
 171133.464   664.080   -24.48   34.82
 171509.303   658.251   -15.51   28.79
 171885.129   662.268    10.69   23.07
 172260.942   663.129     2.29   23.14
 172636.741   677.018    36.95   27.05
 173012.528   686.568    25.41   28.67
 173388.301   695.306    23.25   29.39
 173764.061   704.282    23.88   28.01
 174139.809   706.878     6.91   32.96
 174515.543   696.235   -28.32   36.17
 174891.263   681.219   -39.96   35.67
 175266.971   668.593   -33.60   28.66
 175642.666   667.033    -4.15   27.43
 176018.347   664.211    -7.51   27.56
 176394.016   661.016    -8.51   27.83
 176769.671   650.250   -28.65   27.16
 177145.313   640.893   -24.91   19.16
 177520.942   635.140   -15.32   12.50
 177896.558   631.958    -8.47   12.58
 178272.161   632.414     1.21   14.61
 178647.751   636.250    10.21   15.49
 179023.328   637.209     2.55   13.05
 179398.892   637.715     1.35   11.96
 179774.442   637.422    -0.78   11.13
 180149.980   639.643     5.91   12.89
 180525.504   648.475    23.52   17.53
 180901.016   658.752    27.36   19.28
 181276.514   661.343     6.90   16.61
 181651.999   663.739     6.38   16.63
 182027.472   672.958    24.55   19.21
 182402.931   681.592    22.99   20.90
 182778.377   695.594    37.29   18.72
 183153.810   706.763    29.75   14.87
 183529.230   720.143    35.63   16.26
 183904.637   737.471    46.15   22.86
 184280.031   752.227    39.30   23.55
 184655.412   769.378    45.68   24.04
 185030.780   785.739    43.58   17.81
 185406.135   793.093    19.59   13.72
 185781.476   789.324   -10.04   16.36
 186156.805   779.830   -25.29   18.08
 186532.121   770.080   -25.97   15.71
 186907.424   761.949   -21.66   13.08
 187282.713   752.518   -25.13   14.60
 187657.990   741.593   -29.11   22.25
 188033.254   726.568   -40.03   25.56
 188408.505   709.958   -44.26   20.49
 188783.742   699.641   -27.49   14.06
 189158.967   694.836   -12.80    9.67
 189534.179   694.519    -0.84   10.00
 189909.378   689.489   -13.40   13.42
 190284.563   679.235   -27.33   17.24
 190659.736   667.286   -31.84   16.44
 191034.896   656.007   -30.06   11.29
 191410.043   651.711   -11.45    9.44
 191785.177   651.118    -1.58   11.23
 192160.297   656.429    14.15   13.48
 192535.405   662.700    16.72   12.07
 192910.500   666.731    10.75   10.73
 193285.582   667.983     3.34   10.29
 193660.651   665.997    -5.29   10.93
 194035.707   659.854   -16.38   15.28
 194410.750   649.260   -28.24   14.33
 194785.781   638.854   -27.74   13.65
 195160.798   629.491   -24.96   10.37
 195535.802   621.473   -21.38   10.69
 195910.793   610.983   -27.97   13.75
 196285.772   603.243   -20.64   12.33
 196660.737   598.497   -12.66    9.56
 197035.690   597.168    -3.54    9.31
 197410.629   602.861    15.18   10.80
 197785.556   609.218    16.95   12.01
 198160.470   614.836    14.98    9.62
 198535.371   617.349     6.70    7.70
 198910.258   614.382    -7.91   11.54
 199285.133   608.893   -14.64   10.57
 199659.996   606.593    -6.13    8.92
 200034.845   610.178     9.56    9.30
 200409.681   613.854     9.81    7.57
 200784.504   615.495     4.38    7.06
 201159.315   614.949    -1.46    8.10
 201534.112   616.363     3.77    9.49
 201908.897   621.568    13.89   12.79
 202283.669   625.184     9.65   12.45
 202658.428   624.021    -3.10   14.31
 203033.174   620.324    -9.86   15.16
 203407.907   608.782   -30.80   15.92
 203782.627   598.393   -27.72   15.31
 204157.335   587.226   -29.80   15.03
 204532.029   572.114   -40.33   19.25
 204906.711   556.418   -41.88   21.15
 205281.380   541.715   -39.24   19.72
 205656.036   530.300   -30.46   14.90
 206030.679   522.389   -21.11   10.96
 206405.309   517.250   -13.71   10.83
 206779.927   512.209   -13.45    9.57
 207154.531   507.275   -13.17    7.33
 207529.123   502.324   -13.22    4.67
 207903.702   499.471    -7.62    4.18
 208278.268   496.841    -7.02    4.92
 208652.821   493.902    -7.85    5.16
 209027.362   490.616    -8.77    5.95
 209401.889   489.196    -3.79    5.61
 209776.404   489.763     1.51    6.35
 210150.906   492.227     6.58    6.20
 210525.395   492.443     0.58    5.60
 210899.871   491.666    -2.08    5.68
 211274.335   488.143    -9.41    6.75
 211648.785   486.544    -4.27    6.09
 212023.223   486.471    -0.20    6.86
 212397.648   487.282     2.17    9.66
 212772.061   492.373    13.59   12.78
 213146.460   499.282    18.45   17.74
 213520.847   510.641    30.34   19.59
 213895.221   521.668    29.45   14.99
 214269.582   526.618    13.22    8.76
 214645.275   526.168    -1.20    7.91
 215022.189   526.641     1.26    7.20
 215399.091   528.902     6.00    9.10
 215775.980   534.618    15.17    9.77
 216152.856   539.854    13.89   10.21
 216529.718   544.693    12.84    8.93
 216906.568   546.324     4.33    7.91
 217283.405   541.878   -11.80   10.24
 217660.229   534.690   -19.07   12.09
 218037.040   523.306   -30.21   19.92
 218413.838   507.184   -42.78   26.16
 218790.623   496.033   -29.59   26.50
 219167.395   497.544     4.01   30.44
 219544.155   500.092     6.76   33.73
 219920.901   508.521    22.37   33.50
 220297.634   520.279    31.21   27.47
 220674.355   526.615    16.82   25.19
 221051.062   534.043    19.72   20.16
 221427.757   544.056    26.58   17.88
 221804.439   552.871    23.40   18.29
 222181.108   568.805    42.30   35.40
 222557.764   600.801    84.93   69.14
 222934.407   623.993    61.57   89.92
 223311.037   596.259   -73.63  108.92
 223687.654   558.402  -100.50  113.58
 224064.258   502.902  -147.35   93.43
 224440.850   457.568  -120.36   69.48
 224817.429   433.543   -63.79   56.84
 225193.994   409.735   -63.21   13.13
 225570.547   404.275   -14.50    6.52
 225947.087   401.268    -7.99    7.37
 226323.614   395.759   -14.63    8.46
 226700.128   389.518   -16.57    7.39
 227076.630   384.373   -13.66    6.92
 227453.118   381.618    -7.32    6.54
 227829.594   379.861    -4.67    6.38
 228206.056   378.202    -4.40    6.73
 228582.506   375.543    -7.06    7.53
 228958.943   371.641   -10.36    8.35
 229335.368   366.910   -12.57    7.89
 229711.779   364.425    -6.60    8.20
 230088.177   360.618   -10.11    8.14
 230464.563   359.402    -3.23    6.97
 230840.936   358.446    -2.54    8.04
 231217.296   354.495   -10.50    9.76
 231593.643   350.693   -10.10   10.62
 231969.978   343.021   -20.38    9.83
 232346.299   337.958   -13.45    8.16
 232722.608   333.282   -12.42    7.41
 233098.904   328.743   -12.06    7.64
 233475.187   329.958     3.23    9.76
 233851.457   334.318    11.58   11.98
 234227.715   339.812    14.60   13.19
 234603.959   341.806     5.30   11.96
 234980.191   336.806   -13.29   14.15
 235356.410   332.425   -11.64   12.77
 235732.616   326.902   -14.68    9.97
 236108.810   325.187    -4.56   10.27
 236484.991   324.861    -0.87    7.69
 236861.158   325.878     2.70    8.62
 237237.314   332.021    16.33    9.31
 237613.456   338.173    16.35    6.06
 237989.586   341.341     8.42    4.52
 238365.702   342.368     2.73    4.32
 238741.806   341.154    -3.23    4.87
 239117.898   342.211     2.81    5.75
 239493.976   345.107     7.70    7.47
 239870.042   347.824     7.22    8.98
 240246.095   349.279     3.87    9.57
 240622.135   349.002    -0.74   10.86
