-169025.074   247.869     0.00   19.26
-168649.012   263.885    42.60   27.22
-168272.967   282.975    50.77   31.89
-167896.936   304.584    57.47   25.94
-167520.921   310.677    16.21   22.26
-167144.922   297.656   -34.64   36.57
-166768.938   270.823   -71.38   39.87
-166392.970   241.049   -79.20   33.43
-166017.017   216.085   -66.41   17.10
-165641.080   204.979   -29.54   15.64
-165265.158   195.049   -26.42   14.31
-164889.252   184.366   -28.42   15.57
-164513.362   174.632   -25.90   14.91
-164137.486   163.288   -30.18   17.64
-163761.627   160.942    -6.24   19.54
-163385.783   161.421     1.28   26.72
-163009.954   157.631   -10.09   30.45
-162634.141   145.951   -31.08   35.75
-162258.343   130.037   -42.35   29.70
-161882.561   115.677   -38.22   25.72
-161506.795   105.886   -26.06   20.43
-161131.044    99.468   -17.08   15.07
-160755.308    99.538     0.19   19.86
-160379.588   104.608    13.50   24.82
-160003.883   118.634    37.34   36.41
-159628.194   126.352    20.55   48.10
-159252.520   118.235   -21.61   49.74
-158876.862   105.165   -34.80   45.43
-158501.219    85.165   -53.25   17.87
-158125.591    77.375   -20.74    5.07
-157749.979    74.799    -6.86    2.18
-157374.383    73.632    -3.11    1.84
-156998.802    72.700    -2.48    1.78
-156623.236    72.654    -0.12    1.74
-156247.686    72.108    -1.45    2.10
-155872.151    70.424    -4.48    2.94
-155496.632    68.956    -3.91    2.95
-155121.128    67.489    -3.91    2.57
-154745.639    66.489    -2.66    2.65
-154370.166    65.537    -2.54    2.80
-153994.709    64.799    -1.97    2.52
-153619.266    63.886    -2.43    2.42
-153243.839    63.347    -1.44    2.81
-152868.428    62.585    -2.03    2.85
-152493.032    62.323    -0.70    2.96
-152117.651    62.119    -0.54    3.03
-151742.286    62.244     0.33    2.82
-151366.936    62.003    -0.64    2.97
-150991.601    61.793    -0.56    2.55
-150616.282    61.286    -1.35    1.95
-150240.978    60.697    -1.57    1.69
-149865.690    59.658    -2.77    1.59
-149490.417    58.704    -2.54    1.47
-149115.159    57.793    -2.43    1.56
-148739.917    56.918    -2.33    1.66
-148364.690    56.288    -1.68    1.76
-147989.478    55.663    -1.67    1.31
-147614.282    55.538    -0.33    1.36
-147239.101    55.227    -0.83    1.57
-146863.936    54.607    -1.65    1.68
-146488.785    53.840    -2.05    1.64
-146113.651    53.219    -1.66    1.66
-145738.531    52.606    -1.63    1.71
-145363.427    51.920    -1.83    1.61
-144988.338    51.370    -1.47    1.33
-144613.264    50.606    -2.04    1.08
-144238.206    50.136    -1.25    1.01
-143863.163    49.584    -1.47    1.15
-143488.135    49.456    -0.34    1.31
-143113.123    49.538     0.22    1.27
-142738.126    49.251    -0.76    1.26
-142363.144    48.933    -0.85    1.46
-141988.177    48.724    -0.56    1.46
-141613.226    48.125    -1.60    1.48
-141238.290    48.288     0.44    1.74
-140863.370    48.125    -0.44    1.83
-140488.464    47.375    -2.00    2.15
-140113.574    46.607    -2.05    2.42
-139738.699    46.024    -1.56    2.16
-139363.840    45.106    -2.45    1.34
-138988.995    44.798    -0.82    1.32
-138614.166    44.538    -0.69    1.50
-138239.353    44.282    -0.68    1.59
-137864.554    44.108    -0.46    1.61
-137489.771    44.085    -0.06    1.66
-137115.003    44.074    -0.03    1.93
-136740.250    43.379    -1.85    2.14
-136365.512    42.511    -2.32    1.89
-135990.790    42.466    -0.12    1.95
-135616.083    42.421    -0.12    2.24
-135241.391    41.878    -1.45    2.33
-134866.714    41.770    -0.29    1.86
-134492.053    42.024     0.68    2.63
-134117.407    41.442    -1.55    2.95
-133742.776    40.488    -2.55    3.51
-133368.160    39.677    -2.16    3.59
-132993.559    38.061    -4.32    3.09
-132618.974    37.049    -2.70    2.57
-132244.404    35.918    -3.02    2.14
-131869.849    35.061    -2.29    1.74
-131495.309    34.537    -1.40    1.67
-131120.784    34.189    -0.93    1.68
-130746.275    34.180    -0.02    1.70
-130371.780    34.061    -0.32    2.11
-129997.301    33.677    -1.02    2.14
-129622.837    33.061    -1.65    1.86
-129248.388    32.536    -1.40    1.75
-128873.955    32.275    -0.70    1.69
-128499.536    32.049    -0.60    1.91
-128125.133    31.947    -0.27    1.77
-127750.745    31.680    -0.71    1.82
-127376.372    31.398    -0.75    1.73
-127002.014    31.305    -0.25    1.76
-126627.671    31.489     0.49    2.09
-126253.344    31.073    -1.11    2.10
-125879.031    31.037    -0.10    1.99
-125504.734    30.561    -1.27    1.98
-125130.452    30.561     0.00    1.63
-124756.185    30.724     0.44    1.59
-124381.933    30.418    -0.82    1.92
-124007.696    30.211    -0.55    2.19
-123633.474    29.493    -1.92    2.16
-123259.267    28.780    -1.90    1.57
-122885.076    29.037     0.69    1.55
-122510.899    29.352     0.84    1.92
-122136.738    29.418     0.18    1.83
-121762.592    29.561     0.38    2.26
-121388.461    29.048    -1.37    2.16
-121014.345    28.697    -0.94    1.92
-120640.244    28.775     0.21    2.04
-120266.158    28.631    -0.39    1.83
-119890.282    28.775     0.38    2.05
-119513.176    28.920     0.38    2.17
-119136.085    29.084     0.43    2.24
-118759.009    28.561    -1.39    1.97
-118381.949    28.537    -0.06    2.28
-118004.904    28.061    -1.26    2.11
-117627.874    28.048    -0.03    1.97
-117250.860    27.697    -0.93    2.14
-116873.861    27.740     0.11    2.16
-116496.877    27.584    -0.41    2.28
-116119.909    27.352    -0.62    2.51
-115742.956    26.632    -1.91    2.45
-115366.018    26.015    -1.64    2.58
-114989.095    25.403    -1.62    2.32
-114612.188    25.265    -0.37    2.30
-114235.296    25.108    -0.42    2.21
-113858.420    24.631    -1.27    1.93
-113481.558    24.817     0.49    1.68
-113104.712    25.125     0.82    1.71
-112727.881    25.288     0.43    2.05
-112351.065    25.304     0.04    2.10
-111974.265    25.189    -0.31    1.96
-111597.480    25.156    -0.09    2.21
-111220.710    25.330     0.46    1.90
-110843.956    25.061    -0.71    2.06
-110467.216    24.745    -0.84    2.06
-110090.492    24.537    -0.55    2.18
-109713.783    24.072    -1.23    2.22
-109337.090    24.024    -0.13    2.49
-108960.411    23.788    -0.63    2.44
-108583.748    23.113    -1.79    2.63
-108207.100    22.674    -1.17    2.90
-107830.467    22.352    -0.86    2.79
-107453.850    21.894    -1.21    2.46
-107077.247    21.654    -0.64    2.50
-106700.660    20.843    -2.15    2.25
-106324.088    20.561    -0.75    2.47
-105947.531    19.683    -2.33    2.16
-105570.990    19.468    -0.57    2.33
-105194.463    20.275     2.14    3.29
-104817.952    20.756     1.28    2.88
-104441.456    21.515     2.02    2.69
-104064.976    21.011    -1.34    2.92
-103688.510    20.171    -2.23    2.66
-103312.059    19.491    -1.81    2.13
-102935.624    19.049    -1.18    2.21
-102559.204    18.863    -0.49    2.09
-102182.799    18.484    -1.01    2.18
-101806.409    19.037     1.47    2.44
-101430.035    19.632     1.58    2.63
-101053.675    20.013     1.01    2.70
-100677.331    20.180     0.44    2.92
-100301.002    19.861    -0.85    2.87
 -99924.687    19.235    -1.66    2.71
 -99548.389    19.061    -0.46    2.64
 -99172.105    18.878    -0.49    2.23
 -98795.836    19.418     1.44    2.47
 -98419.582    19.347    -0.19    2.71
 -98043.344    19.418     0.19    3.02
 -97667.121    19.632     0.57    2.98
 -97290.913    20.212     1.54    2.82
 -96914.719    19.956    -0.68    2.81
 -96538.541    19.966     0.03    2.74
 -96162.379    19.466    -1.33    3.02
 -95786.231    18.375    -2.90    2.74
 -95410.098    18.037    -0.90    3.05
 -95033.980    17.704    -0.89    3.45
 -94657.878    17.421    -0.75    3.26
 -94281.791    17.251    -0.45    3.06
 -93905.718    16.793    -1.22    2.82
 -93529.661    16.085    -1.88    2.64
 -93153.619    15.585    -1.33    2.41
 -92777.592    14.414    -3.11    1.89
 -92401.579    14.189    -0.60    1.70
 -92025.582    14.421     0.62    1.79
 -91649.601    15.072     1.73    2.68
 -91273.634    15.677     1.61    3.07
 -90897.682    16.466     2.10    2.99
 -90521.745    16.870     1.08    3.47
 -90145.823    16.275    -1.58    3.27
 -89769.917    15.398    -2.33    3.39
 -89394.025    14.817    -1.55    2.85
 -89018.148    15.227     1.09    2.75
 -88642.287    15.707     1.28    2.72
 -88266.440    16.049     0.91    2.81
 -87890.608    16.204     0.41    2.73
 -87514.792    16.466     0.70    2.56
 -87138.990    15.680    -2.09    2.99
 -86763.204    14.966    -1.90    2.66
 -86387.432    14.585    -1.01    2.65
 -86011.676    14.011    -1.53    1.84
 -85635.934    15.013     2.67    2.27
 -85260.208    14.761    -0.67    2.82
 -84884.496    14.347    -1.10    3.08
 -84508.800    13.775    -1.52    3.27
 -84133.118    12.870    -2.41    2.50
 -83757.451    12.394    -1.27    2.40
 -83381.800    12.099    -0.79    2.04
 -83006.163    12.724     1.66    2.50
 -82630.542    12.146    -1.54    1.77
 -82254.935    12.227     0.22    1.76
 -81879.343    11.894    -0.89    1.80
 -81503.766    11.636    -0.69    1.87
 -81128.205    12.038     1.07    2.09
 -80752.658    11.843    -0.52    2.10
 -80377.126    12.204     0.96    2.08
 -80001.609    12.142    -0.16    2.27
 -79626.107    11.608    -1.42    2.16
 -79250.620    11.243    -0.97    1.71
 -78875.148    11.151    -0.25    2.40
 -78499.690    12.038     2.36    2.52
 -78124.248    12.227     0.50    2.85
 -77748.821    12.305     0.21    2.79
 -77373.408    11.823    -1.28    2.58
 -76998.011    11.956     0.35    2.18
 -76622.628    12.038     0.22    1.90
 -76247.260    11.945    -0.25    1.71
 -75871.908    11.677    -0.71    1.82
 -75496.570    11.656    -0.06    1.76
 -75121.247    11.361    -0.79    1.67
 -74745.938    11.697     0.90    1.85
 -74370.645    12.456     2.02    2.67
 -73995.367    12.631     0.47    2.59
 -73620.103    12.979     0.93    2.94
 -73244.855    12.870    -0.29    2.88
 -72869.621    12.424    -1.19    3.22
 -72494.402    12.689     0.71    3.32
 -72119.198    12.334    -0.95    2.82
 -71744.009    12.442     0.29    3.05
 -71368.835    11.727    -1.90    2.70
 -70993.676    11.227    -1.33    2.67
 -70618.531    10.853    -1.00    2.72
 -70243.401    10.356    -1.33    2.14
 -69868.287    10.486     0.35    2.43
 -69493.187    10.680     0.52    2.29
 -69118.101    10.847     0.44    2.63
 -68743.031    10.805    -0.11    1.84
 -68367.976    11.323     1.38    2.08
 -67992.935    12.251     2.48    2.59
 -67617.909    13.037     2.10    3.09
 -67242.898    13.204     0.44    3.18
 -66867.902    12.724    -1.28    3.15
 -66492.920    12.347    -1.01    3.34
 -66117.954    12.561     0.57    3.41
 -65743.002    13.251     1.84    3.39
 -65368.065    13.061    -0.51    3.47
 -64993.143    12.317    -1.98    3.46
 -64618.236    11.894    -1.13    3.30
 -64243.343    11.632    -0.70    3.00
 -63868.465    12.084     1.20    2.93
 -63493.602    12.910     2.20    2.51
 -63118.754    12.608    -0.80    2.01
 -62743.921    13.463     2.28    2.79
 -62369.102    13.585     0.33    2.77
 -61994.298    13.654     0.18    3.09
 -61619.509    13.513    -0.38    3.05
 -61244.735    13.156    -0.95    3.00
 -60869.975    13.013    -0.38    3.24
 -60495.230    12.878    -0.36    3.15
 -60120.500    12.736    -0.38    2.92
 -59745.785    12.398    -0.90    2.53
 -59371.084    12.136    -0.70    2.79
 -58996.398    11.608    -1.41    2.89
 -58621.727    11.108    -1.33    3.01
 -58247.071     9.886    -3.26    2.51
 -57872.429     9.847    -0.11    2.49
 -57497.802    10.125     0.74    2.62
 -57123.190    10.720     1.59    3.17
 -56748.593    10.634    -0.23    3.57
 -56374.010    10.680     0.12    3.37
 -55999.442    10.317    -0.97    3.22
 -55624.889    10.099    -0.58    2.67
 -55250.350     9.311    -2.11    2.45
 -54875.826     9.227    -0.22    2.18
 -54501.317     8.751    -1.27    2.00
 -54126.822     8.235    -1.38    2.12
 -53752.343     8.251     0.04    2.08
 -53377.877     8.856     1.62    2.25
 -53003.427     9.771     2.44    2.72
 -52628.991    10.174     1.08    2.43
 -52254.570    10.219     0.12    2.33
 -51880.164    10.561     0.91    2.66
 -51505.772     9.656    -2.42    2.95
 -51131.395     8.920    -1.97    2.77
 -50757.032     8.197    -1.93    1.94
 -50382.685     7.824    -1.00    1.39
 -50008.352     7.951     0.34    1.14
 -49634.033     8.212     0.70    1.11
 -49259.729     8.317     0.28    1.16
 -48885.440     8.189    -0.34    1.09
 -48511.166     7.997    -0.51    1.12
 -48136.906     7.918    -0.21    1.28
 -47762.661     7.756    -0.43    1.31
 -47388.430     7.632    -0.33    1.31
 -47014.214     7.370    -0.70    1.50
 -46640.013     7.204    -0.45    1.48
 -46265.826     6.775    -1.15    1.72
 -45891.654     6.037    -1.97    1.60
 -45517.496     6.394     0.95    1.77
 -45143.353     7.341     2.53    2.51
 -44766.996     8.751     3.75    2.80
 -44389.935     9.491     1.96    2.21
 -44012.888     9.375    -0.31    2.10
 -43635.857     9.000    -0.99    1.73
 -43258.841     8.986    -0.04    1.41
 -42881.839     9.439     1.20    1.68
 -42504.852     9.282    -0.42    1.79
 -42127.880     9.375     0.25    1.94
 -41750.923     8.894    -1.28    2.09
 -41373.981     8.658    -0.63    1.80
 -40997.053     8.870     0.56    1.76
 -40620.141     8.886     0.04    2.17
 -40243.243     9.026     0.37    2.11
 -39866.360     8.466    -1.49    2.35
 -39489.492     8.442    -0.06    2.23
 -39112.638     7.870    -1.52    2.56
 -38735.800     7.951     0.21    2.87
 -38358.976     8.870     2.44    3.39
 -37982.167     9.608     1.96    3.46
 -37605.372    10.146     1.43    3.28
 -37228.593    10.654     1.35    2.26
 -36851.828    10.513    -0.37    2.25
 -36475.078    10.366    -0.39    2.32
 -36098.343     9.727    -1.69    2.67
 -35721.622     9.073    -1.74    2.72
 -35344.917     8.073    -2.65    2.30
 -34968.226     7.489    -1.55    2.09
 -34591.550     7.680     0.51    2.23
 -34214.888     7.936     0.68    2.19
 -33838.242     7.918    -0.05    2.09
 -33461.610     7.097    -2.18    2.43
 -33084.992     6.108    -2.63    1.99
 -32708.390     6.132     0.06    2.46
 -32331.802     6.261     0.34    2.41
 -31955.229     6.765     1.34    2.51
 -31578.671     7.414     1.72    2.29
 -31202.128     7.466     0.14    1.94
 -30825.599     7.293    -0.46    1.94
 -30449.085     7.161    -0.35    2.00
 -30072.585     6.606    -1.47    1.84
 -29696.101     6.202    -1.07    1.80
 -29319.631     6.704     1.33    1.86
 -28943.175     6.894     0.51    1.69
 -28566.735     7.700     2.14    1.97
 -28190.309     7.956     0.68    2.21
 -27813.898     8.356     1.06    2.10
 -27437.501     8.311    -0.12    2.08
 -27061.119     7.847    -1.23    1.76
 -26684.752     7.352    -1.32    1.91
 -26308.400     6.394    -2.54    1.90
 -25932.062     6.034    -0.96    1.62
 -25555.739     6.379     0.92    1.72
 -25179.430     7.386     2.68    2.05
 -24803.137     7.894     1.35    2.14
 -24426.858     8.180     0.76    2.25
 -24050.593     8.381     0.54    2.25
 -23674.343     7.697    -1.82    2.06
 -23298.108     7.202    -1.32    2.01
 -22921.888     6.989    -0.56    2.06
 -22545.682     7.015     0.07    2.03
 -22169.490     6.461    -1.47    1.69
 -21793.314     6.993     1.41    2.03
 -21417.152     7.877     2.35    2.27
 -21041.004     8.421     1.45    2.26
 -20664.872     9.003     1.55    2.44
 -20288.753     8.823    -0.48    2.71
 -19912.650     9.072     0.66    3.00
 -19536.561     9.279     0.55    3.01
 -19160.487     9.197    -0.22    2.74
 -18784.427     9.878     1.81    2.37
 -18408.382    10.037     0.42    2.54
 -18032.352    10.608     1.52    2.42
 -17656.336    10.811     0.54    2.46
 -17280.334    10.447    -0.97    2.25
 -16904.348    10.636     0.50    2.12
 -16528.375     9.727    -2.42    2.12
 -16152.418     9.370    -0.95    2.59
 -15776.475     8.780    -1.57    2.72
 -15400.547     8.275    -1.34    2.49
 -15024.633     7.861    -1.10    2.58
 -14648.733     8.680     2.18    2.67
 -14272.849     8.608    -0.19    2.77
 -13896.979     8.683     0.20    2.56
 -13521.123     8.195    -1.30    2.43
 -13145.282     7.275    -2.45    2.47
 -12769.455     6.366    -2.42    2.35
 -12393.643     5.751    -1.63    2.13
 -12017.846     5.817     0.17    2.08
 -11642.063     5.966     0.40    2.19
 -11266.295     6.189     0.59    2.14
 -10890.541     6.347     0.42    2.09
 -10514.802     6.491     0.38    2.19
 -10139.077     6.634     0.38    2.27
  -9763.367     6.707     0.19    2.42
  -9387.671     7.680     2.59    2.94
  -9011.990     8.584     2.41    2.83
  -8636.323     9.013     1.14    2.39
  -8260.671     9.491     1.27    2.28
  -7885.033     9.061    -1.15    2.46
  -7509.410     8.244    -2.18    2.65
  -7133.801     7.258    -2.62    2.20
  -6758.207     6.989    -0.72    1.71
  -6382.627     6.537    -1.20    1.51
  -6007.062     6.966     1.14    1.43
  -5631.511     7.268     0.81    1.49
  -5255.975     7.341     0.19    1.56
  -4880.453     7.156    -0.49    1.48
  -4504.946     7.122    -0.09    1.55
  -4129.453     6.894    -0.61    1.62
  -3753.975     6.390    -1.34    2.21
  -3378.511     5.836    -1.48    2.36
  -3003.061     5.538    -0.79    2.23
  -2627.626     5.176    -0.96    2.36
  -2252.206     5.394     0.58    1.89
  -1876.799     5.680     0.76    1.56
  -1501.408     5.886     0.55    1.41
  -1126.030     4.418    -3.91    3.08
   -750.668     2.903    -4.04    3.50
   -375.319     1.402    -4.00    3.20
      0.015    -0.339    -4.64    0.63
    375.334    -0.439    -0.27    0.00
    750.639    -0.439     0.00    0.00
   1125.930    -0.439     0.00    0.00
   1501.206    -0.439     0.00    0.00
   1876.468     0.663     2.94    3.27
   2251.716     3.204     6.77    5.28
   2626.949     6.402     8.52    5.38
   3002.167     8.336     5.15    3.90
   3377.372     8.743     1.08    2.30
   3752.562     7.508    -3.29    2.40
   4127.737     6.538    -2.59    2.38
   4502.898     5.747    -2.11    2.21
   4878.045     5.251    -1.32    2.14
   5253.177     5.561     0.83    2.28
   5628.295     5.458    -0.27    2.41
   6003.399     5.654     0.52    2.51
   6378.488     5.711     0.15    2.49
   6753.563     5.927     0.58    2.74
   7128.624     5.823    -0.28    3.06
   7503.670     5.390    -1.15    2.93
   7878.701     5.085    -0.81    2.99
   8253.719     4.463    -1.66    2.49
   8628.722     3.961    -1.34    2.06
   9003.711     3.989     0.08    1.89
   9378.685     3.870    -0.32    1.91
   9753.645     3.829    -0.11    2.05
  10128.591     3.863     0.09    1.90
  10503.522     4.146     0.75    2.31
  10878.439     4.370     0.60    2.29
  11253.342     4.514     0.38    2.31
  11628.231     4.466    -0.13    2.14
  12003.105     4.421    -0.12    1.96
  12377.965     4.156    -0.71    1.89
  12752.810     3.775    -1.02    1.60
  13127.641     3.585    -0.51    1.46
  13502.458     4.122     1.43    1.78
  13877.261     4.536     1.11    2.03
  14252.049     4.512    -0.07    2.22
  14626.823     4.439    -0.20    2.61
  15001.583     4.061    -1.01    2.40
  15376.328     3.341    -1.92    2.01
  15751.059     3.251    -0.24    1.76
  16125.776     3.407     0.42    1.29
  16500.479     3.491     0.22    1.26
  16875.167     3.219    -0.73    1.30
  17249.841     2.989    -0.61    1.27
  17624.501     3.122     0.35    1.42
  17999.147     2.956    -0.44    1.35
  18373.778     2.924    -0.08    1.40
  18748.395     3.330     1.08    1.20
  19122.998     3.341     0.03    1.19
  19497.586     3.886     1.46    2.07
  19872.160     4.439     1.47    2.17
  20246.720     4.674     0.63    2.23
  20621.266     4.850     0.47    2.22
  20995.798     4.334    -1.38    1.61
  21370.315     4.268    -0.17    1.47
  21744.818     4.305     0.10    1.45
  22119.307     4.561     0.68    1.43
  22493.782     4.458    -0.27    1.39
  22868.242     4.243    -0.58    1.33
  23242.689     4.407     0.44    1.53
  23617.121     4.037    -0.99    1.78
  23991.538     3.829    -0.56    1.91
  24365.942     3.780    -0.13    1.89
  24740.332     3.652    -0.34    1.58
  25114.707     3.894     0.65    1.66
  25489.068     3.966     0.19    1.80
  25863.415     4.165     0.53    1.81
  26237.747     4.073    -0.25    1.79
  26612.066     4.390     0.85    1.83
  26986.370     4.786     1.06    1.95
  27360.660     5.463     1.81    2.10
  27734.936     5.975     1.37    2.34
  28109.198     6.394     1.12    2.26
  28483.446     6.251    -0.38    1.92
  28857.679     6.299     0.13    1.68
  29231.899     6.491     0.51    1.64
  29606.104     6.561     0.19    1.85
  29980.295     7.061     1.34    2.32
  30357.115     7.488     1.13    2.10
  30734.132     7.390    -0.26    2.04
  31111.135     7.656     0.71    1.82
  31488.123     7.418    -0.63    1.95
  31865.097     7.347    -0.19    1.83
  32242.056     7.366     0.05    1.68
  32619.001     7.975     1.62    1.73
  32995.932     8.352     1.00    1.49
  33372.849     8.799     1.19    1.41
  33749.751     8.823     0.06    1.27
  34126.638     8.727    -0.25    1.32
  34503.512     9.073     0.92    1.70
  34880.371     9.244     0.45    1.79
  35257.216     9.156    -0.23    1.86
  35634.046     9.439     0.75    1.82
  36010.862     9.707     0.71    1.70
  36387.664     9.951     0.65    1.45
  36764.452    10.711     2.02    1.44
  37141.225    11.561     2.26    2.08
  37517.984    12.146     1.55    1.90
  37894.728    12.632     1.29    1.93
  38271.458    12.853     0.59    1.95
  38648.174    12.886     0.09    1.75
  39024.876    12.840    -0.12    1.59
  39401.563    13.304     1.23    1.55
  39778.236    14.132     2.20    2.32
  40154.895    14.442     0.82    2.19
  40531.539    14.886     1.18    1.95
  40908.170    15.537     1.73    1.88
  41284.786    15.689     0.40    1.73
  41661.387    15.720     0.08    1.68
  42037.975    15.799     0.21    1.71
  42414.548    16.026     0.60    1.55
  42791.107    16.189     0.43    1.51
  43167.651    16.534     0.92    1.52
  43544.182    16.652     0.31    1.68
  43920.698    16.886     0.62    1.62
  44297.200    17.106     0.59    1.65
  44673.687    17.061    -0.12    1.37
  45050.160    17.022    -0.10    1.07
  45426.620    17.402     1.01    1.33
  45803.065    17.638     0.63    1.83
  46179.495    18.146     1.35    2.10
  46555.912    18.370     0.60    2.32
  46932.314    18.330    -0.11    2.11
  47308.702    18.356     0.07    1.80
  47685.076    18.166    -0.51    1.53
  48061.435    18.853     1.83    1.83
  48437.780    19.677     2.19    1.98
  48814.112    20.439     2.02    1.89
  49190.429    21.288     2.26    1.76
  49566.731    21.561     0.72    1.38
  49943.020    21.727     0.44    1.31
  50319.294    21.770     0.11    1.55
  50695.554    21.989     0.58    2.01
  51071.800    22.418     1.14    2.16
  51448.032    22.894     1.27    1.80
  51824.250    23.656     2.03    1.72
  52200.453    24.000     0.91    1.47
  52576.642    24.585     1.55    1.63
  52952.818    25.180     1.58    1.70
  53328.979    25.683     1.34    1.69
  53705.125    26.341     1.75    1.47
  54081.258    27.061     1.91    1.97
  54457.376    27.658     1.59    1.70
  54833.481    27.536    -0.32    1.62
  55209.571    27.704     0.44    1.66
  55585.647    27.390    -0.83    1.45
  55961.709    27.305    -0.23    1.27
  56337.757    27.632     0.87    1.92
  56713.790    27.786     0.41    1.98
  57089.810    28.180     1.05    1.91
  57465.815    28.817     1.69    1.72
  57841.806    29.165     0.93    1.51
  58217.783    29.219     0.14    1.57
  58593.746    29.711     1.31    1.66
  58969.695    30.049     0.90    1.55
  59345.630    30.956     2.41    2.08
  59721.551    31.894     2.50    1.90
  60097.457    32.656     2.03    1.66
  60473.350    32.775     0.32    1.39
  60849.228    33.585     2.16    1.44
  61225.092    34.146     1.49    1.24
  61600.942    34.585     1.17    1.16
  61976.779    35.341     2.01    1.27
  62352.601    35.585     0.65    1.32
  62728.409    36.195     1.62    1.20
  63104.202    36.611     1.11    1.24
  63479.982    36.966     0.94    1.25
  63855.748    37.411     1.18    1.17
  64231.500    38.061     1.73    1.35
  64607.237    38.656     1.58    1.36
  64982.961    39.282     1.67    1.44
  65358.670    39.918     1.69    1.19
  65734.366    40.586     1.78    1.22
  66110.047    41.334     1.99    1.51
  66485.714    42.366     2.75    1.63
  66861.368    43.235     2.31    1.49
  67237.007    43.918     1.82    1.51
  67612.632    44.534     1.64    1.44
  67988.243    44.697     0.43    1.39
  68363.841    45.099     1.07    1.37
  68739.424    45.536     1.16    1.15
  69114.993    45.894     0.95    1.41
  69490.548    46.612     1.91    1.97
  69866.089    47.288     1.80    1.81
  70241.616    48.125     2.23    1.93
  70617.129    49.146     2.72    1.95
  70992.628    49.870     1.93    1.73
  71368.113    51.122     3.33    1.90
  71743.584    52.106     2.62    1.76
  72119.042    52.689     1.55    1.63
  72494.485    53.323     1.69    1.54
  72869.914    53.886     1.50    1.48
  73245.329    54.799     2.43    1.57
  73620.730    55.680     2.35    1.64
  73996.117    57.061     3.68    2.17
  74371.490    57.823     2.03    1.98
  74746.850    58.361     1.43    1.83
  75122.195    58.608     0.66    1.45
  75497.526    59.146     1.43    1.88
  75872.843    59.347     0.53    1.85
  76248.147    59.780     1.16    1.82
  76623.436    60.204     1.13    1.87
  76998.712    60.585     1.02    1.68
  77373.973    61.085     1.33    1.69
  77749.221    61.537     1.21    1.67
  78124.455    61.979     1.18    1.43
  78499.674    62.466     1.30    1.49
  78874.880    63.366     2.40    1.93
  79250.072    63.486     0.32    2.30
  79625.250    63.073    -1.10    2.45
  80000.414    62.751    -0.86    2.70
  80375.564    62.847     0.25    2.77
  80750.700    63.799     2.54    3.11
  81125.822    65.180     3.68    3.23
  81500.931    67.661     6.61    3.10
  81876.025    71.634    10.59    9.80
  82251.106    80.608    23.93   19.91
  82626.172   101.073    54.56   36.84
  83001.225   114.049    34.59   34.73
  83376.264   113.024    -2.73   30.04
  83751.289   104.536   -22.63   29.46
  84126.300    91.445   -34.91   26.98
  84501.297    75.253   -43.17    6.86
  84876.281    71.096   -11.09    3.83
  85251.250    69.180    -5.11    1.74
  85626.206    69.204     0.06    1.54
  86001.147    69.840     1.70    1.59
  86376.075    70.798     2.55    1.75
  86750.989    71.243     1.19    1.99
  87125.889    72.236     2.65    2.03
  87500.776    73.049     2.17    2.04
  87875.648    74.275     3.27    1.89
  88250.507    75.125     2.27    1.86
  88625.352    77.197     5.53    4.06
  89000.182    79.176     5.28    4.04
  89374.999    80.610     3.82    3.23
  89749.803    82.097     3.97    2.86
  90124.592    83.293     3.19    2.98
  90499.368    84.970     4.48    3.38
  90874.129    87.192     5.93    3.36
  91248.877    90.227     8.10    4.59
  91623.611    95.466    13.98    6.86
  91998.332   100.732    14.05    9.37
  92373.038   119.805    50.90   45.06
  92747.731   159.061   104.76   84.52
  93122.410   233.512   198.69  130.53
  93497.075   320.347   231.75  131.34
  93871.726   360.654   107.58  106.88
  94246.364   358.061    -6.92   98.72
  94620.987   298.370  -159.32  110.54
  94995.597   229.275  -184.43   89.67
  95370.193   182.894  -123.81   70.94
  95744.776   142.073  -108.97   42.87
  96119.344   136.786   -14.11   40.66
  96493.899   163.049    70.11   62.55
  96868.440   192.610    78.92   61.78
  97242.967   217.000    65.12   49.27
  97617.481   209.244   -20.71   47.25
  97991.980   187.780   -57.31   49.17
  98366.466   161.513   -70.14   34.54
  98740.939   145.894   -41.71   15.41
  99115.397   140.085   -15.51   10.97
  99489.842   136.317   -10.06    4.16
  99864.273   136.775     1.22    3.91
 100238.690   135.927    -2.27    4.54
 100613.094   135.245    -1.82    4.68
 100987.483   135.993     2.00    5.33
 101361.859   140.458    11.93   11.00
 101736.222   146.204    15.35   10.69
 102110.570   154.445    22.01   17.91
 102484.905   166.986    33.50   28.21
 102859.226   199.174    85.99   52.74
 103233.534   236.534    99.80   63.84
 103607.827   277.258   108.79   56.72
 103982.107   330.275   141.64   48.70
 104356.374   347.918    47.14   57.83
 104730.626   309.142  -103.60   99.43
 105105.144   244.792  -171.81  107.23
 105482.135   179.902  -172.11   74.17
 105859.111   141.886  -100.84   13.52
 106236.074   141.013    -2.31    7.83
 106613.023   146.097    13.49    8.21
 106989.959   155.161    24.04   18.08
 107366.880   172.793    46.78   33.05
 107743.787   188.036    40.44   33.67
 108120.681   208.414    54.07   30.47
 108497.560   230.439    58.43   30.87
 108874.426   247.341    44.85   33.57
 109251.278   267.727    54.09   27.58
 109628.116   287.786    53.22   19.61
 110004.940   301.086    35.29   21.04
 110381.750   318.180    45.36   19.98
 110758.546   326.195    21.27   17.80
 111135.329   321.275   -13.06   23.01
 111512.098   306.323   -39.68   32.59
 111888.852   286.861   -51.65   29.37
 112265.593   267.073   -52.52   16.31
 112642.320   254.894   -32.33   16.48
 113019.034   246.512   -22.25   17.47
 113395.733   236.770   -25.86   26.48
 113772.419   231.512   -13.96   27.86
 114149.090   244.011    33.18   40.66
 114525.748   272.561    75.79   50.93
 114902.392   302.840    80.38   39.93
 115279.023   324.607    57.79   16.31
 115655.639   326.013     3.73   14.74
 116032.242   319.336   -17.73   19.06
 116408.831   310.756   -22.78   18.16
 116785.406   305.840   -13.05   16.77
 117161.967   308.366     6.71   15.26
 117538.514   316.894    22.65   11.40
 117915.048   320.036     8.34   11.08
 118291.568   324.756    12.54    8.28
 118668.074   328.186     9.11    7.43
 119044.566   331.439     8.64    8.20
 119421.044   335.975    12.05    6.85
 119797.509   339.683     9.85    4.88
 120173.960   343.317     9.65    4.87
 120550.397   346.636     8.82    4.95
 120926.821   351.585    13.15    7.52
 121303.230   356.761    13.75    7.74
 121679.626   360.013     8.64    5.88
 122056.008   361.513     3.98    4.44
 122432.376   360.927    -1.56    4.52
 122808.731   359.894    -2.74    3.68
 123185.072   359.176    -1.91    3.15
 123561.399   358.119    -2.81    2.90
 123937.712   356.466    -4.39    3.92
 124314.012   354.108    -6.26    5.13
 124690.297   350.561    -9.43    5.50
 125066.570   346.403   -11.05    5.74
 125442.828   344.038    -6.28    4.85
 125819.073   341.936    -5.59    5.44
 126195.304   340.282    -4.40    5.75
 126571.521   337.489    -7.42    5.26
 126947.724   335.458    -5.40    4.86
 127323.914   333.493    -5.22    5.05
 127700.090   331.945    -4.11    4.79
 128076.252   331.466    -1.28    5.01
 128452.401   332.683     3.24    6.89
 128828.536   332.843     0.43    7.38
 129204.657   334.174     3.54    6.57
 129580.765   334.903     1.94    5.19
 129956.859   333.219    -4.48    4.62
 130332.939   331.244    -5.25    5.15
 130709.005   328.244    -7.98    5.84
 131085.058   324.724    -9.36    4.50
 131461.097   322.166    -6.80    2.74
 131837.123   321.122    -2.78    2.53
 132213.134   320.180    -2.50    2.54
 132589.133   319.951    -0.61    2.83
 132965.117   321.585     4.34    5.28
 133341.088   323.436     4.92    5.48
 133717.045   327.286    10.24    5.91
 134092.988   332.986    15.16    7.36
 134468.918   335.489     6.66    6.55
 134844.834   339.853    11.61    9.71
 135220.737   337.823    -5.40   11.72
 135596.626   334.634    -8.48   12.33
 135972.501   332.366    -6.03   14.25
 136348.363   330.370    -5.31   11.88
 136724.211   333.323     7.85   12.16
 137100.045   333.323     0.00    7.82
 137475.866   334.989     4.43    7.24
 137851.673   339.204    11.21    8.80
 138227.467   341.561     6.27    9.04
 138603.247   343.219     4.41    8.27
 138979.013   346.853     9.67    6.49
 139354.765   349.268     6.43    6.45
 139730.505   352.146     7.66    7.05
 140106.230   356.156    10.67    6.06
 140481.942   359.286     8.33    6.03
 140857.640   361.966     7.13    6.01
 141233.325   364.612     7.04    5.87
 141608.996   368.704    10.89    6.78
 141984.654   374.966    16.67    7.96
 142360.297   379.212    11.30    7.21
 142735.928   383.180    10.56    5.02
 143111.545   383.587     1.08    4.32
 143487.148   383.834     0.66    5.14
 143862.737   385.732     5.05    6.05
 144238.314   386.282     1.46    6.13
 144613.876   388.244     5.22    5.25
 144989.425   388.304     0.16    5.30
 145364.960   388.152    -0.41    4.34
 145740.482   390.535     6.35    4.81
 146115.991   393.683     8.38    5.72
 146491.485   399.347    15.08    7.57
 146866.967   409.484    27.00   19.62
 147242.434   432.493    61.27   37.63
 147617.889   458.587    69.49   46.10
 147993.329   486.975    75.60   49.85
 148368.756   505.370    48.99   55.92
 148744.170   504.414    -2.55   54.42
 149119.570   508.084     9.77   55.81
 149494.956   518.792    28.52   47.78
 149870.329   523.704    13.08   39.40
 150245.689   537.394    36.47   20.12
 150621.035   524.805   -33.54   21.59
 150996.367   516.097   -23.20   20.63
 151371.686   515.811    -0.76   24.76
 151746.992   508.975   -18.21   36.96
 152122.284   500.439   -22.74   45.85
 152497.562   487.375   -34.81   41.07
 152872.827   471.585   -42.07   31.94
 153248.079   464.870   -17.89   29.02
 153623.317   464.780    -0.24   25.92
 153998.542   467.608     7.54   28.59
 154373.753   482.268    39.07   31.13
 154748.950   497.829    41.47   23.40
 155124.135   499.661     4.88   19.32
 155499.305   498.727    -2.49   17.44
 155874.462   496.000    -7.27   17.08
 156249.606   507.727    31.26   23.77
 156624.737   524.707    45.26   22.87
 156999.853   536.414    31.21   15.96
 157374.957   541.336    13.12    8.82
 157750.047   539.585    -4.67    7.89
 158125.123   536.756    -7.54    6.47
 158500.186   535.251    -4.01    6.04
 158875.236   537.966     7.24    5.85
 159250.272   539.719     4.67    6.66
 159625.295   544.220    12.00    8.18
 160000.304   547.512     8.78    6.37
 160375.300   548.989     3.94    5.27
 160750.283   548.366    -1.66    4.78
 161125.252   547.202    -3.10    3.96
 161500.208   548.265     2.84    4.13
 161875.150   551.484     8.58    5.17
 162250.079   554.658     8.47    5.15
 162624.994   556.853     5.85    4.39
 162999.896   557.336     1.29    4.49
 163374.785   555.674    -4.43    5.65
 163749.660   552.245    -9.15    5.37
 164124.522   549.227    -8.05    5.60
 164499.371   545.770    -9.22    5.05
 164874.206   543.512    -6.02    5.31
 165249.028   540.537    -7.94    4.98
 165623.836   538.792    -4.66    5.18
 165998.631   538.370    -1.12    5.26
 166373.413   537.244    -3.01    5.32
 166748.181   535.489    -4.68    6.31
 167122.936   531.268   -11.26    8.54
 167497.677   526.512   -12.69    7.69
 167872.405   523.049    -9.24    4.86
 168247.120   522.049    -2.67    3.84
 168621.822   525.024     7.94    5.01
 168996.510   529.132    10.96    5.43
 169371.185   531.918     7.43    5.41
 169745.846   534.165     6.00    4.84
 170120.494   536.442     6.08    5.73
 170495.129   538.514     5.53    6.31
 170869.750   540.561     5.46    6.40
 171244.358   544.661    10.94    6.15
 171618.953   547.311     7.07    5.97
 171993.535   550.585     8.74    5.95
 172368.103   554.732    11.07    6.85
 172742.657   559.275    12.13    8.60
 173117.199   566.536    19.38    9.47
 173491.727   571.561    13.41    7.05
 173866.242   572.515     2.55    5.60
 174240.744   573.853     3.57    5.09
 174615.232   575.195     3.58    5.11
 174989.707   575.707     1.37    4.55
 175364.169   575.510    -0.53    4.41
 175738.617   573.515    -5.32    5.02
 176113.052   570.048    -9.26    5.77
 176487.474   566.442    -9.63    5.79
 176861.883   564.096    -6.27    6.00
 177236.278   562.736    -3.63    6.56
 177610.660   560.220    -6.72    6.97
 177985.029   556.482    -9.98    6.55
 178359.384   553.537    -7.87    5.57
 178733.726   552.212    -3.54    4.89
 179108.055   551.656    -1.48    4.61
 179482.371   553.632     5.28    5.85
 179856.673   554.920     3.44    5.49
 180231.717   555.132     0.57    5.44
 180608.664   556.611     3.92    6.34
 180985.598   558.536     5.11    6.06
 181362.519   561.463     7.76    5.86
 181739.426   563.853     6.34    4.77
 182116.320   563.634    -0.58    4.78
 182493.201   560.761    -7.62    5.94
 182870.068   557.219    -9.40    6.46
 183246.921   554.341    -7.64    5.57
 183623.761   552.251    -5.55    5.55
 184000.588   550.122    -5.65    6.02
 184377.401   547.275    -7.55    8.50
 184754.201   541.341   -15.75   12.63
 185130.987   537.108   -11.23   13.05
 185507.760   536.323    -2.09   12.39
 185884.520   534.466    -4.93   12.14
 186261.266   535.680     3.22    9.74
 186637.999   530.347   -14.15   11.11
 187014.719   523.861   -17.21   11.25
 187391.425   516.286   -20.11   16.49
 187768.117   508.463   -20.76   21.25
 188144.797   498.853   -25.51   24.53
 188521.462   479.073   -52.51   33.46
 188898.115   456.390   -60.21   34.80
 189274.754   448.512   -20.91   33.32
 189651.380   460.661    32.25   46.27
 190027.992   491.000    80.55   50.22
 190404.591   520.927    79.45   32.32
 190781.177   533.894    34.43   13.63
 191157.749   535.608     4.55    8.59
 191534.308   534.022    -4.21    9.54
 191910.854   531.072    -7.83   13.96
 192287.386   524.049   -18.65   21.23
 192663.905   509.251   -39.29   31.20
 193040.411   485.853   -62.14   35.53
 193416.903   468.613   -45.78   26.66
 193793.382   468.856     0.64   25.35
 194169.847   481.136    32.61   31.06
 194546.300   502.122    55.74   27.39
 194922.739   513.341    29.80   18.34
 195299.164   512.843    -1.32   18.23
 195675.577   496.834   -42.53   24.86
 196051.976   478.484   -48.74   24.88
 196428.361   464.756   -36.47   22.79
 196804.734   443.727   -55.86   28.99
 197181.093   424.740   -50.44   32.08
 197557.438   405.470   -51.20   31.08
 197933.771   390.125   -40.77   21.09
 198310.090   382.366   -20.62   18.18
 198686.396   376.439   -15.75   15.59
 199062.688   374.000    -6.48   13.14
 199438.968   369.902   -10.89    8.31
 199815.234   368.534    -3.63    7.13
 200191.486   365.439    -8.23    6.23
 200567.726   361.585   -10.24    5.94
 200943.952   360.585    -2.66    4.59
 201320.165   364.513    10.44    9.21
 201696.365   375.689    29.70   20.56
 202072.551   393.122    46.33   31.78
 202448.724   414.902    57.89   40.27
 202824.884   415.073     0.45   41.41
 203201.031   406.902   -21.72   46.11
 203577.164   400.756   -16.34   55.07
 203953.284   389.586   -29.69   56.21
 204329.391   372.511   -45.39   49.36
 204705.485   354.146   -48.82   36.86
 205081.565   336.608   -46.63   21.81
 205457.632   326.468   -26.96    8.64
 205833.686   320.585   -15.64    7.99
 206209.727   316.111   -11.90    7.72
 206585.754   313.161    -7.84    8.84
 206961.769   311.299    -4.95    8.69
 207337.770   310.585    -1.90    8.88
 207713.757   311.683     2.92    9.24
 208089.732   315.561    10.31   11.26
 208465.693   322.512    18.49   12.31
 208841.642   330.336    20.81    8.28
 209217.577   333.927     9.55    6.47
 209593.498   333.311    -1.64    8.66
 209969.407   334.293     2.61    9.60
 210345.302   333.536    -2.01    9.46
 210721.185   332.761    -2.06    9.14
 211097.054   331.132    -4.33    8.42
 211472.910   325.766   -14.28    7.06
 211848.752   320.823   -13.15    6.51
 212224.582   316.656   -11.08    6.45
 212600.398   315.036    -4.31    5.29
 212976.201   316.398     3.62    6.47
 213351.991   319.034     7.01    6.41
 213727.768   324.096    13.47    8.66
 214103.532   329.683    14.87    9.53
 214479.282   336.366    17.78    8.73
 214855.020   349.918    36.06   22.74
 215230.744   357.817    21.02   22.71
 215606.455   360.817     7.98   19.90
 215982.153   364.715    10.37   19.66
 216357.838   367.918     8.53   20.38
 216733.509   370.390     6.58   15.22
 217109.168   375.330    13.15   15.73
 217484.813   373.727    -4.27   14.11
 217860.445   366.745   -18.59    4.94
 218236.065   366.585    -0.43    4.67
 218611.671   369.293     7.21    7.69
 218987.263   373.732    11.82   10.66
 219362.843   379.171    14.48   15.92
 219738.410   382.927    10.00   18.51
 220113.963   383.311     1.02   14.56
 220489.504   392.911    25.56   27.41
 220865.031   421.013    74.82   51.98
 221240.545   451.146    80.23   52.26
 221616.047   475.328    64.39   42.76
 221991.535   500.707    67.58   33.27
 222367.010   509.461    23.31   29.22
 222742.472   520.293    28.84   23.73
 223117.920   523.608     8.83   16.43
 223493.356   517.244   -16.95   14.83
 223868.779   507.073   -27.09    9.88
 224244.188   500.536   -17.41    7.82
 224619.585   497.097    -9.16    8.47
 224994.968   498.971     4.99   13.25
 225370.339   511.227    32.65   29.53
 225745.696   546.146    93.01   50.20
 226121.040   583.727   100.11   48.58
 226496.371   612.661    77.07   31.83
 226871.689   626.956    38.08   12.15
 227246.995   626.933    -0.06    7.96
 227622.287   624.111    -7.52    5.67
 227997.566   620.707    -9.07    7.27
 228372.832   616.111   -12.25    7.59
 228748.085   612.510    -9.60    6.13
 229123.325   609.606    -7.74    5.47
 229498.551   606.792    -7.50    5.50
 229873.765   604.683    -5.62    5.04
 230248.966   602.341    -6.24    5.44
 230624.154   599.286    -8.14    4.67
 230999.329   596.220    -8.17    4.46
 231374.491   594.324    -5.05    3.90
 231749.639   595.918     4.25    5.76
 232124.775   598.700     7.42    6.47
 232499.898   601.122     6.45    5.08
 232875.008   603.394     6.06    3.92
 233250.104   604.253     2.29    5.46
 233625.188   606.656     6.41    7.18
 234000.259   612.511    15.61   10.35
 234375.317   618.680    16.45   16.17
 234750.362   626.024    19.58   20.17
 235125.393   632.610    17.56   19.45
 235500.412   634.512     5.07   14.97
 235875.418   635.761     3.33   12.20
 236250.411   634.268    -3.98    8.89
 236625.391   630.466   -10.14    7.31
 237000.358   628.418    -5.46    6.69
 237375.312   624.513   -10.41    6.45
 237750.253   623.823    -1.84    7.15
 238125.181   623.632    -0.51    7.48
 238500.096   624.461     2.21    8.35
 238874.999   624.811     0.93    7.72
 239249.888   623.661    -3.07    6.76
 239624.764   624.732     2.86    5.66
 239999.627   628.488    10.02    8.05
 240374.478   635.463    18.61    9.85
 240749.315   642.204    17.98    9.31
 241124.140   646.330    11.01    8.33
 241498.952   647.061     1.95    8.76
 241873.750   646.293    -2.05    7.65
 242248.536   647.989     4.53    8.84
 242623.309   653.463    14.60   12.37
 242998.069   660.429    18.58   11.00
 243372.816   665.106    12.48    7.59
 243747.550   666.176     2.85    5.77
 244122.271   664.244    -5.16    6.23
 244496.980   664.244     0.00    7.34
 244871.675   665.869     4.34    8.98
 245246.358   670.106    11.31    7.40
 245621.027   672.113     5.36    5.73
 245995.684   670.732    -3.69    6.58
 246370.328   666.180   -12.15    6.89
 246744.959   662.122   -10.83    6.30
 247119.577   659.085    -8.11    5.93
 247494.182   659.407     0.86    7.34
 247868.775   660.463     2.82    7.24
 248243.354   660.878     1.11    6.24
 248617.921   657.536    -8.92    8.08
 248992.475   652.536   -13.35    8.03
 249367.016   650.853    -4.49    7.14
 249741.544   650.511    -0.91    7.91
 250116.059   653.535     8.07    8.02
 250490.561   653.861     0.87    8.04
 250865.051   651.132    -7.28    7.53
 251239.527   648.927    -5.89    6.20
 251613.991   645.085   -10.26    6.11
 251988.442   642.386    -7.21    5.85
 252362.880   638.293   -10.93    5.71
 252737.306   636.036    -6.03    5.07
 253111.718   636.341     0.82    5.43
 253486.118   639.311     7.93    8.20
 253860.504   647.732    22.49   18.96
 254234.878   655.989    22.05   21.61
 254609.240   663.261    19.42   22.66
 254983.588   665.966     7.22   20.55
 255359.134   663.356    -6.95   16.30
 255736.042   661.258    -5.56   13.31
 256112.938   655.989   -13.98    7.61
 256489.821   652.122   -10.26    7.00
 256866.691   645.096   -18.64   10.85
 257243.547   637.219   -20.90   11.91
 257620.391   630.747   -17.17   11.88
 257997.222   624.311   -17.08    7.09
 258374.040   621.656    -7.04    7.13
 258750.845   623.013     3.60    7.86
 259127.636   624.484     3.90    7.79
 259504.415   627.347     7.60    9.85
 259881.181   628.761     3.75    9.52
 260257.934   627.251    -4.01    9.56
 260634.674   628.414     3.09    9.67
 261011.402   630.304     5.02   10.27
 261388.116   635.037    12.56    9.29
 261764.817   638.536     9.29    6.13
 262141.505   639.680     3.04    5.96
 262518.180   639.073    -1.61    6.70
 262894.843   637.486    -4.21    7.27
 263271.492   635.122    -6.28    8.59
 263648.129   631.061   -10.78    8.27
 264024.752   629.414    -4.37    4.90
 264401.363   627.219    -5.83    5.46
 264777.961   625.902    -3.50    5.40
 265154.546   624.707    -3.17    4.78
 265531.118   623.799    -2.41    4.02
 265907.677   622.146    -4.39    3.89
 266284.223   619.513    -6.99    5.17
 266660.756   616.847    -7.08    5.56
 267037.276   613.156    -9.80    5.72
 267413.784   609.918    -8.60    5.49
 267790.278   605.902   -10.66    5.20
 268166.760   603.061    -7.55    5.36
 268543.228   600.411    -7.04    5.21
 268919.684   598.894    -4.03    5.01
 269296.127   598.000    -2.38    4.95
 269672.557   597.775    -0.60    4.74
 270048.974   597.236    -1.43    5.40
 270425.379   594.244    -7.95    5.82
 270801.770   591.861    -6.33    4.33
 271178.149   591.390    -1.25    4.24
 271554.515   594.799     9.06    7.11
 271930.867   598.902    10.90    8.11
 272307.207   604.894    15.92    8.59
 272683.535   609.997    13.56    6.20
 273059.849   610.956     2.55    4.90
 273436.150   611.293     0.89    5.46
 273812.439   609.823    -3.91    5.36
 274188.715   607.942    -5.00    6.12
 274564.978   607.640    -0.80    6.86
 274941.228   605.879    -4.68    6.15
 275317.465   605.461    -1.11    5.91
 275693.689   605.707     0.65    5.29
 276069.901   604.156    -4.12    5.91
 276446.100   601.843    -6.15    5.77
 276822.286   598.677    -8.41    6.95
 277198.459   595.811    -7.62    6.86
 277574.619   597.085     3.39    7.81
 277950.767   597.756     1.78    7.99
 278326.902   598.022     0.71    8.71
 278703.024   597.299    -1.92   10.23
 279079.133   598.140     2.24   12.44
 279455.229   598.878     1.96   13.44
 279831.313   600.268     3.70   12.15
 280207.383   596.146   -10.96   13.96
 280583.441   586.488   -25.68   17.13
 280959.486   575.636   -28.85   14.81
 281335.519   564.000   -30.94   17.40
 281711.538   554.511   -25.23   18.70
 282087.545   545.171   -24.84   19.39
 282463.539   533.853   -30.09   16.57
 282839.521   525.227   -22.94   14.52
 283215.489   517.011   -21.85    9.20
 283591.445   513.186   -10.17    5.96
 283967.388   509.878    -8.80    6.23
 284343.318   511.037     3.08    7.17
 284719.236   510.195    -2.24    7.08
 285095.140   510.894     1.86    8.84
 285471.032   514.612     9.89    9.61
 285846.912   514.161    -1.20    8.17
 286222.778   515.258     2.92    7.27
