-143088.089    30.810     0.00    2.04
-142711.944    30.519    -0.77    1.73
-142335.814    30.067    -1.20    1.92
-141959.700    29.746    -0.85    2.31
-141583.602    29.375    -0.99    2.53
-141207.519    29.064    -0.83    2.39
-140831.451    28.499    -1.50    2.13
-140455.399    27.973    -1.40    1.63
-140079.363    27.690    -0.75    1.53
-139703.342    27.825     0.36    1.67
-139327.337    27.496    -0.88    1.76
-138951.347    26.876    -1.65    1.73
-138575.373    26.618    -0.69    1.75
-138199.415    26.532    -0.23    1.55
-137823.471    26.503    -0.08    1.87
-137447.544    26.837     0.89    1.91
-137071.632    27.244     1.08    2.07
-136695.735    27.155    -0.24    1.98
-136319.854    26.207    -2.52    1.89
-135943.988    25.579    -1.67    1.82
-135568.138    25.765     0.50    2.09
-135192.303    25.928     0.43    2.56
-134816.484    26.405     1.27    2.33
-134440.680    26.586     0.48    2.13
-134064.892    25.975    -1.63    1.55
-133689.119    25.404    -1.52    1.25
-133313.362    24.928    -1.27    1.40
-132937.620    24.973     0.12    1.76
-132561.894    25.217     0.65    2.03
-132186.183    25.142    -0.20    2.05
-131810.488    24.811    -0.88    2.24
-131434.808    24.833     0.06    2.07
-131059.143    24.094    -1.96    1.36
-130683.494    23.748    -0.92    1.27
-130307.860    23.858     0.29    1.45
-129932.242    24.099     0.64    2.33
-129556.639    24.618     1.38    2.98
-129181.052    25.213     1.58    3.54
-128805.480    25.928     1.90    3.00
-128429.923    25.788    -0.37    3.13
-128054.382    25.538    -0.67    3.06
-127678.856    25.718     0.48    2.44
-127303.346    25.602    -0.31    2.65
-126927.851    25.594    -0.02    2.08
-126552.372    24.452    -3.04    1.85
-126176.908    23.928    -1.40    1.73
-125801.459    23.380    -1.46    1.60
-125426.026    23.047    -0.89    1.33
-125050.608    22.765    -0.75    1.13
-124675.205    22.672    -0.25    1.09
-124299.818    22.370    -0.81    1.18
-123924.446    22.253    -0.31    1.08
-123549.090    22.370     0.31    1.20
-123173.749    22.237    -0.35    1.28
-122798.423    22.428     0.51    1.17
-122423.113    22.452     0.06    1.27
-122047.818    22.718     0.71    1.57
-121672.538    23.114     1.05    1.83
-121297.274    23.309     0.52    1.99
-120922.025    23.416     0.28    2.01
-120546.792    23.618     0.54    1.85
-120171.573    23.811     0.52    1.42
-119796.370    23.791    -0.05    1.32
-119421.183    23.765    -0.07    1.56
-119046.011    23.594    -0.45    1.56
-118670.854    23.951     0.95    1.65
-118295.712    24.309     0.95    1.50
-117920.586    24.428     0.32    1.45
-117545.475    24.439     0.03    1.26
-117170.379    24.489     0.13    1.18
-116795.299    24.666     0.47    1.04
-116420.234    24.811     0.39    1.20
-116045.184    24.835     0.06    1.38
-115670.150    24.761    -0.20    1.45
-115295.130    24.904     0.38    1.49
-114920.127    24.928     0.06    1.43
-114545.138    24.809    -0.32    1.55
-114170.165    24.666    -0.38    1.47
-113795.207    24.806     0.37    1.85
-113420.264    24.649    -0.42    1.99
-113045.336    24.851     0.54    2.01
-112670.424    24.880     0.08    2.07
-112295.527    25.071     0.51    2.01
-111920.645    25.370     0.80    1.88
-111545.779    25.571     0.54    1.85
-111170.927    25.638     0.18    1.66
-110796.091    25.973     0.89    1.78
-110421.271    26.203     0.61    2.10
-110046.465    26.586     1.02    1.87
-109671.675    26.184    -1.07    1.95
-109296.900    25.635    -1.46    2.23
-108922.140    25.519    -0.31    2.15
-108547.395    25.107    -1.10    2.20
-108172.666    25.246     0.37    2.20
-107797.952    24.523    -1.93    2.15
-107423.253    24.556     0.09    2.20
-107048.569    24.718     0.43    1.91
-106673.901    24.800     0.22    1.84
-106299.247    24.928     0.34    1.77
-105924.609    24.825    -0.27    1.74
-105549.986    24.649    -0.47    2.15
-105175.378    25.114     1.24    2.41
-104800.786    25.228     0.30    2.45
-104426.208    25.246     0.05    2.43
-104051.646    25.375     0.34    2.29
-103677.099    24.314    -2.83    2.27
-103302.567    23.160    -3.08    1.94
-102928.051    22.785    -1.00    1.75
-102553.549    22.428    -0.95    1.40
-102179.063    22.441     0.03    1.45
-101804.591    22.905     1.24    1.65
-101430.135    22.928     0.06    1.71
-101055.694    23.047     0.32    1.66
-100681.269    23.499     1.21    1.59
-100306.858    23.659     0.43    1.66
 -99932.462    23.509    -0.40    2.00
 -99558.082    22.928    -1.55    2.11
 -99183.717    23.118     0.51    2.06
 -98809.367    22.975    -0.38    2.16
 -98435.032    23.230     0.68    1.74
 -98060.712    22.928    -0.81    1.75
 -97686.407    21.905    -2.73    2.06
 -97312.117    20.788    -2.98    2.31
 -96937.843    19.523    -3.38    1.85
 -96563.583    18.833    -1.85    1.59
 -96189.339    19.001     0.45    1.79
 -95815.110    19.166     0.44    1.85
 -95440.896    18.974    -0.51    1.80
 -95066.697    19.137     0.44    1.70
 -94692.513    18.428    -1.90    1.66
 -94318.344    18.213    -0.57    1.45
 -93944.190    18.642     1.15    1.76
 -93570.051    18.856     0.57    2.09
 -93195.928    19.160     0.81    2.00
 -92821.819    18.809    -0.94    2.09
 -92447.726    18.094    -1.91    1.83
 -92073.647    17.602    -1.32    1.76
 -91697.744    17.245    -0.95    1.62
 -91320.648    17.094    -0.40    1.54
 -90943.567    17.094     0.00    1.36
 -90566.502    17.047    -0.13    1.04
 -90189.452    17.071     0.06    1.09
 -89812.417    17.207     0.36    1.10
 -89435.398    17.690     1.28    1.61
 -89058.393    18.147     1.21    1.81
 -88681.405    18.044    -0.27    2.03
 -88304.431    18.001    -0.11    2.08
 -87927.473    17.594    -1.08    1.80
 -87550.530    17.618     0.06    1.52
 -87173.602    18.278     1.75    1.49
 -86796.689    18.323     0.12    1.50
 -86419.792    18.684     0.96    1.59
 -86042.910    18.928     0.65    1.68
 -85666.044    18.309    -1.64    2.01
 -85289.192    17.684    -1.66    2.17
 -84912.356    17.277    -1.08    1.94
 -84535.535    17.441     0.44    1.59
 -84158.729    17.952     1.36    1.28
 -83781.939    18.047     0.25    1.11
 -83405.164    17.672    -0.99    1.40
 -83028.404    17.499    -0.46    1.65
 -82651.659    17.594     0.25    1.84
 -82274.929    17.473    -0.32    1.96
 -81898.215    17.733     0.69    2.00
 -81521.516    17.835     0.27    2.01
 -81144.832    17.196    -1.70    1.98
 -80768.163    17.401     0.55    1.62
 -80391.510    17.860     1.22    1.42
 -80014.872    18.003     0.38    1.05
 -79638.249    18.294     0.77    0.92
 -79261.641    18.393     0.26    0.91
 -78885.048    18.416     0.06    1.00
 -78508.471    18.337    -0.21    1.04
 -78131.908    18.697     0.96    1.06
 -77755.361    18.811     0.30    1.38
 -77378.829    18.905     0.25    1.60
 -77002.313    18.881    -0.06    1.72
 -76625.811    18.610    -0.72    1.74
 -76249.325    18.559    -0.13    1.62
 -75872.853    18.223    -0.89    1.49
 -75496.397    18.028    -0.52    1.30
 -75119.956    18.300     0.72    1.50
 -74743.530    18.499     0.53    1.52
 -74367.120    18.748     0.66    1.50
 -73990.724    19.110     0.96    1.57
 -73614.344    19.133     0.06    1.56
 -73237.979    18.975    -0.42    1.70
 -72861.629    18.837    -0.37    1.70
 -72485.294    18.723    -0.30    1.49
 -72108.974    18.223    -1.33    1.53
 -71732.669    18.323     0.26    1.64
 -71356.379    18.486     0.43    1.71
 -70980.105    18.184    -0.80    1.83
 -70603.846    17.742    -1.17    1.91
 -70227.601    17.791     0.13    1.88
 -69851.372    17.454    -0.90    1.57
 -69475.158    17.496     0.11    1.45
 -69098.959    17.346    -0.40    1.28
 -68722.775    16.998    -0.93    1.42
 -68346.607    17.370     0.99    1.55
 -67970.453    18.082     1.89    2.02
 -67594.314    18.496     1.10    1.95
 -67218.191    19.005     1.35    1.72
 -66842.082    18.928    -0.20    1.75
 -66465.989    18.904    -0.06    1.80
 -66089.910    19.123     0.58    1.72
 -65713.847    19.201     0.21    1.86
 -65337.799    19.270     0.18    1.53
 -64961.766    18.904    -0.97    1.49
 -64585.748    18.695    -0.56    1.48
 -64209.745    18.452    -0.65    1.42
 -63833.757    17.618    -2.22    1.42
 -63457.784    16.979    -1.70    1.38
 -63081.826    16.523    -1.21    1.40
 -62705.883    16.050    -1.26    1.35
 -62329.955    16.118     0.18    1.44
 -61954.042    16.571     1.20    1.82
 -61578.144    17.269     1.86    1.98
 -61202.261    17.785     1.37    1.72
 -60826.394    18.128     0.91    1.88
 -60450.541    17.757    -0.99    1.84
 -60074.703    17.499    -0.69    1.89
 -59698.880    17.452    -0.13    1.85
 -59323.073    17.452     0.00    1.90
 -58947.280    17.532     0.22    1.80
 -58571.502    17.785     0.67    1.79
 -58195.739    17.737    -0.13    2.02
 -57819.991    17.835     0.26    2.17
 -57444.259    18.190     0.94    2.10
 -57068.541    18.091    -0.26    2.02
 -56692.838    18.094     0.01    1.91
 -56317.150    17.708    -1.03    1.90
 -55941.477    17.806     0.26    1.49
 -55565.819    17.532    -0.73    1.47
 -55190.176    17.835     0.80    1.48
 -54814.548    17.928     0.25    1.40
 -54438.935    17.765    -0.43    1.48
 -54063.337    17.067    -1.86    1.47
 -53687.754    16.309    -2.02    1.94
 -53312.185    15.618    -1.84    2.17
 -52936.632    14.742    -2.33    2.20
 -52561.094    14.904     0.43    2.31
 -52185.570    15.023     0.32    1.97
 -51810.062    15.742     1.91    1.75
 -51434.568    16.184     1.18    1.51
 -51059.089    16.047    -0.36    1.55
 -50683.626    15.690    -0.95    1.57
 -50308.177    15.761     0.19    1.74
 -49932.743    15.547    -0.57    1.65
 -49557.324    15.855     0.82    1.95
 -49181.920    16.278     1.13    1.86
 -48806.531    16.761     1.29    1.75
 -48431.156    17.103     0.91    1.63
 -48055.797    16.999    -0.28    1.67
 -47680.452    16.713    -0.76    1.73
 -47305.123    16.160    -1.47    2.17
 -46929.808    15.166    -2.65    2.23
 -46554.508    14.287    -2.34    2.10
 -46179.223    14.291     0.01    2.09
 -45803.953    14.903     1.63    2.38
 -45428.697    14.856    -0.13    2.19
 -45053.457    14.975     0.32    1.96
 -44678.231    14.723    -0.67    1.70
 -44303.021    14.541    -0.48    1.48
 -43927.825    14.671     0.35    1.27
 -43552.644    14.439    -0.62    1.59
 -43177.477    13.928    -1.36    1.90
 -42802.326    13.523    -1.08    1.74
 -42427.190    13.360    -0.44    1.70
 -42052.068    13.770     1.09    2.12
 -41676.961    14.405     1.69    2.14
 -41301.869    14.975     1.52    2.02
 -40926.792    14.532    -1.18    2.00
 -40551.730    14.166    -0.98    1.96
 -40176.682    13.543    -1.66    1.91
 -39801.649    12.655    -2.37    1.72
 -39426.631    12.159    -1.32    1.39
 -39051.628    12.342     0.49    1.30
 -38676.640    12.047    -0.79    1.52
 -38301.666    12.123     0.20    1.68
 -37926.707    12.360     0.63    1.82
 -37551.764    12.082    -0.74    1.79
 -37176.834    11.571    -1.36    1.78
 -36801.920    10.905    -1.78    1.52
 -36427.020    10.642    -0.70    1.17
 -36052.136    10.856     0.57    1.20
 -35677.265    11.103     0.66    1.28
 -35302.410    11.323     0.59    1.22
 -34927.570    11.203    -0.32    1.15
 -34552.744    11.050    -0.41    1.12
 -34177.933    11.047    -0.01    0.97
 -33803.137    10.952    -0.25    1.02
 -33428.355    11.237     0.76    1.20
 -33053.588    11.137    -0.27    1.28
 -32678.836    11.099    -0.10    1.24
 -32304.099    10.903    -0.52    1.29
 -31929.377    10.428    -1.27    1.29
 -31554.669    10.761     0.89    1.54
 -31179.976    10.998     0.63    1.58
 -30805.297    11.044     0.12    1.55
 -30430.634    11.713     1.79    1.88
 -30055.985    11.659    -0.14    1.66
 -29681.351    11.649    -0.03    1.74
 -29306.731    11.142    -1.35    1.83
 -28932.126    10.788    -0.94    1.67
 -28557.536    10.618    -0.45    1.79
 -28182.961    10.300    -0.85    1.59
 -27808.400    10.047    -0.68    1.55
 -27433.854     9.489    -1.49    1.42
 -27059.323     9.166    -0.86    1.65
 -26684.806     9.166     0.00    1.78
 -26310.305     9.172     0.02    1.97
 -25935.817     9.452     0.75    1.81
 -25561.345     9.237    -0.57    1.85
 -25186.887     8.853    -1.03    1.91
 -24812.444     8.360    -1.32    1.81
 -24438.015     7.853    -1.35    1.73
 -24063.601     7.904     0.14    1.72
 -23689.202     8.071     0.45    2.21
 -23314.817     7.999    -0.19    2.03
 -22940.447     8.019     0.05    2.00
 -22566.092     8.005    -0.04    1.74
 -22191.752     7.314    -1.84    2.00
 -21817.426     6.635    -1.81    2.18
 -21443.114     6.718     0.22    2.27
 -21068.817     6.856     0.37    2.05
 -20694.535     7.082     0.60    1.98
 -20320.268     7.541     1.23    1.92
 -19946.015     8.184     1.72    2.05
 -19571.777     8.856     1.80    2.03
 -19197.553     7.207    -4.41    4.32
 -18823.344     5.879    -3.55    6.00
 -18449.150     3.769    -5.64    5.94
 -18074.970     3.902     0.36    5.90
 -17700.805     5.928     5.41    5.15
 -17326.654     7.190     3.37    3.41
 -16952.518     8.071     2.35    2.20
 -16576.126     8.333     0.70    1.59
 -16199.078     8.287    -0.12    2.03
 -15822.045     7.837    -1.19    2.10
 -15445.027     8.028     0.51    2.01
 -15068.023     8.440     1.09    1.79
 -14691.034     8.475     0.09    1.81
 -14314.061     8.464    -0.03    1.72
 -13937.102     8.370    -0.25    1.56
 -13560.157     7.703    -1.77    2.07
 -13183.228     7.499    -0.54    2.22
 -12806.313     7.333    -0.44    1.91
 -12429.413     7.635     0.80    1.97
 -12052.528     7.547    -0.23    1.82
 -11675.658     7.703     0.41    2.25
 -11298.803     7.713     0.03    2.23
 -10921.962     7.928     0.57    2.30
 -10545.136     8.245     0.84    2.27
 -10168.325     8.269     0.06    2.00
  -9791.528     8.428     0.42    2.22
  -9414.747     8.611     0.49    2.38
  -9037.980     8.452    -0.42    2.32
  -8661.228     8.486     0.09    2.27
  -8284.490     8.513     0.07    2.25
  -7907.768     8.499    -0.04    2.03
  -7531.060     8.999     1.33    1.99
  -7154.367     9.342     0.91    2.06
  -6777.689     9.571     0.61    2.25
  -6401.025     9.928     0.95    2.31
  -6024.376    10.690     2.02    2.48
  -5647.742    11.439     1.99    3.20
  -5271.123    11.416    -0.06    3.37
  -4894.518    11.404    -0.03    3.66
  -4517.928    10.781    -1.65    3.79
  -4141.353     9.356    -3.78    2.95
  -3764.792     9.114    -0.64    2.52
  -3388.246     9.556     1.17    2.68
  -3011.715     9.594     0.10    2.60
  -2635.199     9.378    -0.58    2.49
  -2258.697     8.952    -1.13    2.70
  -1882.210     6.625    -6.18    4.67
  -1505.738     4.809    -4.83    5.71
  -1129.280     2.428    -6.32    5.91
   -752.837     0.064    -6.28    4.60
   -376.409    -0.787    -2.26    3.40
      0.005     0.904     4.49    4.73
    376.404     2.785     5.00    4.97
    752.788     5.475     7.15    4.39
   1129.158     7.404     5.12    2.64
   1505.513     7.513     0.29    2.04
   1881.853     8.053     1.43    2.55
   2258.179     8.855     2.13    2.95
   2634.490     9.478     1.66    3.06
   3010.786     9.618     0.37    2.52
   3387.068     9.452    -0.44    2.32
   3763.335     8.547    -2.40    2.11
   4139.587     7.952    -1.58    1.60
   4515.825     7.210    -1.97    1.95
   4892.048     6.835    -1.00    2.12
   5268.257     7.025     0.51    2.14
   5644.450     7.439     1.10    1.53
   6020.630     7.785     0.92    1.60
   6396.794     7.849     0.17    1.58
   6772.944     7.360    -1.30    1.59
   7149.080     7.294    -0.18    2.12
   7525.201     6.708    -1.56    1.94
   7901.307     6.499    -0.56    1.36
   8277.399     6.005    -1.31    1.26
   8653.476     5.451    -1.47    1.69
   9029.538     4.620    -2.21    2.13
   9405.586     3.452    -3.11    2.33
   9781.619     3.486     0.09    3.38
  10157.638     4.733     3.32    4.34
  10533.642     6.632     5.05    4.65
  10909.632     8.244     4.29    3.97
  11285.607     9.155     2.42    2.78
  11661.567     8.261    -2.38    1.83
  12037.513     8.277     0.04    1.67
  12413.444     9.067     2.10    2.11
  12789.361    10.210     3.04    2.55
  13165.263    11.269     2.82    2.40
  13541.151    10.876    -1.04    2.80
  13917.024     9.951    -2.46    2.96
  14292.882     9.809    -0.38    2.59
  14668.726     9.492    -0.84    2.48
  15044.556     9.587     0.25    2.28
  15420.371    10.691     2.94    2.01
  15796.171    11.342     1.73    2.52
  16171.957    12.094     2.00    2.32
  16547.728    12.757     1.76    1.90
  16923.485    12.223    -1.42    2.01
  17299.228    12.133    -0.24    1.96
  17674.955    11.999    -0.36    1.84
  18050.669    12.277     0.74    1.80
  18426.368    12.690     1.10    1.64
  18802.052    13.856     3.11    2.49
  19177.722    14.378     1.39    1.91
  19553.377    15.047     1.78    1.95
  19929.018    15.428     1.01    2.05
  20304.644    15.261    -0.44    1.86
  20680.256    14.833    -1.14    1.53
  21055.854    14.713    -0.32    1.62
  21431.437    14.489    -0.60    1.82
  21807.005    14.309    -0.48    1.96
  22182.559    14.538     0.61    2.12
  22558.099    13.905    -1.69    2.02
  22933.624    14.309     1.08    2.08
  23309.134    14.655     0.92    2.25
  23684.630    14.579    -0.20    2.13
  24060.112    14.903     0.86    1.52
  24435.579    15.378     1.26    1.48
  24811.032    15.562     0.49    1.28
  25186.471    15.416    -0.39    1.14
  25561.894    15.360    -0.15    1.25
  25937.304    15.356    -0.01    1.27
  26312.699    15.300    -0.15    1.36
  26688.080    15.213    -0.23    1.27
  27063.446    15.523     0.82    1.19
  27438.798    15.952     1.14    1.27
  27814.135    16.452     1.33    1.33
  28189.458    16.785     0.89    1.22
  28564.767    17.118     0.89    1.19
  28940.061    17.513     1.05    1.20
  29315.341    17.618     0.28    1.39
  29690.606    18.030     1.10    1.27
  30065.857    18.380     0.93    1.45
  30441.094    18.611     0.61    1.46
  30816.316    18.649     0.10    1.45
  31191.524    18.809     0.43    1.27
  31566.717    18.823     0.04    1.23
  31941.896    18.882     0.16    1.26
  32317.061    19.001     0.32    1.31
  32692.211    18.464    -1.43    1.63
  33067.347    18.147    -0.85    1.75
  33442.469    17.800    -0.93    1.63
  33817.576    18.337     1.43    1.80
  34192.669    19.133     2.12    1.70
  34567.748    20.142     2.69    1.99
  34942.812    20.858     1.91    1.75
  35317.862    21.513     1.75    1.73
  35692.897    22.382     2.32    2.06
  36067.918    22.770     1.03    2.22
  36442.925    23.132     0.97    2.04
  36817.918    23.452     0.85    1.63
  37192.896    23.880     1.14    1.67
  37567.860    24.532     1.74    1.62
  37942.809    24.928     1.05    1.59
  38317.744    25.201     0.73    1.69
  38692.665    25.210     0.02    1.52
  39067.572    25.237     0.07    1.07
  39442.464    25.416     0.48    1.23
  39817.342    25.367    -0.13    1.12
  40192.206    25.833     1.24    1.39
  40567.055    26.003     0.45    1.44
  40941.890    26.213     0.56    1.38
  41316.711    26.513     0.80    1.50
  41691.518    26.733     0.59    1.27
  42066.310    26.733     0.00    1.40
  42441.088    26.833     0.27    1.72
  42815.852    26.830    -0.01    1.71
  43190.601    26.880     0.13    1.74
  43565.336    26.975     0.25    1.67
  43940.057    27.428     1.21    1.50
  44314.764    27.951     1.40    1.52
  44689.456    28.230     0.74    1.54
  45064.134    28.571     0.91    1.36
  45438.798    28.856     0.76    1.20
  45813.448    29.309     1.21    1.31
  46188.083    29.809     1.33    1.40
  46562.704    30.404     1.59    1.98
  46937.311    30.977     1.53    1.82
  47311.904    31.380     1.08    1.88
  47686.482    31.761     1.02    1.78
  48061.046    31.708    -0.14    1.51
  48435.596    31.828     0.32    1.46
  48810.132    31.785    -0.11    1.42
  49184.654    31.952     0.45    1.21
  49559.161    32.342     1.04    1.40
  49933.654    32.806     1.24    1.54
  50308.133    33.538     1.95    1.95
  50682.598    33.519    -0.05    2.00
  51057.048    33.800     0.75    2.08
  51431.485    33.835     0.09    1.96
  51805.907    33.785    -0.13    1.79
  52180.315    34.166     1.02    1.59
  52554.708    34.230     0.17    1.46
  52929.088    34.849     1.65    1.48
  53303.453    34.973     0.33    1.54
  53677.805    35.128     0.41    1.51
  54052.142    35.416     0.77    1.45
  54426.464    35.380    -0.10    1.33
  54800.773    35.671     0.78    1.43
  55175.068    36.269     1.60    1.24
  55549.348    36.691     1.13    1.50
  55923.614    37.245     1.48    1.52
  56297.866    37.523     0.74    1.42
  56672.104    37.562     0.10    1.51
  57046.328    37.928     0.98    1.48
  57420.538    38.441     1.37    1.96
  57794.733    38.785     0.92    1.87
  58168.915    39.635     2.27    1.86
  58545.775    39.999     0.97    1.98
  58922.782    40.166     0.44    2.54
  59299.774    40.478     0.83    2.66
  59676.752    41.074     1.58    2.56
  60053.715    41.328     0.67    2.61
  60430.664    40.708    -1.64    2.09
  60807.599    40.269    -1.16    1.97
  61184.519    40.237    -0.08    2.45
  61561.425    40.245     0.02    2.27
  61938.317    40.380     0.36    2.44
  62315.195    40.523     0.38    2.20
  62692.058    40.213    -0.82    1.71
  63068.906    40.142    -0.19    1.82
  63445.741    39.952    -0.50    1.56
  63822.561    39.835    -0.31    1.56
  64199.367    39.880     0.12    1.36
  64576.158    40.353     1.25    1.87
  64952.936    40.928     1.53    1.90
  65329.699    41.277     0.93    2.00
  65706.447    41.207    -0.19    1.59
  66083.182    41.285     0.21    1.54
  66459.902    41.228    -0.15    1.40
  66836.607    41.830     1.60    1.99
  67213.299    41.974     0.38    2.01
  67589.976    42.737     2.03    2.88
  67966.639    43.261     1.39    3.28
  68343.288    43.881     1.65    3.47
  68719.922    43.513    -0.98    2.86
  69096.542    42.856    -1.74    2.33
  69473.148    42.618    -0.63    1.37
  69849.740    42.806     0.50    1.65
  70226.317    43.142     0.89    1.76
  70602.881    43.416     0.73    2.05
  70979.429    43.828     1.09    2.25
  71355.964    43.690    -0.37    1.88
  71732.485    43.635    -0.14    1.23
  72108.991    43.737     0.27    1.29
  72485.483    43.928     0.51    1.40
  72861.960    43.978     0.13    1.40
  73238.424    44.142     0.44    1.47
  73614.873    44.518     1.00    1.33
  73991.308    44.809     0.77    1.55
  74367.729    44.928     0.32    1.34
  74744.136    45.277     0.93    1.74
  75120.528    45.380     0.28    1.47
  75496.906    45.210    -0.45    1.32
  75873.270    45.632     1.12    1.52
  76249.620    45.855     0.59    1.51
  76625.956    46.463     1.62    1.88
  77002.277    46.757     0.78    1.95
  77378.585    47.165     1.08    2.31
  77754.878    47.587     1.12    2.25
  78131.157    47.903     0.84    2.31
  78507.421    48.309     1.08    2.46
  78883.672    48.594     0.76    2.55
  79259.908    49.133     1.43    2.55
  79636.131    48.928    -0.55    2.32
  80012.339    48.569    -0.95    2.23
  80388.533    48.489    -0.21    2.04
  80764.712    48.071    -1.11    1.62
  81140.878    48.028    -0.11    1.55
  81517.029    48.201     0.46    1.35
  81893.167    48.507     0.81    1.37
  82269.290    48.809     0.80    1.09
  82645.399    49.137     0.87    1.25
  83021.494    48.952    -0.49    1.41
  83397.574    49.019     0.18    1.34
  83773.641    49.159     0.37    1.44
  84149.694    49.571     1.10    1.39
  84525.732    49.880     0.82    1.29
  84901.756    50.118     0.63    1.23
  85277.766    50.166     0.13    1.08
  85653.762    50.278     0.30    1.00
  86029.744    50.809     1.41    1.15
  86405.712    51.303     1.31    1.21
  86781.666    51.440     0.36    1.25
  87157.606    51.761     0.85    1.36
  87533.531    51.757    -0.01    1.24
  87909.443    52.050     0.78    1.12
  88285.340    52.618     1.51    1.18
  88661.223    53.404     2.09    1.77
  89037.093    54.023     1.65    1.74
  89412.948    54.309     0.76    1.68
  89788.789    55.137     2.20    2.04
  90164.616    55.532     1.05    1.95
  90540.429    56.172     1.70    2.09
  90916.228    56.753     1.55    2.04
  91292.012    56.830     0.21    2.02
  91667.783    56.835     0.01    2.06
  92043.540    56.571    -0.70    2.63
  92419.282    56.452    -0.32    2.97
  92795.011    56.071    -1.01    3.57
  93170.726    54.903    -3.11    5.21
  93546.426    53.952    -2.53    5.93
  93922.113    53.190    -2.03    6.28
  94297.785    52.318    -2.32    6.33
  94673.444    51.999    -0.85    6.21
  95049.088    50.733    -3.37    5.23
  95424.718    50.253    -1.28    4.18
  95800.335    50.356     0.28    4.66
  96175.937    50.178    -0.48    4.79
  96551.525    51.499     3.52    4.79
  96927.100    51.618     0.32    4.36
  97302.660    51.047    -1.52    4.19
  97678.206    51.428     1.01    3.37
  98053.739    50.979    -1.19    3.25
  98429.257    51.451     1.26    3.08
  98804.762    51.855     1.08    2.48
  99180.252    52.044     0.50    3.08
  99555.728    52.380     0.90    3.28
  99931.191    53.112     1.95    3.46
 100306.639    53.723     1.63    3.54
 100682.074    54.403     1.81    3.00
 101057.494    55.538     3.02    3.28
 101432.901    57.571     5.42    3.61
 101808.293    59.261     4.50    4.58
 102183.672    61.019     4.68    4.81
 102559.036    62.056     2.76    4.57
 102934.387    63.220     3.10    3.74
 103309.724    63.690     1.25    3.18
 103685.047    64.440     2.00    2.49
 104060.355    64.973     1.42    1.67
 104435.650    65.138     0.44    1.34
 104810.931    65.380     0.64    1.45
 105186.198    65.695     0.84    1.49
 105561.451    65.904     0.56    1.49
 105936.691    66.190     0.76    1.25
 106311.916    66.578     1.03    1.14
 106687.127    67.213     1.69    1.15
 107062.325    67.453     0.64    1.06
 107437.508    68.023     1.52    1.23
 107812.678    68.952     2.48    1.57
 108187.834    69.523     1.52    1.80
 108562.975    70.269     1.99    1.74
 108938.103    70.904     1.69    1.66
 109313.217    71.489     1.56    1.55
 109688.317    72.142     1.74    1.14
 110063.404    72.737     1.59    1.17
 110438.476    73.160     1.13    1.15
 110813.534    73.142    -0.05    1.07
 111188.579    73.094    -0.13    1.03
 111563.610    73.078    -0.04    1.10
 111938.626    72.977    -0.27    1.02
 112313.629    72.475    -1.34    1.25
 112688.619    71.928    -1.46    1.36
 113063.594    71.074    -2.28    1.64
 113438.555    70.118    -2.55    1.64
 113813.503    69.528    -1.57    1.57
 114188.436    69.378    -0.40    1.47
 114563.356    70.094     1.91    1.68
 114938.262    71.342     3.33    1.80
 115313.154    72.318     2.60    1.76
 115688.033    73.269     2.54    1.59
 116062.897    73.878     1.62    1.40
 116437.748    74.393     1.37    1.20
 116812.585    74.646     0.67    1.38
 117187.408    74.951     0.81    1.34
 117562.217    74.571    -1.01    1.86
 117937.012    73.999    -1.52    2.10
 118311.794    73.160    -2.24    2.34
 118686.561    72.586    -1.53    1.89
 119061.315    72.973     1.03    1.78
 119436.055    73.353     1.01    1.71
 119810.782    74.160     2.15    1.63
 120185.494    74.428     0.71    1.44
 120560.193    74.902     1.27    1.69
 120934.878    75.337     1.16    1.73
 121309.549    75.744     1.09    1.57
 121684.206    76.196     1.21    1.43
 122058.850    77.142     2.52    1.24
 122433.480    77.367     0.60    1.27
 122808.096    78.160     2.12    1.51
 123182.698    78.723     1.50    1.78
 123557.286    79.261     1.44    1.96
 123931.861    80.123     2.30    1.90
 124306.422    80.538     1.11    1.76
 124680.969    81.416     2.34    1.93
 125055.503    81.684     0.72    1.79
 125430.022    82.684     2.67    1.53
 125804.528    83.659     2.60    1.79
 126179.020    84.245     1.56    2.01
 126553.499    85.213     2.59    1.89
 126927.964    85.809     1.59    1.68
 127302.415    86.452     1.72    1.35
 127676.852    86.928     1.27    1.45
 128051.275    87.811     2.36    1.84
 128425.685    88.737     2.47    1.85
 128800.081    89.708     2.59    2.06
 129174.464    90.753     2.79    2.29
 129548.832    91.733     2.62    2.15
 129923.187    92.611     2.35    2.02
 130297.528    93.213     1.61    1.76
 130671.856    93.856     1.72    2.38
 131046.170    95.338     3.96    3.56
 131420.470    96.746     3.76    3.69
 131794.756    98.391     4.40    3.49
 132169.029    99.879     3.97    3.67
 132543.288   100.367     1.30    3.32
 132917.534   100.928     1.50    3.09
 133292.101   101.769     2.24    2.16
 133669.081   102.876     2.94    1.62
 134046.046   103.761     2.35    1.70
 134422.998   104.858     2.91    1.42
 134799.936   105.803     2.51    1.49
 135176.859   106.928     2.98    1.66
 135553.769   107.770     2.23    1.73
 135930.665   108.071     0.80    1.84
 136307.548   108.785     1.90    1.83
 136684.416   109.528     1.97    1.97
 137061.270   110.791     3.35    2.01
 137438.111   111.796     2.67    1.47
 137814.938   113.207     3.74    2.00
 138191.751   114.761     4.12    2.07
 138568.550   115.475     1.90    2.04
 138945.335   115.928     1.20    2.21
 139322.106   115.953     0.07    2.24
 139698.864   116.261     0.82    2.56
 140075.607   116.785     1.39    2.54
 140452.337   117.475     1.83    2.75
 140829.053   118.142     1.77    2.67
 141205.755   118.543     1.06    2.56
 141582.444   119.118     1.53    2.87
 141959.118   119.478     0.95    2.96
 142335.779   120.903     3.78    3.45
 142712.426   122.285     3.67    3.30
 143089.059   123.245     2.55    3.27
 143465.679   124.806     4.14    3.44
 143842.284   125.828     2.71    4.25
 144218.876   126.952     2.99    6.22
 144595.454   127.853     2.39    5.65
 144972.018   127.904     0.14    2.55
 145348.568   129.147     3.30    2.65
 145725.105   130.785     4.35    2.33
 146101.628   132.294     4.01    2.19
 146478.137   134.237     5.16    2.93
 146854.632   136.071     4.87    3.05
 147231.113   142.094    16.00   19.17
 147607.581   153.695    30.81   32.29
 147984.035   160.513    18.11   34.06
 148360.475   164.578    10.80   32.96
 148736.901   164.855     0.74   31.63
 149113.314   155.118   -25.86   14.88
 149489.713   153.855    -3.36    6.65
 149866.098   155.618     4.69    4.86
 150242.470   158.578     7.86    5.23
 150618.827   162.353    10.03    6.56
 150995.171   171.853    25.24   15.43
 151371.501   181.023    24.36   16.69
 151747.818   191.733    28.46   15.33
 152124.121   201.309    25.44   10.90
 152500.410   209.828    22.64   11.50
 152876.685   218.235    22.34   14.25
 153252.946   228.594    27.53   15.51
 153629.194   237.635    24.03   14.19
 154005.429   241.684    10.76   10.91
 154381.649   248.757    18.80   10.31
 154757.856   253.928    13.74    8.45
 155134.049   245.370   -22.75   21.09
 155510.228   228.646   -44.45   30.42
 155886.394   205.367   -61.88   30.10
 156262.546   187.213   -48.25   19.88
 156638.684   178.697   -22.64    9.10
 157014.809   181.291     6.90   15.98
 157390.919   182.518     3.26   12.73
 157767.017   183.880     3.62   10.82
 158143.100   182.571    -3.48    7.98
 158519.170   182.538    -0.09    9.29
 158895.226   188.858    16.81   24.02
 159271.269   197.480    22.93   29.24
 159647.298   207.337    26.21   28.99
 160023.313   216.353    23.97   23.20
 160399.315   225.142    23.37   18.30
 160775.303   231.880    17.92   10.87
 161151.277   233.235     3.60   11.69
 161527.237   234.610     3.65   13.54
 161903.184   235.594     2.62   13.70
 162279.118   237.781     5.82   11.90
 162655.038   233.050   -12.59   12.97
 163030.944   224.562   -22.58   16.07
 163406.836   219.416   -13.69   14.31
 163782.715   214.612   -12.78   12.22
 164158.580   215.578     2.57   12.83
 164534.432   213.781    -4.78   13.81
 164910.270   206.586   -19.14   13.58
 165286.094   203.285    -8.78   12.02
 165661.905   201.653    -4.34   12.04
 166037.702   204.586     7.81   13.62
 166413.486   207.703     8.29   13.45
 166789.256   211.523    10.17   12.34
 167165.012   214.733     8.54   11.96
 167540.755   220.690    15.85   11.12
 167916.484   227.196    17.31    9.39
 168292.200   229.528     6.21    7.22
 168667.902   232.245     7.23    5.44
 169043.590   235.044     7.45    6.49
 169419.265   237.903     7.61    8.00
 169794.926   243.642    15.27    7.47
 170170.574   247.261     9.63    7.86
 170546.208   252.203    13.15    9.05
 170921.829   259.440    19.26   10.48
 171297.436   264.659    13.89    9.78
 171673.029   267.928     8.70    8.71
 172048.609   267.879    -0.13   11.28
 172424.176   275.586    20.52   33.43
 172799.729   285.753    27.07   45.37
 173175.268   297.333    30.83   52.02
 173550.794   301.153    10.17   58.25
 173926.306   276.833   -64.76   65.37
 174301.805   251.190   -68.28   62.75
 174677.290   226.703   -65.21   53.66
 175052.762   205.737   -55.83   46.93
 175428.220   185.159   -54.80   22.93
 175803.664   177.541   -20.29   12.51
 176179.095   172.261   -14.06    4.88
 176554.513   170.618    -4.38    5.19
 176929.917   169.998    -1.65    5.23
 177305.308   170.586     1.57    5.44
 177680.685   171.382     2.12    4.25
 178056.048   171.578     0.52    3.22
 178431.398   169.625    -5.20    4.15
 178806.735   165.642   -10.61    4.66
 179182.058   162.338    -8.80    5.07
 179557.368   158.655    -9.81    4.75
 179932.664   155.165    -9.30    3.74
 180307.947   152.678    -6.63    3.97
 180683.216   150.245    -6.48    4.14
 181058.472   146.659    -9.55    5.53
 181433.714   142.666   -10.64    5.75
 181808.943   141.928    -1.97    5.33
 182184.158   143.659     4.61    6.25
 182559.360   148.666    13.34    6.38
 182934.548   151.855     8.50    4.46
 183309.723   153.172     3.51    3.02
 183684.885   153.147    -0.07    2.76
 184060.033   153.678     1.41    3.09
 184435.167   155.453     4.73    4.30
 184810.288   158.952     9.33    4.88
 185185.396   162.094     8.38    3.67
 185560.490   164.346     6.00    3.22
 185935.571   166.166     4.85    3.02
 186310.639   168.001     4.89    2.78
 186685.693   169.001     2.67    2.71
 187060.733   168.666    -0.89    3.55
 187435.761   168.538    -0.34    4.37
 187810.774   168.855     0.85    4.46
 188185.775   169.586     1.95    4.31
 188560.762   171.074     3.97    4.05
 188935.735   173.628     6.81    3.33
 189310.695   176.023     6.39    3.79
 189685.642   178.287     6.04    4.00
 190060.576   180.404     5.65    4.17
 190435.496   183.809     9.08    4.42
 190810.402   186.114     6.15    4.52
 191185.295   189.475     8.97    5.02
 191560.175   193.323    10.26    5.61
 191935.042   197.701    11.68    6.34
 192309.895   199.903     5.87    5.52
 192684.734   198.856    -2.79    6.98
 193059.561   197.285    -4.19    7.89
 193434.374   196.620    -1.77    6.89
 193809.173   195.223    -3.73    7.42
 194183.960   192.261    -7.90    6.95
 194558.732   188.830    -9.15    7.33
 194933.492   183.269   -14.84    7.33
 195308.238   178.781   -11.97    6.09
 195682.971   175.473    -8.83    4.83
 196057.691   174.138    -3.56    3.39
 196432.397   174.806     1.78    3.35
 196807.090   177.285     6.62    4.61
 197181.769   180.172     7.70    5.89
 197556.435   185.499    14.22    8.25
 197931.088   193.703    21.89   10.52
 198305.728   200.528    18.21   10.00
 198680.354   206.003    14.61    9.10
 199054.967   211.618    14.99   12.58
 199429.566   216.513    13.07   13.75
 199804.153   221.999    14.64   14.88
 200178.726   230.391    22.40   11.78
 200553.285   234.147    10.03    8.73
 200927.832   235.928     4.75    7.16
 201302.365   238.830     7.75    8.43
 201676.884   244.001    13.80   12.52
 202051.391   247.333     8.89   16.66
 202425.884   249.172     4.91   18.31
 202800.364   245.523    -9.74   13.81
 203174.831   246.803     3.42   11.60
 203549.284   248.523     4.59    9.69
 203923.724   254.030    14.71    9.77
 204298.151   258.499    11.93   10.82
 204672.565   265.977    19.97   11.20
 205046.965   272.509    17.45   10.14
 205421.352   278.833    16.89   10.42
 205795.726   282.744    10.45    9.18
 206170.086   286.428     9.84    8.09
 206544.433   289.428     8.01    7.77
 206918.767   292.050     7.00    6.22
 207293.088   295.562     9.38    6.97
 207667.396   299.697    11.05    7.10
 208041.690   303.769    10.88    7.21
 208416.789   308.056    11.43    7.13
 208793.727   312.367    11.43    7.68
 209170.652   321.123    23.23   10.79
 209547.564   332.678    30.65   15.78
 209924.462   342.223    25.32   14.55
 210301.347   349.875    20.30   14.29
 210678.218   355.977    16.19   15.90
 211055.076   357.523     4.10   15.63
 211431.921   356.952    -1.51   13.76
 211808.752   356.428    -1.39   11.50
 212185.569   352.723    -9.83    9.07
 212562.374   349.237    -9.25    8.49
 212939.165   346.928    -6.13    8.54
 213315.942   344.294    -6.99    6.92
 213692.706   344.391     0.26    6.97
 214069.457   346.578     5.80    7.29
 214446.194   351.074    11.93    6.30
 214822.918   354.853    10.03    5.79
 215199.629   358.196     8.87    4.84
 215576.326   361.757     9.45    4.70
 215953.010   363.391     4.34    4.73
 216329.681   364.053     1.76    5.62
 216706.338   363.178    -2.32    6.19
 217082.981   363.001    -0.47    5.34
 217459.612   362.642    -0.95    6.56
 217836.229   359.346    -8.75   11.36
 218212.833   348.618   -28.48   22.74
 218589.423   336.403   -32.43   26.56
 218966.000   320.757   -41.54   25.75
 219342.564   310.835   -26.35   24.50
 219719.114   309.123    -4.55   19.21
 220095.651   318.975    26.16   22.59
 220472.175   335.153    42.96   27.13
 220848.685   354.513    51.41   25.92
 221225.182   361.778    19.29   23.96
 221601.666   349.196   -33.41   32.06
 221978.136   329.489   -52.34   41.34
 222354.593   310.464   -50.53   34.24
 222731.037   298.050   -32.97   19.34
 223107.467   314.353    43.30   37.14
 223483.885   346.309    84.88   51.21
 223860.288   373.902    73.30   45.95
 224236.679   394.050    53.52   28.71
 224613.056   404.666    28.20   11.23
 224989.420   405.528     2.29   12.14
 225365.771   412.237    17.82   14.04
 225742.108   407.466   -12.68   28.09
 226118.432   389.213   -48.49   49.50
 226494.743   371.594   -46.81   53.52
 226871.041   360.635   -29.12   48.15
 227247.325   345.951   -39.02   36.87
 227623.596   348.033     5.53   36.31
 227999.854   338.021   -26.61   28.40
 228376.098   329.153   -23.57    9.28
 228752.329   334.666    14.65   11.75
 229128.547   343.547    23.60   13.85
 229504.752   356.953    35.63   16.47
 229880.943   382.118    66.88   35.91
 230257.121   403.235    56.13   34.21
 230633.286   413.118    26.27   27.74
 231009.438   408.952   -11.07   35.01
 231385.577   385.543   -62.22   33.29
 231761.702   371.975   -36.07   22.84
 232137.814   367.638   -11.53   10.59
 232513.913   376.489    23.53   12.93
 232889.998   386.977    27.88   11.87
 233266.071   391.708    12.58   11.25
 233642.130   396.416    12.52   10.16
 234018.176   397.153     1.96   11.81
 234394.208   392.318   -12.86   14.22
 234770.228   390.428    -5.03   12.59
 235146.234   384.785   -15.00   15.65
 235522.227   373.733   -29.39   22.11
 235898.207   366.998   -17.91   23.18
 236274.174   362.367   -12.31   22.74
 236650.127   365.328     7.87   22.89
 237026.068   373.806    22.55   20.72
 237401.995   385.475    31.04   25.58
 237777.909   398.737    35.27   27.92
 238153.809   416.309    46.74   29.27
 238529.697   439.153    60.76   27.52
 238905.571   445.178    16.03   31.24
 239281.433   449.978    12.77   30.67
 239657.281   449.806    -0.46   26.65
 240033.116   435.074   -39.19   27.02
 240408.937   430.690   -11.66   27.92
 240784.746   429.684    -2.68   30.09
 241160.541   451.415    57.82   62.40
 241536.324   509.809   155.36   98.69
 241912.093   598.391   235.69  129.91
 242287.849   669.977   190.48  116.57
 242663.592   745.303   200.44   98.11
 243039.321   792.849   126.52   77.16
 243415.038   787.110   -15.27   86.24
 243790.741   790.389     8.73   75.99
 244166.432   788.452    -5.16   65.24
 244542.109   790.538     5.55   67.66
 244917.773   798.825    22.06   66.65
 245293.424   817.882    50.72   55.73
 245669.062   841.082    61.75   33.99
 246044.687   830.684   -27.68   52.85
 246420.298   776.196  -145.04  103.06
 246795.897   697.328  -209.94  128.70
 247171.482   596.928  -267.27   92.78
 247547.055   535.954  -162.32   38.68
 247922.614   513.285   -60.35   17.75
 248298.160   501.044   -32.59    7.22
 248673.693   495.342   -15.18    8.07
 249049.213   491.023   -11.50    5.97
 249424.720   489.902    -2.98    5.47
 249800.214   492.499     6.92    6.09
 250175.694   493.781     3.41    5.05
 250551.162   490.975    -7.47    6.85
 250926.617   487.367    -9.61    7.39
 251302.058   483.178   -11.16    5.72
 251677.487   480.403    -7.39    3.93
 252052.902   478.078    -6.19    4.52
 252428.304   476.464    -4.30    4.98
 252803.694   476.499     0.09    5.73
 253179.070   482.356    15.60   17.17
 253554.433   506.594    64.56   52.45
 253929.783   525.380    50.04   65.90
 254305.120   540.196    39.47   69.89
 254680.444   547.245    18.78   70.48
 255055.755   559.806    33.46   88.07
 255431.053   599.678   106.22  115.67
 255806.338   644.196   118.60  131.52
 256181.610   693.023   130.09  125.38
 256556.869   707.464    38.48  109.77
 256932.115   688.833   -49.64   93.82
 257307.348   649.671  -104.34  101.57
 257682.568   595.190  -145.17   81.90
 258057.775   595.611     1.12   82.82
 258432.969   644.625   130.61  109.93
 258808.149   703.523   156.95   91.89
 259183.317   724.638    56.27   71.12
 259558.472   681.223  -115.70   94.36
 259933.614   643.278  -101.13   85.81
 260308.743   656.879    36.25  100.59
 260683.859   705.050   128.39   99.93
 261058.962   735.441    81.00   78.66
 261434.052   699.746   -95.14  101.23
 261809.129   641.928  -154.12   98.69
 262184.192   612.278   -79.04   65.41
 262559.243   642.245    79.89   85.79
 262934.281   698.147   149.03   95.24
 263309.307   750.602   139.84   63.93
 263684.319   780.244    79.03   26.84
 264059.318   789.403    24.42   37.16
 264434.304   801.642    32.63   52.88
 264809.277   822.733    56.23   63.17
 265184.238   847.475    65.97   69.06
 265559.185   855.378    21.07   59.88
 265934.119   855.278    -0.27   55.87
 266309.041   825.876   -78.40   77.12
 266683.949   790.166   -95.23   78.83
 267058.845   756.023   -91.05   70.56
 267433.727   744.833   -29.84   55.30
 267808.597   769.489    65.76   69.89
 268183.454   818.003   129.39   85.30
 268558.298   883.050   173.50   96.92
 268933.129   945.788   167.34   63.13
 269307.947   981.440    95.10   54.52
 269682.752  1018.562    99.02   47.67
 270057.544  1041.603    61.46   40.69
 270432.324  1060.074    49.28   32.15
 270807.090  1062.112     5.44   32.28
 271181.844  1052.785   -24.88   32.68
 271556.584  1038.153   -39.04   29.75
 271931.312  1018.684   -51.94   37.53
 272306.027   982.309   -97.05   51.36
 272680.729   944.235  -101.59   54.83
 273055.418   895.285  -130.62   56.78
 273430.094   852.030  -115.42   41.28
 273804.757   823.974   -74.87   33.45
 274179.408   801.733   -59.35   17.95
 274554.045   793.050   -23.17   10.31
 274928.670   789.672    -9.01   10.00
 275303.282   788.338    -3.56   10.99
 275677.881   790.118     4.75   11.24
 276052.467   788.800    -3.52   10.89
 276427.040   787.475    -3.53   11.87
 276801.601   781.659   -15.52   15.18
 277176.148   773.753   -21.11   12.19
 277550.683   772.047    -4.55   12.15
 277925.205   777.612    14.86   17.72
 278299.714   785.391    20.77   20.10
 278674.210   792.253    18.32   20.34
 279048.694   793.708     3.89   19.55
 279423.164   794.489     2.08   19.12
 279797.622   796.765     6.08   19.97
 280172.067   802.977    16.59   19.22
 280546.499   813.203    27.31   22.48
 280920.918   834.342    56.45   39.06
 281295.325   848.404    37.55   40.23
 281669.718   868.513    53.70   46.10
 282044.099   883.074    38.89   43.33
 282418.467   889.303    16.63   36.22
 282792.822   908.781    52.02   42.20
 283167.165   936.518    74.08   45.87
 283542.773   960.547    63.96   41.24
 283919.669   969.050    22.56   28.15
 284296.553   948.594   -54.26   44.07
 284673.424   902.578  -122.08   59.98
 285050.282   862.454  -106.45   45.72
 285427.127   833.602   -76.55   34.27
 285803.959   811.367   -58.99   18.29
 286180.778   799.489   -31.52   12.51
 286557.584   793.074   -17.02   14.07
 286934.377   790.270    -7.44   14.15
 287311.157   794.496    11.21   18.20
 287687.924   814.261    52.45   34.55
 288064.679   841.391    71.99   45.08
 288441.420   859.513    48.09   42.25
 288818.148   873.415    36.89   38.01
 289194.864   881.632    21.81   43.06
 289571.566   881.543    -0.24   40.12
 289948.256   874.001   -20.02   37.94
 290324.932   858.428   -41.33   25.09
 290701.596   853.415   -13.31   26.77
 291078.247   853.587     0.46   33.64
 291454.885   854.480     2.37   39.55
 291831.510   857.464     7.92   45.70
 292208.122   854.928    -6.73   49.47
 292584.721   835.147   -52.51   32.08
 292961.307   829.881   -13.98   23.01
 293337.881   835.033    13.68   28.08
 293714.441   845.703    28.33   27.21
 294090.989   850.023    11.47   23.42
 294467.523   848.562    -3.88   23.50
 294844.045   846.428    -5.67   23.76
 295220.554   846.569     0.37   28.81
 295597.050   849.025     6.52   29.10
 295973.533   846.778    -5.97   30.25
 296350.003   840.757   -15.99   23.49
 296726.461   830.001   -28.57   21.20
 297102.905   825.071   -13.09   21.22
 297479.337   829.147    10.83   27.32
 297855.756   825.303   -10.21   28.93
 298232.162   825.489     0.49   30.58
 298608.555   817.855   -20.28   30.64
 298984.935   807.403   -27.76   23.92
 299361.302   798.237   -24.35   14.08
 299737.657   798.978     1.97   16.90
 300113.998   803.628    12.35   20.57
 300490.327   806.453     7.51   20.72
 300866.643   810.118     9.74   19.69
 301242.946   811.440     3.51   23.10
 301619.237   819.928    22.55   25.69
 301995.514   823.703    10.03   25.45
 302371.779   827.159     9.18   23.70
 302748.031   829.094     5.14   17.94
 303124.270   846.781    47.00   28.49
 303500.496   873.099    69.93   43.41
 303876.710   916.878   116.34   55.34
 304252.910   951.270    91.40   36.84
 304629.098   969.451    48.32   27.86
 305005.273   978.774    24.78   25.88
 305381.435   973.538   -13.92   29.23
 305757.585   978.562    13.35   29.22
 306133.721   983.979    14.40   27.10
 306509.845   986.496     6.69   21.81
 306885.956   988.441     5.17   20.35
 307262.054   988.318    -0.33   20.87
 307638.140   988.253    -0.17   18.42
 308014.212   985.128    -8.31   18.60
 308390.272   978.382   -17.93   22.57
 308766.319   976.086    -6.11   25.38
 309142.354   980.294    11.19   28.01
 309518.375   982.833     6.75   25.30
 309894.384   980.074    -7.33   25.29
 310270.380   973.928   -16.34   24.49
 310646.364   963.953   -26.52   20.09
 311022.334   938.342   -68.10   43.91
 311398.292   891.309  -125.07   73.12
 311774.237   852.039  -104.43   71.46
 312150.169   812.505  -105.14   46.17
