-281361.577   173.458     0.00    3.76
-280986.081   172.508    -2.53    4.92
-280610.573   171.532    -2.60    7.27
-280235.051   168.852    -7.13    8.22
-279859.517   166.677    -5.79    7.01
-279483.971   167.167     1.30    6.18
-279108.411   168.021     2.27    6.12
-278732.839   169.754     4.61    6.37
-278357.254   171.511     4.68    5.72
-277981.657   173.216     4.54    6.47
-277606.047   176.265     8.12    7.00
-277230.423   180.728    11.88    6.84
-276854.788   187.752    18.70   12.83
-276479.139   199.852    32.20   22.83
-276103.478   212.479    33.61   23.97
-275727.804   220.850    22.28   19.17
-275352.117   227.359    17.32   15.25
-274976.417   219.460   -21.02   17.56
-274600.705   214.787   -12.43   18.39
-274224.980   214.816     0.08   22.56
-273849.242   217.566     7.32   23.51
-273473.492   225.190    20.29   27.26
-273097.728   211.435   -36.60   34.86
-272721.952   194.947   -43.87   34.18
-272346.163   185.630   -24.79   33.36
-271970.361   172.191   -35.75    8.22
-271594.547   175.591     9.04    7.40
-271218.719   179.752    11.07    7.07
-270842.879   184.359    12.25    7.87
-270467.026   187.411     8.12    8.41
-270091.161   192.430    13.35    9.33
-269715.282   195.116     7.14    8.92
-269339.391   197.191     5.52    7.45
-268963.487   204.491    19.42   14.96
-268587.570   224.289    52.66   53.02
-268211.640   236.801    33.28   57.92
-267835.698   256.582    52.61   78.21
-267459.742   258.791     5.87   70.26
-267083.774   270.768    31.85   72.22
-266707.793   303.811    87.87   78.86
-266331.799   321.549    47.17   71.07
-265955.792   341.777    53.79   64.26
-265579.773   350.240    22.50   57.76
-265203.740   351.652     3.75   65.48
-264827.695   335.784   -42.19   78.87
-264451.637   310.216   -67.98   83.60
-264075.566   291.192   -50.58   81.03
-263699.482   257.097   -90.64   57.68
-263323.386   243.291   -36.70   41.71
-262947.276   236.693   -17.54   27.70
-262571.154   242.216    14.68   42.39
-262195.019   251.073    23.54   47.32
-261818.871   269.287    48.41   63.18
-261442.710   289.386    53.42   71.49
-261066.536   311.352    58.38   78.60
-260690.349   329.626    48.57   75.14
-260314.150   349.335    52.38   75.87
-259937.937   368.611    51.23   73.53
-259561.712   389.191    54.69   73.54
-259185.474   418.045    76.68   60.59
-258809.222   447.141    77.32   38.18
-258432.958   469.597    59.67   28.89
-258056.682   486.366    44.56   23.17
-257680.392   501.668    40.66   18.51
-257304.089   510.679    23.94   13.10
-256927.773   514.441     9.99   11.85
-256551.445   517.766     8.83   12.68
-256175.103   516.766    -2.66   14.61
-255798.749   517.899     3.01   16.65
-255422.382   516.454    -3.84   17.61
-255046.001   509.430   -18.66   16.58
-254669.608   504.001   -14.42   18.67
-254293.202   493.168   -28.78   18.81
-253916.783   477.679   -41.14   15.34
-253540.351   466.859   -28.74   15.58
-253163.906   455.289   -30.73   17.04
-252787.448   441.899   -35.56   22.42
-252410.977   428.118   -36.60   27.44
-252034.494   418.801   -24.74   26.23
-251657.997   408.791   -26.58   22.85
-251281.487   398.508   -27.30   21.18
-250904.965   392.816   -15.12   20.48
-250528.429   387.630   -13.77   19.12
-250151.881   387.906     0.73   20.07
-249775.319   397.391    25.18   21.77
-249398.745   414.454    45.30   23.58
-249022.157   434.498    53.22   28.76
-248645.557   450.850    43.41   26.26
-248268.943   459.954    24.17   20.13
-247892.317   465.791    15.49   14.64
-247515.677   449.335   -43.68   28.54
-247139.025   417.805   -83.69   55.20
-246762.360   374.763  -114.25   70.18
-246385.681   326.549  -127.97   55.18
-246008.990   294.116   -86.08   23.76
-245632.285   285.146   -23.81    4.90
-245255.568   283.558    -4.21    6.07
-244878.837   280.937    -6.96    6.93
-244502.094   278.118    -7.48    6.78
-244125.338   274.192   -10.42    4.55
-243748.568   270.787    -9.04    4.58
-243371.786   268.652    -5.67    4.55
-242994.990   266.240    -6.40    4.26
-242618.182   263.411    -7.51    4.19
-242241.360   261.311    -5.57    4.20
-241864.525   260.025    -3.41    4.38
-241487.678   257.677    -6.23    4.44
-241110.817   256.120    -4.13    4.58
-240733.943   254.966    -3.06    4.16
-240357.056   252.120    -7.55    4.55
-239980.157   250.947    -3.11    4.15
-239603.244   249.966    -2.60    3.95
-239228.239   250.069     0.28    4.26
-238853.900   251.441     3.66    4.17
-238479.549   253.338     5.07    3.57
-238105.184   253.630     0.78    3.65
-237730.807   253.097    -1.43    3.92
-237356.417   252.866    -0.62    4.23
-236982.014   252.811    -0.15    4.10
-236607.598   252.801    -0.03    3.21
-236233.169   254.113     3.50    3.38
-235858.727   256.366     6.01    4.66
-235484.273   258.891     6.74    4.55
-235109.805   261.289     6.40    4.78
-234735.325   263.825     6.77    5.71
-234360.832   265.825     5.34    6.20
-233986.325   268.777     7.88    7.11
-233611.806   273.113    11.58    7.28
-233237.274   275.943     7.55    7.24
-232862.729   279.069     8.35    6.43
-232488.171   280.668     4.27    5.43
-232113.601   281.996     3.55    5.22
-231739.017   283.032     2.76    5.32
-231364.420   284.352     3.52    5.27
-230989.811   286.703     6.27    5.14
-230615.188   289.338     7.03    5.64
-230240.552   293.557    11.26    6.19
-229865.904   296.566     8.03    6.31
-229491.243   302.011    14.53    8.79
-229116.568   313.163    29.76   18.06
-228741.881   333.923    55.40   33.96
-228367.181   360.525    70.98   41.35
-227992.467   365.557    13.43   33.32
-227617.741   357.168   -22.38   30.20
-227243.002   341.729   -41.19   25.36
-226868.250   332.549   -24.49   21.11
-226493.485   323.533   -24.05   17.01
-226118.707   316.923   -17.63   17.09
-225743.916   308.947   -21.28   17.74
-225369.111   299.728   -24.59   11.38
-224994.294   295.191   -12.10    8.00
-224619.464   295.391     0.53    7.65
-224244.621   299.289    10.40    8.02
-223869.765   303.406    10.98    7.00
-223494.896   303.166    -0.64    6.86
-223120.014   299.930    -8.63    8.60
-222745.119   296.313    -9.65    8.58
-222370.211   294.167    -5.72    6.82
-221995.290   293.941    -0.60    7.53
-221620.356   295.289     3.60    7.16
-221245.409   294.541    -2.00    7.85
-220870.449   291.191    -8.93    9.30
-220495.475   285.716   -14.60   11.88
-220120.489   279.620   -16.25   11.15
-219745.490   273.406   -16.57    9.94
-219370.478   272.164    -3.31    8.86
-218995.452   273.238     2.86   10.24
-218620.414   278.265    13.40   12.32
-218245.363   281.335     8.18   15.80
-217870.298   284.362     8.07   16.84
-217495.221   281.216    -8.39   18.88
-217120.130   277.784    -9.15   18.07
-216745.027   271.791   -15.97   13.78
-216369.910   265.801   -15.96   10.45
-215994.780   259.787   -16.03   10.19
-215619.638   257.241    -6.79    7.72
-215244.482   258.011     2.05    7.73
-214869.313   261.164     8.40    9.51
-214494.131   264.316     8.40    8.62
-214118.936   266.265     5.19    9.65
-213743.727   264.947    -3.51    8.60
-213368.506   262.216    -7.28   10.90
-212993.272   258.689    -9.40   11.31
-212618.024   253.316   -14.32   11.12
-212242.764   248.573   -12.64    8.70
-211867.490   247.069    -4.01    8.00
-211492.203   249.454     6.35   12.45
-211116.904   253.141     9.82   13.38
-210741.591   253.166     0.07   12.49
-210366.264   251.041    -5.66   10.00
-209990.925   249.263    -4.73    7.50
-209615.573   247.406    -4.95    7.46
-209240.208   247.144    -0.70    8.21
-208864.829   248.716     4.19    8.36
-208489.437   251.266     6.79    7.56
-208114.032   256.091    12.85    7.97
-207738.615   261.811    15.23    8.02
-207363.183   266.191    11.67    6.90
-206987.739   269.386     8.51    5.83
-206612.282   271.216     4.87    6.90
-206236.811   273.191     5.26    7.56
-205861.328   274.066     2.33    7.65
-205485.831   272.168    -5.05    7.99
-205110.321   267.616   -12.12    8.90
-204734.798   264.289    -8.86    7.37
-204359.261   265.001     1.90    6.74
-203983.712   267.498     6.65    8.31
-203608.149   272.287    12.75    7.56
-203232.573   273.805     4.04    7.20
-202856.984   272.025    -4.74    8.15
-202481.382   266.763   -14.01    9.55
-202105.767   260.143   -17.62    9.41
-201730.138   254.565   -14.85   10.16
-201354.497   249.558   -13.33   10.00
-200978.842   243.727   -15.52   12.07
-200603.174   238.441   -14.07   14.59
-200227.492   232.763   -15.11   13.87
-199851.798   227.073   -15.14   12.07
-199476.090   222.703   -11.63   10.80
-199100.369   216.763   -15.81   10.36
-198724.635   211.190   -14.83    9.37
-198348.887   204.097   -18.88   10.33
-197973.127   197.484   -17.60    9.41
-197597.353   192.966   -12.02    8.43
-197221.566   190.382    -6.87    9.19
-196845.766   193.821     9.15   11.38
-196469.952   194.167     0.92   10.40
-196094.126   192.825    -3.57    9.92
-195718.286   189.679    -8.37    9.32
-195342.432   183.533   -16.35    9.89
-194966.566   179.069   -11.87    7.43
-194590.686   169.891   -24.42   17.53
-194214.793   166.191    -9.84   18.88
-193838.887   168.930     7.28   21.24
-193462.968   174.972    16.07   24.59
-193087.035   185.355    27.62   18.94
-192711.089   196.508    29.66   13.95
-192335.130   205.241    23.22   14.42
-191959.157   215.899    28.34   19.27
-191583.171   227.454    30.73   21.84
-191207.172   237.118    25.70   22.37
-190831.160   246.859    25.90   21.67
-190455.134   254.754    20.99   18.80
-190079.095   260.666    15.72   18.89
-189703.043   271.318    28.32   22.30
-189326.978   288.763    46.38   33.49
-188950.899   301.313    33.37   28.26
-188574.807   306.859    14.74   23.01
-188198.701   304.341    -6.69   12.69
-187822.583   302.295    -5.44    7.32
-187446.451   300.913    -3.67    6.93
-187070.305   300.825    -0.23    6.68
-186694.147   299.021    -4.80    6.96
-186317.975   299.141     0.32    5.70
-185941.789   299.874     1.95    5.78
-185565.591   301.966     5.56    5.88
-185189.379   304.498     6.73    5.16
-184813.154   306.382     5.01    5.62
-184436.915   308.874     6.62    5.50
-184060.663   311.344     6.56    6.38
-183684.398   314.420     8.17    6.43
-183308.119   314.805     1.02    7.39
-182931.827   311.216    -9.54   12.33
-182555.522   305.192   -16.01   13.41
-182179.203   303.316    -4.98   11.27
-181802.871   303.579     0.70    9.56
-181426.526   307.084     9.31    8.80
-181050.167   311.978    13.00   12.60
-180673.795   311.335    -1.71   15.45
-180297.409   312.533     3.18   14.97
-179921.010   318.011    14.55   14.03
-179544.598   319.908     5.04   11.33
-179168.173   323.787    10.30    8.61
-178791.733   324.501     1.90    9.31
-178415.281   324.882     1.01    9.68
-178038.815   326.882     5.31   10.40
-177662.336   329.366     6.60   12.13
-177285.843   331.763     6.37   13.33
-176909.337   333.766     5.32   12.98
-176532.818   334.597     2.21    9.34
-176156.285   337.728     8.31    8.13
-175779.739   342.411    12.43    8.37
-175403.179   347.069    12.37    6.65
-175026.606   348.265     3.17    7.13
-174650.020   346.120    -5.69    8.33
-174273.420   342.644    -9.23    8.25
-173896.807   337.454   -13.78    8.77
-173520.180   332.484   -13.19    9.86
-173143.540   330.430    -5.45   10.22
-172766.886   326.850    -9.50    9.86
-172390.219   326.021    -2.20   12.36
-172013.539   325.289    -1.94   11.87
-171636.845   320.668   -12.27   10.65
-171260.137   317.752    -7.74   11.29
-170883.416   312.541   -13.83   10.95
-170506.682   307.557   -13.23    9.59
-170129.934   304.167    -9.00    9.00
-169753.173   301.216    -7.83    7.42
-169376.398   300.923    -0.78    9.18
-168999.610   299.311    -4.28    8.30
-168622.809   298.484    -2.19    7.38
-168245.993   299.097     1.63    6.77
-167869.165   300.446     3.58    7.15
-167492.323   305.289    12.85    7.57
-167115.467   310.630    14.17    6.76
-166738.598   314.658    10.68    5.66
-166361.716   316.240     4.20    4.93
-165984.819   314.959    -3.40    5.45
-165607.910   313.011    -5.17    6.35
-165230.987   309.386    -9.62    6.34
-164854.050   306.740    -7.02    6.12
-164477.100   307.740     2.65    6.09
-164102.576   306.874    -2.31    6.44
-163728.285   308.557     4.50    6.63
-163353.980   309.466     2.43    6.46
-162979.662   310.996     4.09    6.14
-162605.331   312.704     4.56    6.24
-162230.986   313.985     3.42    5.71
-161856.628   317.716     9.96    6.46
-161482.257   321.742    10.75    5.19
-161107.873   325.630    10.38    4.92
-160733.475   328.144     6.71    3.73
-160359.063   328.045    -0.27    4.15
-159984.639   326.920    -3.00    5.38
-159610.201   324.754    -5.78    4.84
-159235.750   322.430    -6.21    5.29
-158861.285   320.859    -4.20    5.69
-158486.807   318.430    -6.48    6.21
-158112.316   315.460    -7.93    6.25
-157737.811   313.866    -4.26    6.42
-157363.293   313.557    -0.82    7.01
-156988.761   315.435     5.01    7.44
-156614.217   316.508     2.86    6.94
-156239.658   316.216    -0.78    7.70
-155865.087   317.454     3.30    7.28
-155490.502   316.501    -2.54    7.39
-155115.904   316.811     0.83    7.08
-154741.292   317.787     2.61    7.49
-154366.667   317.167    -1.66    7.40
-153992.028   314.941    -5.94    9.16
-153617.376   310.066   -13.01   11.27
-153242.711   302.728   -19.58   10.86
-152868.032   296.850   -15.69    7.37
-152493.340   293.311    -9.44    6.55
-152118.634   289.716    -9.59    5.51
-151743.915   289.395    -0.86    5.79
-151369.183   290.261     2.31    7.07
-150994.437   292.362     5.61    6.41
-150619.678   293.049     1.83    5.35
-150244.905   291.752    -3.46    4.66
-149870.119   289.584    -5.78    5.45
-149495.320   285.648   -10.50    6.62
-149120.507   281.882   -10.04    5.07
-148745.680   281.740    -0.38    4.81
-148370.840   285.996    11.35    7.08
-147995.987   288.791     7.45    6.71
-147621.120   291.670     7.68    6.10
-147246.240   292.926     3.35    5.83
-146871.346   293.192     0.71    5.63
-146496.439   291.588    -4.28    4.92
-146121.519   290.191    -3.72    4.89
-145746.584   286.716    -9.27    5.90
-145371.637   282.805   -10.43    5.55
-144996.676   278.644   -11.10    5.33
-144621.701   275.069    -9.53    4.78
-144246.713   270.787   -11.42    5.62
-143871.712   268.144    -7.05    4.70
-143496.697   266.691    -3.88    4.08
-143121.668   268.021     3.55    5.00
-142746.626   270.991     7.92    4.95
-142371.571   274.899    10.42    5.35
-141996.502   279.021    10.99    6.04
-141621.420   282.406     9.03    5.58
-141246.324   285.801     9.05    4.71
-140871.214   287.309     4.02    4.60
-140496.091   287.118    -0.51    4.74
-140120.955   284.791    -6.20    6.67
-139745.805   281.996    -7.45    6.54
-139370.641   279.668    -6.20    5.18
-138995.464   279.947     0.74    5.06
-138620.273   280.144     0.52    4.15
-138245.069   279.791    -0.94    4.12
-137869.852   279.704    -0.23    3.90
-137494.620   279.370    -0.89    4.36
-137119.376   279.906     1.43    4.70
-136744.117   280.825     2.45    5.10
-136368.845   281.978     3.07    5.01
-135993.560   282.941     2.57    5.37
-135618.261   283.795     2.28    5.57
-135242.948   283.658    -0.37    6.01
-134867.622   283.016    -1.71    5.45
-134492.283   282.289    -1.94    4.85
-134116.929   282.386     0.26    4.55
-133741.563   283.934     4.12    4.48
-133366.182   285.898     5.23    3.92
-132990.788   287.344     3.85    4.05
-132615.381   288.406     2.83    4.44
-132239.960   290.240     4.88    4.95
-131864.525   291.341     2.93    4.30
-131489.077   294.352     8.02    4.66
-131113.615   296.874     6.72    4.43
-130738.139   299.402     6.73    5.92
-130362.650   302.406     8.00    5.26
-129987.147   304.978     6.85    5.93
-129611.631   307.882     7.73    5.40
-129236.101   309.549     4.44    5.00
-128860.557   311.978     6.47    5.23
-128485.000   315.541     9.49    6.24
-128109.429   320.167    12.32    6.70
-127733.845   323.191     8.05    7.39
-127358.247   322.850    -0.91    8.15
-126982.635   320.763    -5.55    8.08
-126607.010   318.841    -5.12    5.28
-126231.371   321.191     6.26    6.03
-125855.718   326.338    13.70    6.83
-125480.052   331.289    13.18    7.30
-125104.372   335.382    10.90    5.41
-124728.678   336.076     1.85    5.37
-124352.971   335.266    -2.16    5.46
-123977.250   334.391    -2.33    5.23
-123601.516   334.930     1.44    5.35
-123225.767   335.430     1.33    5.35
-122850.006   334.797    -1.68    5.36
-122474.230   332.484    -6.15    5.40
-122098.441   331.566    -2.44    5.82
-121722.638   331.777     0.56    4.97
-121346.821   331.006    -2.05    5.01
-120970.991   330.045    -2.56    5.20
-120595.147   329.216    -2.21    4.52
-120219.289   329.491     0.73    4.70
-119843.418   332.606     8.29    5.68
-119467.533   337.341    12.60    5.27
-119091.634   341.313    10.57    5.35
-118715.721   345.338    10.70    5.81
-118339.795   349.557    11.22    6.07
-117963.855   353.386    10.18    6.47
-117587.902   355.516     5.66    5.76
-117211.934   353.240    -6.05    7.22
-116835.953   348.318   -13.09    8.77
-116459.959   341.025   -19.39    9.40
-116083.950   335.501   -14.69    9.81
-115707.928   331.406   -10.89    8.88
-115331.892   329.144    -6.01    9.45
-114955.842   329.164     0.05   10.06
-114579.778   330.170     2.67    9.57
-114203.701   329.620    -1.46    8.69
-113827.610   328.120    -3.99    6.15
-113451.506   329.332     3.22    8.80
-113075.387   332.637     8.79    9.31
-112699.255   336.648    10.66    9.11
-112323.109   337.766     2.97    7.53
-111946.949   335.751    -5.36   10.99
-111570.775   328.668   -18.83   16.69
-111194.588   318.985   -25.74   17.37
-110818.387   312.102   -18.29   14.97
-110442.172   305.370   -17.89   13.93
-110065.943   299.923   -14.48   16.23
-109689.701   292.191   -20.55   14.25
-109313.445   286.966   -13.89   12.54
-108937.175   286.352    -1.63   11.43
-108560.891   288.716     6.28    9.88
-108184.593   292.923    11.18    8.20
-107808.282   291.954    -2.58    6.27
-107431.957   287.899   -10.77    9.82
-107055.617   281.025   -18.26   11.24
-106679.265   275.344   -15.09    8.11
-106302.898   276.359     2.70   10.01
-105926.517   280.120     9.99   13.93
-105550.123   283.021     7.70   12.77
-105173.715   282.338    -1.81   10.29
-104797.293   279.616    -7.23    8.81
-104420.857   275.591   -10.69    7.42
-104044.407   272.266    -8.83    7.20
-103667.944   268.978    -8.73    8.20
-103291.466   265.435    -9.41    7.81
-102914.975   262.049    -8.99    7.86
-102538.470   258.825    -8.56    8.42
-102161.951   257.728    -2.91    9.50
-101785.419   258.335     1.61   10.06
-101408.872   260.954     6.95   10.85
-101032.311   263.495     6.75   10.99
-100655.737   265.763     6.02   10.14
-100279.149   268.835     8.16   10.13
 -99902.547   273.411    12.15    9.52
 -99525.931   280.644    19.20    8.23
 -99149.301   284.313     9.74    7.17
 -98772.657   283.597    -1.90    7.41
 -98395.999   280.874    -7.23    8.01
 -98019.328   272.692   -21.72   10.98
 -97642.642   263.841   -23.50   11.37
 -97265.943   254.947   -23.61   13.87
 -96889.230   241.791   -34.92   16.94
 -96512.503   229.167   -33.51   19.37
 -96135.762   214.382   -39.24   18.40
 -95759.007   199.752   -38.83   12.62
 -95382.238   190.240   -25.25   12.07
 -95005.455   184.549   -15.10   11.00
 -94628.658   191.097    17.38   26.49
 -94251.848   215.630    65.10   45.46
 -93875.023   238.355    60.30   40.99
 -93498.185   260.692    59.27   30.92
 -93121.332   268.754    21.39   31.46
 -92744.466   263.920   -12.83   39.10
 -92367.585   251.362   -33.32   41.60
 -91990.691   228.525   -60.59   42.91
 -91613.783   201.630   -71.35   36.31
 -91236.861   179.242   -59.39   22.82
 -90859.925   171.534   -20.45   17.19
 -90482.975   174.766     8.57   24.97
 -90106.010   191.763    45.09   45.36
 -89729.032   218.557    71.07   57.69
 -89352.241   234.754    42.98   53.33
 -88978.012   242.784    21.46   44.30
 -88603.769   243.626     2.25   34.64
 -88229.512   235.763   -21.01   31.25
 -87855.241   258.774    61.48   77.13
 -87480.956   315.766   152.26  121.83
 -87106.658   383.398   180.68  106.95
 -86732.346   432.532   131.26   55.43
 -86358.020   429.740    -7.46   56.42
 -85983.680   400.332   -78.55   52.50
 -85609.327   365.501   -93.04   61.39
 -85234.960   310.906  -145.82   82.66
 -84860.579   239.062  -191.89   87.23
 -84486.184   180.382  -156.72   65.19
 -84111.775   138.791  -111.08   26.64
 -83737.353   120.606   -48.56   13.87
 -83362.917   109.311   -30.16   11.54
 -82988.467   102.679   -17.71    9.55
 -82614.003    96.045   -17.72    5.93
 -82239.525    92.168   -10.35    5.57
 -81865.034    88.630    -9.45    3.59
 -81490.528    85.991    -7.05    2.89
 -81116.009    83.716    -6.07    3.47
 -80741.476    81.588    -5.68    2.95
 -80366.929    79.820    -4.72    2.31
 -79992.369    78.716    -2.95    1.94
 -79617.794    78.341    -1.00    2.30
 -79243.206    77.777    -1.51    2.46
 -78868.604    77.501    -0.73    2.63
 -78493.988    76.763    -1.97    2.99
 -78119.358    75.362    -3.74    2.87
 -77744.714    75.947     1.56    4.72
 -77370.057    80.460    12.04   13.29
 -76995.385    93.741    35.45   27.66
 -76620.700   117.430    63.22   37.49
 -76246.001   142.472    66.83   37.08
 -75871.288   173.216    82.04   42.06
 -75496.561   159.644   -36.21   56.61
 -75121.820   134.099   -68.16   69.32
 -74747.065    98.668   -94.54   63.95
 -74372.297    64.716   -90.59   12.72
 -73997.514    59.466   -14.01    2.58
 -73622.718    57.791    -4.47    1.36
 -73247.908    57.120    -1.79    1.49
 -72873.083    56.335    -2.10    1.50
 -72498.245    55.754    -1.55    1.35
 -72123.393    55.307    -1.19    1.43
 -71748.528    54.959    -0.93    1.14
 -71373.648    54.801    -0.42    1.53
 -70998.754    54.338    -1.24    1.25
 -70623.846    54.341     0.01    1.59
 -70248.925    54.488     0.39    1.93
 -69873.989    54.716     0.61    2.23
 -69499.040    54.216    -1.33    2.24
 -69124.077    54.285     0.19    2.10
 -68749.099    53.972    -0.84    1.92
 -68374.108    53.597    -1.00    1.72
 -67999.103    53.370    -0.61    1.61
 -67624.084    52.763    -1.62    1.60
 -67249.051    52.143    -1.66    1.85
 -66874.004    51.382    -2.03    1.94
 -66498.943    50.801    -1.55    1.75
 -66123.868    50.335    -1.24    1.50
 -65748.779    49.923    -1.10    1.54
 -65373.676    49.120    -2.14    1.86
 -64998.559    48.240    -2.35    1.89
 -64623.428    47.168    -2.86    1.50
 -64248.283    46.382    -2.09    1.70
 -63873.125    45.472    -2.43    1.87
 -63497.952    44.448    -2.73    1.67
 -63122.765    43.582    -2.31    1.22
 -62747.564    42.991    -1.57    1.27
 -62372.350    42.484    -1.35    1.41
 -61997.121    42.001    -1.29    1.57
 -61621.878    41.240    -2.03    1.57
 -61246.621    40.216    -2.73    1.36
 -60871.351    39.430    -2.09    1.47
 -60496.066    38.557    -2.33    1.53
 -60120.767    37.899    -1.75    1.54
 -59745.454    37.240    -1.76    1.39
 -59370.127    36.752    -1.30    1.38
 -58994.786    36.533    -0.58    1.42
 -58619.432    35.972    -1.49    1.32
 -58244.063    35.641    -0.88    1.28
 -57868.680    35.309    -0.88    1.09
 -57493.283    34.959    -0.93    1.14
 -57117.872    34.549    -1.09    1.03
 -56742.447    34.240    -0.82    0.87
 -56367.007    34.309     0.18    1.29
 -55991.554    34.472     0.43    1.62
 -55616.087    34.479     0.02    1.67
 -55240.606    34.579     0.27    1.70
 -54865.110    34.411    -0.45    1.63
 -54489.601    34.001    -1.09    1.83
 -54114.077    33.668    -0.89    1.68
 -53738.540    33.703     0.09    1.83
 -53362.988    33.261    -1.18    2.22
 -52987.422    32.805    -1.21    2.38
 -52611.843    32.025    -2.08    2.36
 -52236.249    31.192    -2.22    2.19
 -51860.641    30.498    -1.85    1.69
 -51485.019    29.761    -1.96    1.28
 -51109.382    29.768     0.02    1.61
 -50733.732    29.289    -1.28    1.60
 -50358.068    28.740    -1.46    1.88
 -49982.389    28.411    -0.87    2.22
 -49606.696    27.375    -2.76    2.02
 -49230.990    26.857    -1.38    2.06
 -48855.269    26.716    -0.38    2.06
 -48479.534    26.425    -0.77    1.90
 -48103.785    26.501     0.20    2.03
 -47728.022    26.097    -1.08    2.03
 -47352.244    25.766    -0.88    2.29
 -46976.453    24.906    -2.29    2.34
 -46600.647    23.791    -2.97    1.88
 -46224.827    23.168    -1.66    1.77
 -45848.993    22.606    -1.50    1.55
 -45473.145    21.978    -1.67    1.81
 -45097.283    21.850    -0.34    2.01
 -44721.407    21.573    -0.74    2.06
 -44345.516    21.582     0.02    2.14
 -43969.611    21.573    -0.02    1.86
 -43593.692    21.573     0.00    1.75
 -43217.759    21.472    -0.27    1.76
 -42841.812    21.332    -0.37    2.01
 -42465.851    20.954    -1.01    1.98
 -42089.875    20.416    -1.43    1.91
 -41713.885    19.996    -1.12    1.67
 -41337.881    19.448    -1.46    1.86
 -40961.863    19.240    -0.56    1.88
 -40585.831    19.097    -0.38    1.68
 -40209.784    18.777    -0.85    1.90
 -39833.724    18.516    -0.69    1.94
 -39457.649    18.120    -1.05    1.95
 -39081.560    17.740    -1.01    1.90
 -38705.456    17.533    -0.55    2.01
 -38329.339    17.338    -0.52    1.89
 -37953.207    16.752    -1.56    1.73
 -37577.061    16.091    -1.76    1.57
 -37200.901    15.716    -1.00    1.57
 -36824.726    15.435    -0.75    1.47
 -36448.537    15.382    -0.14    1.46
 -36072.335    15.073    -0.82    1.60
 -35696.117    15.066    -0.02    1.78
 -35319.886    15.025    -0.11    1.95
 -34943.640    14.959    -0.18    2.14
 -34567.380    14.478    -1.28    1.96
 -34191.106    13.692    -2.09    1.70
 -33814.818    13.053    -1.70    1.45
 -33438.515    12.954    -0.26    1.42
 -33062.198    13.113     0.42    1.86
 -32685.867    13.284     0.45    1.72
 -32309.521    13.265    -0.05    1.61
 -31933.162    12.960    -0.81    1.84
 -31556.788    12.501    -1.22    1.73
 -31180.399    12.295    -0.55    1.67
 -30803.997    12.125    -0.45    1.65
 -30427.580    12.666     1.44    1.71
 -30051.149    12.588    -0.21    1.76
 -29674.703    12.406    -0.48    1.85
 -29298.243    12.164    -0.64    1.72
 -28921.769    11.693    -1.25    2.12
 -28545.281    11.318    -1.00    1.45
 -28168.778    11.362     0.12    1.56
 -27792.261    11.240    -0.33    1.67
 -27415.730    11.316     0.20    1.66
 -27039.184    11.284    -0.08    2.14
 -26662.624    10.663    -1.65    2.42
 -26286.050    10.240    -1.12    2.53
 -25909.461     9.704    -1.42    2.66
 -25532.858     8.630    -2.85    2.01
 -25156.241     7.625    -2.67    1.19
 -24779.609     7.395    -0.61    1.02
 -24402.963     7.620     0.60    1.50
 -24026.303     7.658     0.10    1.87
 -23649.628     7.478    -0.48    1.78
 -23272.939     7.692     0.57    1.77
 -22896.236     8.062     0.98    1.90
 -22519.518     7.954    -0.29    1.85
 -22142.786     7.766    -0.50    2.06
 -21766.039     7.025    -1.97    1.57
 -21389.279     7.335     0.82    1.64
 -21012.503     7.728     1.04    1.95
 -20635.714     7.859     0.35    1.94
 -20258.910     7.766    -0.25    1.97
 -19882.091     7.216    -1.46    2.07
 -19505.259     6.763    -1.20    1.78
 -19128.411     6.362    -1.06    1.35
 -18751.550     6.120    -0.64    1.32
 -18374.674     5.835    -0.76    1.68
 -17997.784     5.549    -0.76    1.71
 -17620.879     5.076    -1.25    1.47
 -17243.960     5.216     0.37    1.34
 -16867.026     5.240     0.06    1.37
 -16490.078     5.658     1.11    1.88
 -16113.116     5.850     0.51    1.83
 -15736.139     5.341    -1.35    1.60
 -15359.147     5.668     0.87    1.70
 -14982.142     5.549    -0.32    1.73
 -14605.121     5.239    -0.82    1.44
 -14228.751     5.191    -0.13    1.39
 -13854.574     5.143    -0.13    1.29
 -13480.383     5.787     1.72    1.78
 -13106.177     5.797     0.03    1.84
 -12731.958     5.899     0.27    1.86
 -12357.724     5.811    -0.23    1.93
 -11983.476     5.655    -0.42    1.73
 -11609.213     5.954     0.80    2.02
 -11234.937     6.411     1.22    2.04
 -10860.646     6.359    -0.14    1.83
 -10486.341     6.591     0.62    1.64
 -10112.022     6.954     0.97    1.87
  -9737.688     6.972     0.05    1.70
  -9363.341     6.913    -0.16    1.95
  -8988.979     7.144     0.62    1.94
  -8614.602     6.900    -0.65    2.04
  -8240.212     6.966     0.18    1.87
  -7865.807     6.533    -1.16    1.66
  -7491.388     6.191    -0.91    1.57
  -7116.955     6.168    -0.06    1.40
  -6742.507     6.139    -0.08    1.66
  -6368.045     5.784    -0.95    1.61
  -5993.569     5.523    -0.70    1.59
  -5619.078     5.501    -0.06    1.42
  -5244.574     5.597     0.25    1.27
  -4870.055     6.021     1.13    1.23
  -4495.521     6.238     0.58    1.37
  -4120.974     6.344     0.28    1.45
  -3746.412     6.125    -0.58    1.39
  -3371.835     6.141     0.04    1.35
  -2997.245     6.658     1.38    1.72
  -2622.640     7.362     1.88    1.90
  -2248.021     8.313     2.54    2.21
  -1873.387     9.216     2.41    2.06
  -1498.740     9.295     0.21    2.16
  -1124.077     7.777    -4.05    3.80
   -749.401     5.240    -6.77    4.71
   -374.710     2.484    -7.35    4.28
     -0.005     1.454    -2.75    3.61
    374.715     2.391     2.50    4.19
    749.448     4.263     5.00    3.92
   1124.197     6.289     5.41    2.48
   1498.959     6.518     0.61    2.13
   1873.736     5.240    -3.41    3.26
   2248.527     4.597    -1.72    3.96
   2623.333     3.263    -3.56    4.27
   2998.153     2.787    -1.27    4.16
   3372.987     2.338    -1.20    3.52
   3747.836     2.411     0.20    3.41
   4122.699     2.216    -0.52    3.19
   4497.577     2.332     0.31    3.51
   4872.469     1.954    -1.01    3.55
   5247.375     1.406    -1.46    3.62
   5622.295     1.435     0.08    3.82
   5997.231     1.094    -0.91    3.41
   6372.180     1.518     1.13    3.69
   6747.144     2.525     2.69    3.94
   7122.122     3.606     2.88    3.83
   7497.115     4.692     2.90    3.40
   7872.122     6.069     3.67    2.36
   8247.143     6.166     0.26    1.54
   8622.179     5.797    -0.98    1.37
   8997.229     5.923     0.34    1.29
   9372.294     6.335     1.10    1.27
   9747.373     6.692     0.95    1.17
  10122.467     7.192     1.33    1.37
  10497.575     7.454     0.70    1.39
  10872.698     7.190    -0.70    2.01
  11247.834     5.125    -5.51    3.78
  11622.986     2.454    -7.12    3.71
  11998.152     1.030    -3.80    3.40
  12373.332     1.867     2.23    4.09
  12748.527     3.532     4.44    4.26
  13123.736     4.511     2.61    3.73
  13498.960     6.266     4.68    3.73
  13874.198     6.930     1.77    4.02
  14249.450     7.835     2.41    4.37
  14624.717     9.575     4.64    3.88
  14999.999    10.625     2.80    3.36
  15375.295    11.584     2.56    1.99
  15750.605    11.216    -0.98    1.87
  16125.930    11.355     0.37    2.08
  16501.270    11.216    -0.37    1.87
  16876.624    10.148    -2.85    2.56
  17251.992     9.344    -2.14    3.14
  17627.375     8.239    -2.94    3.15
  18002.773     7.053    -3.16    2.69
  18378.185     6.692    -0.96    2.37
  18753.611     7.120     1.14    2.61
  19129.052     7.805     1.82    2.58
  19504.508     8.216     1.09    2.66
  19879.978     8.991     2.06    2.52
  20255.463     8.191    -2.13    2.49
  20630.962     7.362    -2.21    2.03
  21006.475     6.972    -1.04    1.83
  21382.004     6.859    -0.30    1.76
  21757.546     6.338    -1.39    1.42
  22133.104     6.287    -0.13    1.42
  22508.676     6.573     0.76    1.48
  22884.262     7.287     1.90    1.98
  23259.863     8.021     1.95    2.30
  23635.478     7.978    -0.11    2.48
  24011.108     7.978     0.00    2.21
  24386.753     7.859    -0.32    2.08
  24762.412     8.495     1.69    2.22
  25138.086     8.740     0.65    2.03
  25513.774     8.727    -0.03    1.98
  25889.477     8.704    -0.06    2.02
  26265.195     8.727     0.06    2.03
  26640.927     8.289    -1.17    2.09
  27016.674     8.025    -0.70    2.25
  27392.435     8.097     0.19    2.29
  27768.211     8.681     1.55    2.33
  28144.001     8.716     0.09    2.70
  28519.807     8.751     0.09    3.54
  28895.626     8.716    -0.09    3.77
  29271.461     8.311    -1.08    3.36
  29647.310     8.402     0.24    3.04
  30023.173     8.501     0.27    2.57
  30399.051     9.073     1.52    2.66
  30774.944     9.525     1.20    2.54
  31150.852    10.118     1.58    2.43
  31526.774    10.630     1.36    2.51
  31902.710    11.192     1.49    2.28
  32278.662    11.533     0.91    1.88
  32654.628    11.978     1.18    1.88
  33030.608    11.777    -0.53    1.61
  33406.604    11.716    -0.16    1.62
  33782.614    11.867     0.40    1.66
  34158.638    12.267     1.06    1.73
  34534.677    12.525     0.69    1.92
  34910.731    11.716    -2.15    2.27
  35286.800    11.030    -1.82    2.18
  35662.883    10.144    -2.35    1.73
  36038.981    10.498     0.94    1.99
  36415.094    11.261     2.03    1.85
  36791.221    11.484     0.59    1.99
  37167.363    11.402    -0.22    1.78
  37543.520    11.265    -0.36    1.28
  37919.691    11.110    -0.41    1.33
  38295.877    10.579    -1.41    2.00
  38672.078    10.116    -1.23    2.25
  39048.294     9.882    -0.62    2.48
  39424.524     9.382    -1.33    1.91
  39800.769     9.575     0.51    1.71
  40177.028     9.898     0.86    1.79
  40553.303    10.062     0.44    1.53
  40929.592    10.525     1.23    1.54
  41305.896    10.625     0.26    1.39
  41682.214    10.366    -0.69    1.78
  42058.548    10.238    -0.34    2.10
  42434.896    10.005    -0.62    2.36
  42811.258     9.898    -0.29    2.23
  43187.636    10.960     2.82    2.57
  43564.028    12.239     3.40    2.21
  43940.435    12.425     0.49    2.11
  44316.857    12.677     0.67    2.15
  44693.293    12.352    -0.86    2.51
  45069.745    12.166    -0.50    2.53
  45446.211    11.913    -0.67    2.73
  45822.691    11.094    -2.18    2.69
  46199.187    11.139     0.12    2.45
  46575.697    11.170     0.08    2.09
  46952.222    12.137     2.57    1.34
  47328.762    12.906     2.04    1.81
  47705.317    13.430     1.39    1.57
  48081.887    13.533     0.27    1.82
  48458.471    13.670     0.37    1.44
  48835.070    13.395    -0.73    1.50
  49211.684    13.049    -0.92    1.34
  49588.313    12.937    -0.30    1.37
  49964.956    12.338    -1.59    1.85
  50341.615    11.787    -1.46    2.09
  50718.288    11.857     0.18    2.70
  51094.976    12.740     2.34    2.77
  51471.678    13.850     2.95    2.26
  51848.396    13.930     0.21    1.98
  52225.129    13.644    -0.76    1.70
  52601.876    13.641    -0.01    1.75
  52978.638    13.240    -1.06    1.78
  53355.415    12.966    -0.73    1.89
  53732.207    12.801    -0.44    1.86
  54109.013    12.716    -0.23    1.78
  54485.835    13.073     0.95    2.05
  54862.671    13.644     1.52    1.80
  55239.522    14.097     1.20    1.68
  55616.389    14.025    -0.19    1.52
  55993.270    13.352    -1.79    2.16
  56370.165    12.525    -2.19    2.45
  56747.076    11.430    -2.91    2.19
  57124.002    11.006    -1.12    1.73
  57500.942    11.362     0.94    1.73
  57877.898    12.118     2.01    1.85
  58254.868    12.263     0.39    1.70
  58631.853    12.311     0.13    1.54
  59008.853    12.169    -0.38    1.59
  59385.868    12.752     1.55    2.19
  59762.898    13.073     0.85    2.35
  60139.943    13.287     0.57    2.37
  60517.002    13.216    -0.19    2.63
  60892.942    12.541    -1.79    2.53
  61267.070    12.634     0.25    2.63
  61641.212    12.311    -0.86    2.48
  62015.369    11.752    -1.49    1.89
  62389.540    11.740    -0.03    1.98
  62763.726    11.501    -0.64    1.85
  63137.927    11.430    -0.19    1.65
  63512.143    11.630     0.54    1.73
  63886.373    11.859     0.61    1.72
  64260.618    12.073     0.57    1.88
  64634.878    12.168     0.25    2.05
  65009.152    11.850    -0.85    1.87
  65383.441    12.262     1.10    2.13
  65757.745    12.386     0.33    2.00
  66132.064    12.406     0.05    1.99
  66506.397    12.311    -0.25    2.01
  66880.745    12.313     0.01    1.95
  67255.107    12.375     0.16    1.66
  67629.485    12.267    -0.29    1.47
  68003.877    12.307     0.11    1.39
  68378.284    12.406     0.27    1.52
  68752.706    12.634     0.61    1.55
  69127.142    12.844     0.56    1.50
  69501.593    12.189    -1.75    1.67
  69876.059    12.284     0.25    1.52
  70250.540    12.088    -0.52    1.49
  70625.035    12.001    -0.23    1.57
  70999.545    12.192     0.51    1.61
  71374.070    12.616     1.13    1.82
  71748.610    13.625     2.69    2.03
  72123.164    14.479     2.28    2.10
  72497.734    14.844     0.97    1.77
  72872.318    14.704    -0.37    1.84
  73246.917    14.597    -0.29    1.65
  73621.530    15.030     1.16    1.71
  73996.159    15.831     2.14    1.99
  74370.802    15.988     0.42    2.19
  74745.460    16.167     0.48    2.09
  75120.133    16.287     0.32    2.06
  75494.820    15.947    -0.91    1.96
  75869.523    16.313     0.98    2.12
  76244.240    16.262    -0.14    2.16
  76618.972    16.289     0.07    2.10
  76993.719    16.430     0.38    2.08
  77368.481    16.355    -0.20    2.18
  77743.257    16.382     0.07    1.97
  78118.048    16.359    -0.06    1.97
  78492.855    16.406     0.13    2.03
  78867.676    16.752     0.92    2.26
  79242.512    16.573    -0.48    2.30
  79617.362    16.811     0.64    2.33
  79992.228    17.359     1.46    2.43
  80367.108    17.859     1.33    2.55
  80742.004    18.192     0.89    2.35
  81116.914    18.565     0.99    2.17
  81491.839    18.335    -0.61    2.07
  81866.779    17.996    -0.90    2.07
  82241.733    17.777    -0.59    1.88
  82616.703    18.030     0.67    1.83
  82991.688    17.820    -0.56    2.47
  83366.687    17.097    -1.93    2.95
  83741.701    16.238    -2.29    3.08
  84116.730    15.937    -0.80    2.69
  84491.774    15.978     0.11    2.30
  84866.833    15.644    -0.89    2.35
  85241.907    15.240    -1.08    2.27
  85616.996    14.882    -0.95    2.45
  85992.100    14.501    -1.02    2.53
  86367.218    15.118     1.64    2.44
  86742.352    15.168     0.13    2.49
  87117.500    14.666    -1.34    2.47
  87492.664    14.906     0.64    2.27
  87867.842    15.120     0.57    2.39
  88243.035    15.355     0.63    2.70
  88618.243    15.263    -0.24    2.48
  88993.466    15.295     0.08    2.07
  89368.704    15.557     0.70    2.08
  89743.957    16.167     1.63    2.75
  90119.225    16.947     2.08    3.09
  90494.508    17.597     1.73    3.03
  90869.806    18.386     2.10    2.48
  91245.118    18.261    -0.33    2.00
  91620.446    17.908    -0.94    1.59
  91995.789    18.076     0.45    1.44
  92371.147    18.030    -0.12    1.53
  92746.519    18.076     0.12    1.58
  93121.907    18.352     0.74    1.89
  93497.309    18.847     1.32    1.87
  93872.727    18.966     0.32    1.75
  94248.159    18.841    -0.33    1.58
  94623.607    18.443    -1.06    1.43
  94999.070    17.930    -1.37    0.94
  95374.547    17.754    -0.47    0.91
  95750.040    17.784     0.08    1.15
  96125.547    17.908     0.33    1.30
  96501.070    17.859    -0.13    1.54
  96876.607    17.937     0.21    1.64
  97252.160    17.850    -0.23    1.46
  97627.728    18.261     1.10    1.66
  98003.310    18.821     1.49    1.28
  98378.908    18.943     0.32    1.21
  98754.521    19.309     0.97    1.27
  99130.148    19.525     0.58    1.24
  99505.791    19.787     0.70    1.17
  99881.449    19.754    -0.09    1.29
 100257.122    20.102     0.93    1.75
 100632.810    20.516     1.10    1.76
 101008.513    20.763     0.66    1.88
 101384.231    20.850     0.23    1.85
 101759.964    20.777    -0.19    1.52
 102135.712    20.829     0.14    1.47
 102511.475    20.704    -0.33    1.43
 102887.253    20.382    -0.85    1.25
 103263.047    20.309    -0.20    1.21
 103638.855    20.359     0.13    1.14
 104014.679    20.620     0.70    1.73
 104390.517    20.841     0.59    1.85
 104766.371    20.740    -0.27    1.86
 105142.240    21.021     0.75    1.99
 105518.124    21.501     1.28    1.71
 105894.023    21.835     0.89    1.53
 106269.937    21.930     0.25    1.74
 106645.866    22.287     0.95    1.50
 107021.810    22.382     0.25    1.97
 107397.770    22.263    -0.32    1.82
 107773.744    22.284     0.05    1.72
 108149.734    22.073    -0.56    1.70
 108525.739    22.030    -0.11    1.52
 108901.759    22.006    -0.06    1.54
 109277.794    22.265     0.69    1.50
 109653.844    22.859     1.58    1.53
 110029.910    22.890     0.08    1.58
 110405.990    23.192     0.80    1.52
 110782.086    23.329     0.36    1.54
 111158.197    23.285    -0.12    1.53
 111534.323    23.541     0.68    1.30
 111910.464    23.923     1.01    1.63
 112286.620    24.425     1.33    1.66
 112662.791    24.472     0.12    1.81
 113038.978    24.751     0.74    1.78
 113415.180    24.774     0.06    1.61
 113791.397    24.867     0.25    1.97
 114167.629    25.025     0.42    1.90
 114543.876    24.882    -0.38    1.80
 114920.139    25.053     0.45    1.72
 115296.417    24.835    -0.58    1.83
 115672.710    25.049     0.57    1.87
 116049.018    25.557     1.35    1.97
 116425.341    25.668     0.29    1.77
 116801.680    25.658    -0.03    1.37
 117178.033    25.859     0.53    1.41
 117554.402    25.930     0.19    1.33
 117930.787    26.006     0.20    1.58
 118307.186    25.668    -0.90    1.64
 118683.601    25.679     0.03    1.69
 119060.030    25.763     0.22    1.77
 119436.476    25.763     0.00    1.74
 119812.936    26.001     0.63    1.65
 120189.412    26.240     0.63    1.67
 120565.902    26.972     1.95    1.88
 120942.408    26.787    -0.49    1.56
 121318.930    26.752    -0.09    1.82
 121695.466    26.930     0.47    1.66
 122072.018    27.120     0.51    1.82
 122448.585    27.309     0.50    1.85
 122825.168    27.216    -0.25    1.87
 123201.765    27.484     0.71    2.11
 123578.378    27.648     0.43    1.95
 123955.007    27.533    -0.30    1.92
 124331.650    27.692     0.42    1.76
 124708.309    27.954     0.70    1.58
 125084.983    27.866    -0.23    1.29
 125461.672    27.784    -0.22    1.17
 125838.377    27.891     0.28    1.21
 126215.097    27.740    -0.40    1.29
 126591.832    27.740     0.00    1.37
 126968.583    27.763     0.06    1.17
 127345.349    27.648    -0.31    1.17
 127722.130    27.754     0.28    1.50
 128098.927    27.784     0.08    1.47
 128475.738    27.692    -0.24    1.69
 128852.566    27.634    -0.15    1.78
 129229.408    27.681     0.12    1.74
 129606.266    27.821     0.37    1.92
 129983.139    27.352    -1.24    2.10
 130360.028    27.533     0.48    1.99
 130736.932    28.053     1.38    2.19
 131113.851    27.811    -0.64    2.40
 131490.785    27.610    -0.53    2.31
 131867.735    27.238    -0.99    2.27
 132244.701    27.549     0.82    2.46
 132621.681    28.309     2.02    2.56
 132998.677    29.332     2.71    2.35
 133375.689    29.630     0.79    2.18
 133752.716    29.125    -1.34    1.65
 134129.758    28.780    -0.92    1.68
 134506.815    29.034     0.67    1.67
 134883.888    29.588     1.47    1.69
 135260.977    29.611     0.06    1.79
 135638.081    30.102     1.30    1.98
 136013.583    30.374     0.72    2.07
 136387.660    30.170    -0.54    1.80
 136761.751    29.916    -0.68    1.70
 137135.858    30.238     0.86    1.81
 137509.980    30.144    -0.25    1.87
 137884.117    30.498     0.94    1.92
 138258.269    30.625     0.34    2.00
 138632.437    30.979     0.95    1.95
 139006.619    30.867    -0.30    1.86
 139380.817    30.913     0.12    1.97
 139755.030    31.332     1.12    2.38
 140129.258    31.472     0.37    2.33
 140503.501    31.523     0.14    2.35
 140877.760    31.238    -0.76    2.09
 141252.033    30.916    -0.86    1.71
 141626.322    31.120     0.55    1.66
 142000.626    31.882     2.04    2.07
 142374.945    32.265     1.02    2.07
 142749.280    32.625     0.96    2.14
 143123.629    32.841     0.58    2.28
 143497.994    32.454    -1.03    2.40
 143872.374    32.359    -0.25    2.19
 144246.769    32.335    -0.06    1.80
 144621.180    32.478     0.38    2.13
 144995.606    32.597     0.32    2.08
 145370.047    32.406    -0.51    2.03
 145744.503    32.216    -0.51    1.40
 146118.974    32.359     0.38    1.47
 146493.461    32.920     1.50    1.72
 146867.963    33.549     1.68    1.79
 147242.480    34.420     2.33    2.31
 147617.012    34.518     0.26    2.38
 147991.560    34.216    -0.81    2.10
 148366.123    34.097    -0.32    2.10
 148740.701    34.382     0.76    2.43
 149115.294    34.565     0.49    2.19
 149489.903    34.670     0.28    2.29
 149864.527    35.518     2.26    2.58
 150239.166    35.644     0.34    2.62
 150613.820    35.704     0.16    2.50
 150988.490    35.882     0.48    2.35
 151363.175    35.644    -0.64    2.18
 151737.876    36.030     1.03    2.80
 152112.591    36.338     0.82    2.75
 152487.322    37.025     1.84    2.95
 152862.068    37.355     0.88    2.84
 153236.830    37.216    -0.37    2.19
 153611.607    37.359     0.38    2.46
 153986.399    37.073    -0.76    2.71
 154361.207    37.801     1.94    2.79
 154736.029    38.501     1.87    2.95
 155110.868    38.597     0.25    2.46
 155485.721    39.094     1.33    1.89
 155860.590    39.681     1.57    1.71
 156235.474    39.780     0.26    1.79
 156610.373    40.309     1.41    2.08
 156985.288    40.763     1.21    2.15
 157360.218    41.681     2.45    2.57
 157735.164    42.899     3.25    2.57
 158110.125    42.966     0.18    2.59
 158485.101    43.329     0.97    2.59
 158860.093    42.985    -0.92    2.49
 159235.100    43.192     0.55    2.66
 159610.122    43.867     1.80    2.78
 159985.160    43.835    -0.09    2.58
 160360.213    43.443    -1.04    2.11
 160735.281    43.421    -0.06    1.89
 161110.365    43.898     1.27    2.23
 161485.464    44.983     2.89    2.65
 161860.579    45.565     1.55    2.30
 162235.709    45.025    -1.44    2.17
 162610.854    44.677    -0.93    2.16
 162986.015    44.648    -0.08    1.87
 163361.191    44.703     0.15    1.92
 163736.383    45.406     1.87    1.78
 164111.590    45.852     1.19    1.94
 164486.812    46.191     0.90    2.31
 164862.050    46.148    -0.12    2.29
 165237.304    46.110    -0.10    1.94
 165612.572    45.852    -0.69    1.66
 165987.856    46.239     1.03    1.65
 166363.156    46.634     1.05    1.75
 166738.471    47.495     2.29    1.49
 167113.802    48.344     2.26    1.64
 167489.148    49.352     2.69    1.81
 167864.509    49.947     1.59    1.83
 168239.886    50.001     0.14    2.03
 168615.278    49.525    -1.27    2.14
 168990.686    49.289    -0.63    2.16
 169366.109    49.488     0.53    2.38
 169741.548    49.479    -0.03    2.25
 170117.002    49.763     0.76    2.01
 170492.472    50.448     1.82    2.23
 170867.957    50.644     0.52    2.51
 171243.457    50.597    -0.13    2.35
 171618.973    50.766     0.45    2.25
 171994.505    51.261     1.32    2.24
 172370.052    51.641     1.01    2.16
 172745.615    52.025     1.02    1.86
 173121.193    53.001     2.60    2.01
 173496.787    53.438     1.16    1.94
 173872.396    54.139     1.87    1.87
