-310814.200   430.636     0.00   11.10
-310438.874   433.559     7.79   13.03
-310063.534   436.791     8.61   16.29
-309688.183   437.866     2.86   14.69
-309312.818   444.506    17.69   16.96
-308937.441   453.619    24.27   20.59
-308562.051   471.094    46.54   25.83
-308186.648   491.694    54.86   21.52
-307811.232   506.573    39.63   14.36
-307435.804   523.329    44.62   25.72
-307060.363   535.744    33.06   31.48
-306684.910   555.061    51.44   32.67
-306309.443   573.480    49.05   18.56
-305933.964   575.029     4.12   19.44
-305558.472   571.795    -8.61   17.34
-305182.968   576.866    13.50   17.77
-304807.451   580.363     9.31   14.10
-304431.921   583.694     8.87    9.23
-304056.378   581.092    -6.92    9.68
-303680.822   575.154   -15.81   10.14
-303305.254   568.339   -18.14   10.37
-302929.673   563.085   -13.99    8.14
-302554.079   559.394    -9.83    7.58
-302178.472   556.069    -8.85    8.57
-301802.853   552.112   -10.53   10.78
-301427.221   540.791   -30.13   19.29
-301051.576   524.148   -44.29   25.28
-300675.918   507.482   -44.36   24.27
-300300.248   490.315   -45.69   14.12
-299924.565   481.744   -22.81    8.68
-299548.869   477.625   -10.96    8.16
-299173.160   475.944    -4.47    9.02
-298797.438   470.267   -15.10   11.14
-298421.704   466.939    -8.86   10.59
-298045.957   465.280    -4.41   10.97
-297670.197   465.402     0.32   12.68
-297294.424   463.494    -5.08   15.51
-296918.639   452.819   -28.40   22.07
-296542.840   441.291   -30.67   21.63
-296167.029   436.482   -12.79   13.88
-295791.205   440.369    10.34   15.50
-295415.368   450.410    26.71   15.16
-295039.518   462.207    31.38   11.64
-294663.656   468.319    16.26    9.21
-294287.781   471.994     9.78    6.94
-293911.892   475.791    10.10    8.09
-293535.992   480.207    11.74    9.51
-293160.078   487.006    18.08   11.85
-292784.151   496.194    24.44   11.24
-292408.212   499.601     9.06    8.72
-292032.259   500.544     2.51    7.72
-291656.294   500.402    -0.38    6.33
-291280.316   502.451     5.45    8.35
-290904.325   507.934    14.58    9.98
-290528.321   515.434    19.94   10.81
-290152.305   522.000    17.46    8.75
-289776.275   527.335    14.18    6.93
-289400.233   531.646    11.46    6.14
-289024.177   533.434     4.75    6.05
-288648.109   532.577    -2.28    7.01
-288272.028   530.744    -4.87    7.11
-287895.934   529.562    -3.14    6.95
-287519.828   531.519     5.20    7.23
-287143.708   535.934    11.74    7.88
-286767.575   542.577    17.66    9.11
-286391.430   549.308    17.89    9.29
-286015.272   554.812    14.63   10.36
-285639.100   559.154    11.54   10.10
-285262.916   562.817     9.73    9.24
-284886.719   568.109    14.07   10.72
-284510.509   577.590    25.19   15.91
-284134.286   590.625    34.64   18.94
-283758.050   604.296    36.33   15.42
-283381.802   613.919    25.57   10.68
-283005.540   617.549     9.65    5.59
-282629.265   618.231     1.81    4.98
-282252.978   617.792    -1.17    4.68
-281876.678   616.180    -4.29    3.88
-281500.364   613.419    -7.34    5.05
-281124.038   609.994    -9.10    5.88
-280747.699   606.890    -8.25    5.58
-280371.346   605.280    -4.28    4.98
-279994.981   603.627    -4.39    4.65
-279618.603   601.694    -5.14    4.92
-279242.212   600.128    -4.16    4.98
-278865.808   597.231    -7.69    5.05
-278489.391   593.125   -10.91    6.32
-278112.961   589.410    -9.87    7.33
-277736.518   584.815   -12.20    6.12
-277360.062   580.419   -11.68    3.70
-276983.593   578.569    -4.91    2.76
-276607.112   578.469    -0.27    3.40
-276230.617   580.353     5.01    4.94
-275854.109   582.597     5.96    5.20
-275477.588   584.670     5.50    5.35
-275101.054   585.061     1.04    4.57
-274724.508   583.744    -3.50    4.36
-274347.948   583.339    -1.07    4.56
-273971.375   582.914    -1.13    3.77
-273594.789   583.148     0.62    3.49
-273218.191   582.958    -0.51    4.03
-272841.579   583.059     0.27    5.24
-272464.954   583.130     0.19    5.46
-272088.316   583.573     1.18    4.90
-271711.665   585.101     4.06    4.99
-271335.002   588.744     9.67    6.27
-270958.325   592.454     9.85    4.20
-270581.635   594.448     5.29    4.02
-270204.932   596.619     5.76    4.72
-269828.216   598.768     5.70    6.19
-269451.487   601.475     7.18    6.28
-269074.745   603.718     5.95    5.59
-268697.990   606.653     7.79    5.65
-268321.222   607.872     3.24    6.44
-267944.440   610.402     6.71    6.78
-267567.646   611.305     2.39    6.89
-267190.839   610.180    -2.99    6.22
-266814.018   608.539    -4.35    6.63
-266437.185   605.796    -7.28    6.32
-266060.338   603.719    -5.51    6.54
-265683.479   602.280    -3.82    8.87
-265306.606   601.061    -3.24    9.95
-264929.721   598.837    -5.90   10.01
-264552.822   595.375    -9.18    8.05
-264175.910   590.119   -13.94    7.62
-263800.800   585.402   -12.57    6.78
-263426.462   582.500    -7.75    5.60
-263052.111   581.577    -2.46    4.16
-262677.748   584.569     7.99    7.12
-262303.371   589.219    12.42    8.55
-261928.982   593.094    10.35    6.18
-261554.579   594.077     2.63    5.50
-261180.164   592.029    -5.47    6.24
-260805.736   588.939    -8.25    5.47
-260431.295   585.172   -10.06    6.14
-260056.841   582.419    -7.35    6.42
-259682.374   580.462    -5.23    5.96
-259307.894   578.944    -4.05    5.00
-258933.401   578.256    -1.84    3.82
-258558.895   578.866     1.63    3.98
-258184.377   581.012     5.73    4.09
-257809.845   584.085     8.20    5.38
-257435.300   586.770     7.17    5.92
-257060.743   588.553     4.76    6.26
-256686.172   591.513     7.90    8.05
-256311.589   594.817     8.82    8.87
-255936.992   597.886     8.19    8.05
-255562.383   600.344     6.56    6.10
-255187.760   600.744     1.07    6.40
-254813.125   600.480    -0.70    6.07
-254438.477   600.651     0.45    6.41
-254063.816   602.329     4.48    6.26
-253689.141   603.577     3.33    6.71
-253314.454   606.148     6.86    7.72
-252939.754   609.846     9.87    8.48
-252565.041   612.172     6.21    8.26
-252190.314   614.282     5.63    6.41
-251815.575   616.963     7.15    6.36
-251440.823   621.207    11.32    8.65
-251066.058   626.866    15.10   20.65
-250691.279   618.914   -21.21   41.32
-250316.488   608.244   -28.47   62.26
-249941.684   569.744  -102.70   74.04
-249566.867   526.244  -116.03   58.82
-249192.036   506.549   -52.53   44.24
-248817.193   487.207   -51.59   24.67
-248442.337   479.790   -19.78   22.04
-248067.467   475.500   -11.44   22.25
-247692.585   473.744    -4.68   27.19
-247317.689   472.719    -2.73   32.39
-246942.781   470.410    -6.16   33.47
-246567.860   473.524     8.30   38.93
-246192.925   464.815   -23.22   45.48
-245817.977   447.569   -45.99   53.30
-245443.017   424.792   -60.73   52.91
-245068.043   396.846   -74.51   26.41
-244693.056   389.386   -19.89   13.59
-244318.056   386.524    -7.63   11.01
-243943.044   382.329   -11.18   10.04
-243568.018   384.444     5.64   14.98
-243192.979   396.823    33.00   33.73
-242817.927   406.697    26.32   40.05
-242442.861   407.282     1.56   41.29
-242067.783   390.256   -45.39   29.44
-241692.692   372.894   -46.28   12.56
-241317.587   365.641   -19.33    8.06
-240942.470   361.130   -12.02    9.07
-240567.339   356.615   -12.03    6.75
-240192.196   357.220     1.61    7.73
-239817.039   363.220    15.99   14.16
-239441.869   370.944    20.58   16.08
-239066.686   382.221    30.05   26.02
-238691.490   404.980    60.65   49.88
-238316.281   405.767     2.10   56.46
-237941.058   400.815   -13.20   59.46
-237565.823   383.910   -45.04   42.19
-237190.574   364.244   -52.40   11.25
-236815.313   358.513   -15.27    7.33
-236440.038   352.934   -14.86    7.50
-236064.750   347.369   -14.83    6.45
-235689.449   342.053   -14.16    6.40
-235314.135   338.378    -9.79    5.17
-234938.807   335.573    -7.47    5.33
-234563.467   331.939    -9.68    6.35
-234188.113   329.006    -7.81    6.62
-233812.746   327.378    -4.34    5.55
-233437.366   329.482     5.60    6.85
-233061.973   331.172     4.50    6.42
-232686.567   331.172     0.00    5.58
-232311.148   328.553    -6.98    6.70
-231935.715   325.767    -7.42    7.87
-231560.269   321.094   -12.45    9.01
-231184.810   318.169    -7.79   10.15
-230809.338   314.817    -8.93   10.50
-230433.853   313.963    -2.27    9.26
-230058.355   316.744     7.40    9.77
-229682.843   323.695    18.51   11.12
-229307.318   334.573    28.96   17.64
-228931.780   350.256    41.76   24.77
-228556.229   379.506    77.87   41.29
-228180.664   409.719    80.43   45.14
-227805.087   431.982    59.27   36.85
-227429.496   435.378     9.04   31.30
-227053.892   439.454    10.85   31.93
-226678.275   431.130   -22.16   38.14
-226302.644   412.494   -49.61   43.86
-225927.001   390.134   -59.51   43.88
-225551.344   361.744   -75.56   25.53
-225175.674   348.949   -34.05    9.89
-224799.990   343.289   -15.06    7.35
-224424.294   339.821    -9.23    5.72
-224048.584   338.109    -4.55    4.69
-223672.861   339.329     3.25    5.35
-223297.125   342.394     8.15    8.53
-222921.375   357.380    39.88   28.33
-222545.612   387.559    80.30   63.74
-222169.836   429.890   112.63   90.52
-221794.047   474.863   119.66   98.81
-221418.244   513.012   101.50   88.18
-221042.429   551.069   101.25   61.73
-220666.600   574.974    63.60   24.28
-220290.757   578.910    10.47    9.09
-219914.902   573.648   -14.00   20.41
-219539.033   553.646   -53.21   46.14
-219163.151   514.988  -102.83   70.30
-218787.255   467.069  -127.46   80.02
-218411.347   416.119  -135.52   67.02
-218035.425   375.744  -107.38   25.14
-217659.489   365.386   -27.55   10.54
-217283.541   362.939    -6.51    4.38
-216907.579   364.029     2.90    4.01
-216531.604   363.344    -1.82    4.77
-216155.616   361.305    -5.42    4.73
-215779.614   358.792    -6.68    4.17
-215403.599   357.886    -2.41    3.67
-215027.570   358.207     0.85    3.54
-214651.529   358.148    -0.16    3.10
-214275.474   358.053    -0.25    2.60
-213899.405   359.012     2.55    2.96
-213523.324   360.969     5.20    3.86
-213147.229   363.402     6.47    4.26
-212771.120   365.394     5.29    3.30
-212394.999   366.817     3.78    3.08
-212018.864   367.744     2.46    3.22
-211642.716   369.594     4.92    4.34
-211266.554   372.148     6.79    5.04
-210890.379   374.923     7.37    3.87
-210514.191   376.982     5.47    3.40
-210137.989   378.529     4.11    3.02
-209761.774   380.627     5.58    3.42
-209385.545   382.291     4.42    3.96
-209009.304   384.897     6.93    4.94
-208633.048   387.062     5.75    5.55
-208256.780   388.841     4.73    5.51
-207880.498   391.244     6.38    5.65
-207504.203   394.670     9.11    6.41
-207127.894   398.296     9.63    6.80
-206751.572   402.585    11.39    7.53
-206375.237   410.069    19.88   12.50
-205998.888   427.116    45.29   34.01
-205622.526   447.267    53.54   41.47
-205246.150   462.821    41.32   44.11
-204869.761   474.425    30.83   37.84
-204493.359   483.103    23.05   29.67
-204116.943   496.085    34.48   30.54
-203740.514   516.841    55.13   24.57
-203364.071   528.026    29.71   19.57
-202987.615   543.903    42.17   28.13
-202611.146   556.138    32.50   33.44
-202234.663   589.794    89.38   48.91
-201858.166   613.427    62.76   33.33
-201481.657   617.549    10.95   22.85
-201105.133   614.982    -6.82   16.40
-200728.597   609.665   -14.12    6.94
-200352.047   610.919     3.33    6.28
-199975.483   615.529    12.24    6.01
-199598.906   615.914     1.02    5.69
-199222.316   614.244    -4.44    6.72
-198845.712   613.103    -3.03    6.79
-198469.095   608.969   -10.97    7.34
-198092.464   607.103    -4.95    7.19
-197715.820   605.958    -3.04    7.04
-197339.162   606.061     0.27    7.72
-196962.491   608.244     5.79    6.94
-196585.807   607.573    -1.78    6.41
-196209.109   606.544    -2.73    6.28
-195832.397   604.646    -5.04    6.39
-195455.672   602.101    -6.76    7.24
-195078.933   597.207   -12.99    9.51
-194702.181   593.910    -8.75    8.91
-194325.416   590.144   -10.00    8.56
-193948.637   588.646    -3.97    9.64
-193571.844   585.069    -9.49   11.24
-193195.038   578.573   -17.24   13.94
-192818.219   566.315   -32.52   17.38
-192441.386   558.294   -21.28   17.07
-192064.539   547.394   -28.92   18.59
-191687.679   535.134   -32.53   20.95
-191310.806   521.670   -35.72   25.61
-190933.919   504.939   -44.39   27.55
-190557.018   488.695   -43.09   24.38
-190180.104   476.597   -32.09   11.14
-189803.176   474.394    -5.85    7.61
-189426.235   473.511    -2.34    7.43
-189049.280   473.219    -0.78    9.91
-188674.635   470.183    -8.10   13.99
-188300.351   460.863   -24.90   10.06
-187926.054   454.641   -16.62    9.93
-187551.744   449.720   -13.14    8.57
-187177.420   445.000   -12.61    7.35
-186803.083   444.651    -0.93   10.79
-186428.732   443.378    -3.40   11.81
-186054.368   441.353    -5.41   11.93
-185679.991   437.101   -11.36    7.97
-185305.600   433.974    -8.35    6.75
-184931.196   429.221   -12.69    5.97
-184556.779   425.590    -9.70    5.99
-184182.348   423.061    -6.75    5.15
-183807.904   420.085    -7.95    4.13
-183433.446   417.519    -6.85    5.33
-183058.976   415.232    -6.11    5.86
-182684.491   416.296     2.84    6.70
-182309.994   418.594     6.13    7.73
-181935.483   420.886     6.12    9.86
-181560.958   418.085    -7.48   11.63
-181186.420   413.815   -11.40   11.43
-180811.869   410.427    -9.05   10.17
-180437.304   406.294   -11.03    5.66
-180062.726   404.694    -4.27    6.38
-179688.135   401.363    -8.89    5.75
-179313.530   399.363    -5.34    5.45
-178938.911   399.077    -0.76    4.42
-178564.280   399.339     0.70    5.17
-178189.634   400.524     3.16    6.72
-177814.976   404.719    11.20    6.80
-177440.304   406.220     4.00    6.55
-177065.618   406.670     1.20    5.85
-176690.919   405.280    -3.71    6.59
-176316.207   403.158    -5.66    7.19
-175941.481   400.109    -8.13    6.76
-175566.742   396.844    -8.71    5.43
-175191.989   394.648    -5.86    4.74
-174817.223   390.667   -10.62    6.73
-174442.443   386.458   -11.23    6.95
-174067.650   384.291    -5.78    5.69
-173692.844   383.999    -0.78    5.18
-173318.024   384.148     0.40    5.31
-172943.190   384.507     0.96    5.91
-172568.343   383.471    -2.76    6.83
-172193.483   381.844    -4.34    6.21
-171818.609   381.125    -1.92    5.87
-171443.721   381.172     0.13    5.50
-171068.820   380.513    -1.76    5.37
-170693.906   379.880    -1.69    5.69
-170318.978   381.154     3.40    5.61
-169944.037   383.207     5.48    5.08
-169569.082   382.524    -1.82    4.90
-169194.113   381.494    -2.75    5.33
-168819.131   380.107    -3.70    5.38
-168444.136   379.007    -2.93    4.48
-168069.127   378.646    -0.96    4.33
-167694.105   378.767     0.32    3.76
-167319.069   377.500    -3.38    4.29
-166944.019   375.267    -5.95    4.73
-166568.956   373.103    -5.77    5.05
-166193.879   370.744    -6.29    5.41
-165818.789   368.524    -5.92    5.27
-165443.686   366.792    -4.62    5.19
-165068.568   365.866    -2.47    5.77
-164693.438   364.402    -3.90    5.66
-164318.293   362.144    -6.02    5.57
-163943.136   358.769    -9.00    6.02
-163567.964   354.573   -11.18    5.78
-163192.779   351.125    -9.19    5.27
-162817.581   348.744    -6.35    4.96
-162442.369   346.267    -6.60    5.33
-162067.143   344.720    -4.12    4.70
-161691.904   343.815    -2.41    5.87
-161316.651   345.207     3.71    7.20
-160941.385   348.402     8.51    7.20
-160566.105   350.719     6.17    6.12
-160190.811   353.012     6.11    5.38
-159815.504   352.910    -0.27    6.12
-159440.183   352.244    -1.78    7.52
-159064.849   350.196    -5.45    8.79
-158689.501   343.692   -17.32   12.72
-158314.140   332.302   -30.34   24.76
-157938.764   320.109   -32.48   31.47
-157563.376   311.053   -24.12   29.94
-157187.973   304.256   -18.10   26.46
-156812.557   297.138   -18.96   26.84
-156437.128   295.221    -5.11   28.17
-156061.685   293.894    -3.53   29.84
-155686.228   297.315     9.11   28.46
-155310.757   298.329     2.70   27.80
-154935.273   302.462    11.00   10.65
-154559.776   297.494   -13.23   13.62
-154184.264   288.282   -24.53   15.86
-153808.739   276.988   -30.07   17.50
-153433.201   267.963   -24.03   18.59
-153057.648   263.019   -13.16   19.73
-152682.083   256.744   -16.71   22.44
-152306.503   251.165   -14.85   27.87
-151930.910   225.958   -67.10   42.29
-151555.303   192.534   -88.98   34.54
-151179.682   178.958   -36.14   21.71
-150804.048   189.553    28.20   38.38
-150428.400   218.205    76.26   48.97
-150052.739   249.482    83.25   44.15
-149677.063   260.553    29.47   33.75
-149301.374   242.553   -47.91   47.45
-148925.672   216.363   -69.70   43.37
-148549.955   193.194   -61.66   24.69
-148174.225   178.963   -37.87   16.52
-147798.482   172.044   -18.41   16.92
-147422.724   161.890   -27.02   13.90
-147046.953   152.134   -25.96    5.61
-146671.168   148.196   -10.48    4.40
-146295.370   144.988    -8.54    3.37
-145919.558   142.767    -5.91    3.32
-145543.732   140.353    -6.42    3.23
-145167.892   138.244    -5.61    3.56
-144792.039   135.890    -6.26    3.42
-144416.172   133.910    -5.27    2.96
-144040.291   132.006    -5.07    2.71
-143664.396   130.125    -5.00    3.13
-143288.488   128.469    -4.40    3.78
-142912.566   126.669    -4.79    3.53
-142536.630   125.196    -3.92    2.86
-142160.681   125.196     0.00    3.28
-141784.718   124.573    -1.66    3.61
-141408.740   124.172    -1.07    3.67
-141032.750   123.622    -1.46    3.34
-140656.745   122.615    -2.68    3.07
-140280.727   120.696    -5.10    3.75
-139904.695   118.280    -6.42    4.16
-139528.649   116.256    -5.38    3.57
-139152.589   113.969    -6.08    3.50
-138776.516   112.954    -2.70    3.34
-138400.429   111.198    -4.67    3.48
-138024.328   109.180    -5.37    3.33
-137648.213   107.622    -4.14    3.08
-137272.085   106.183    -3.83    3.05
-136895.943   105.667    -1.37    2.94
-136519.787   104.403    -3.36    2.61
-136143.617   102.718    -4.48    2.75
-135767.433   101.244    -3.92    2.44
-135391.235   100.339    -2.40    2.51
-135015.024   100.094    -0.65    2.70
-134638.799    99.585    -1.35    3.15
-134262.560    99.059    -1.40    2.91
-133886.307    99.581     1.39    3.39
-133510.041   100.220     1.70    3.77
-133133.760   100.934     1.90    3.60
-132757.466   100.651    -0.75    3.25
-132381.158   100.154    -1.32    2.80
-132004.836    99.721    -1.15    2.67
-131628.501    99.744     0.06    2.10
-131252.151    99.077    -1.77    2.61
-130875.788    97.768    -3.48    2.94
-130499.410    96.385    -3.68    2.80
-130123.019    95.232    -3.06    2.86
-129746.614    94.667    -1.50    2.42
-129370.196    93.744    -2.45    2.20
-128993.763    92.329    -3.76    2.31
-128617.316    91.939    -1.04    2.44
-128240.856    91.077    -2.29    2.22
-127864.382    90.544    -1.42    2.44
-127487.893    90.344    -0.53    2.37
-127111.391    89.410    -2.48    2.04
-126734.875    88.353    -2.81    2.07
-126358.346    87.434    -2.44    2.16
-125981.802    86.144    -3.43    2.12
-125605.244    85.494    -1.73    2.12
-125228.673    84.719    -2.06    2.29
-124852.087    84.077    -1.71    2.38
-124475.488    83.646    -1.14    2.19
-124098.875    83.363    -0.75    2.17
-123722.248    83.036    -0.87    1.95
-123345.607    82.519    -1.37    1.94
-122968.952    82.183    -0.89    2.35
-122592.283    81.339    -2.24    2.54
-122215.600    80.815    -1.39    2.53
-121838.903    79.791    -2.72    2.65
-121462.193    78.894    -2.38    2.46
-121085.468    79.101     0.55    3.14
-120708.730    78.976    -0.33    3.31
-120331.977    78.817    -0.42    3.85
-119955.211    78.553    -0.70    3.82
-119578.431    77.622    -2.47    3.99
-119201.636    76.475    -3.04    3.57
-118824.828    75.344    -3.00    2.80
-118448.006    75.524     0.48    3.63
-118071.170    75.866     0.91    4.04
-117694.319    75.577    -0.77    4.28
-117317.455    74.597    -2.60    3.76
-116940.577    74.069    -1.40    3.13
-116563.685    74.363     0.78    3.07
-116186.779    74.169    -0.51    2.34
-115809.859    73.863    -0.81    2.13
-115432.925    73.125    -1.96    2.31
-115055.977    72.077    -2.78    1.76
-114679.015    71.458    -1.64    1.78
-114302.039    71.000    -1.21    1.48
-113925.092    70.815    -0.49    1.40
-113550.872    70.744    -0.19    1.51
-113176.638    70.790     0.12    1.57
-112802.391    70.648    -0.38    1.59
-112428.130    70.507    -0.38    1.57
-112053.855    70.039    -1.25    1.64
-111679.566    70.444     1.08    2.21
-111305.263    71.280     2.23    3.35
-110930.947    78.053    18.09   13.07
-110556.617    89.154    29.65   18.57
-110182.273    99.698    28.16   18.80
-109807.915   107.007    19.52   14.42
-109433.543   102.353   -12.43   18.35
-109059.158    91.651   -28.59   18.97
-108684.758    80.890   -28.74   11.50
-108310.345    73.312   -20.24    4.83
-107935.918    69.692    -9.67    4.45
-107561.477    68.339    -3.61    4.25
-107187.023    66.482    -4.96    3.31
-106812.554    65.053    -3.81    3.50
-106438.072    63.386    -4.45    4.16
-106063.575    61.694    -4.52    3.49
-105689.065    59.914    -4.75    3.06
-105314.541    58.475    -3.84    2.93
-104940.004    57.744    -1.95    2.59
-104565.452    57.196    -1.46    2.44
-104190.886    56.696    -1.33    2.24
-103816.307    56.558    -0.37    1.92
-103441.714    56.023    -1.43    1.96
-103067.107    60.963    13.19   17.59
-102692.486    63.519     6.82   18.53
-102317.851    65.183     4.44   18.49
-101943.202    65.325     0.38   18.32
-101568.539    64.866    -1.23   19.37
-101193.863    59.839   -13.42   12.95
-100819.172    58.172    -4.45   12.09
-100444.468    55.044    -8.35    2.68
-100069.750    54.451    -1.58    2.44
 -99695.017    53.791    -1.76    2.04
 -99320.271    53.183    -1.62    1.90
 -98945.511    52.646    -1.43    1.80
 -98570.737    51.841    -2.15    2.00
 -98195.950    51.256    -1.56    2.36
 -97821.148    51.232    -0.06    2.49
 -97446.332    51.231    -0.00    2.33
 -97071.502    51.046    -0.49    2.44
 -96696.659    51.172     0.34    1.95
 -96321.801    50.672    -1.33    2.17
 -95946.930    50.023    -1.73    2.56
 -95572.045    48.954    -2.85    2.35
 -95197.145    48.448    -1.35    1.95
 -94822.232    47.969    -1.28    1.61
 -94447.305    47.232    -1.96    1.98
 -94072.363    46.791    -1.18    2.00
 -93697.408    46.846     0.15    2.02
 -93322.439    46.925     0.21    2.03
 -92947.456    47.846     2.46    2.21
 -92572.459    48.402     1.48    2.07
 -92197.448    49.077     1.80    1.87
 -91822.423    49.427     0.93    1.54
 -91447.384    49.516     0.24    1.24
 -91072.331    49.436    -0.21    1.58
 -90697.264    48.720    -1.91    1.72
 -90322.183    47.418    -3.47    1.82
 -89947.088    46.378    -2.77    1.96
 -89571.979    45.720    -1.75    1.75
 -89196.856    44.694    -2.74    1.92
 -88821.719    43.863    -2.21    1.66
 -88446.568    43.475    -1.03    1.76
 -88071.403    43.410    -0.17    2.01
 -87696.224    43.329    -0.22    2.06
 -87321.031    43.529     0.53    2.17
 -86945.824    43.134    -1.05    2.27
 -86570.603    42.672    -1.23    2.16
 -86195.368    41.719    -2.54    2.32
 -85820.119    40.500    -3.25    1.79
 -85444.855    39.982    -1.38    1.51
 -85069.578    39.441    -1.44    1.54
 -84694.287    38.863    -1.54    1.86
 -84318.982    38.529    -0.89    2.07
 -83943.662    37.963    -1.51    2.06
 -83568.329    37.622    -0.91    1.99
 -83192.981    37.767     0.39    2.10
 -82817.620    37.863     0.25    2.34
 -82442.244    38.183     0.85    2.35
 -82066.854    38.267     0.23    2.04
 -81691.451    38.294     0.07    2.17
 -81316.033    37.869    -1.13    2.23
 -80940.601    37.363    -1.35    1.97
 -80565.155    37.134    -0.61    1.69
 -80189.695    36.841    -0.78    1.91
 -79814.221    36.353    -1.30    1.93
 -79438.733    35.969    -1.02    1.62
 -79063.230    35.651    -0.85    1.95
 -78687.714    36.103     1.20    2.62
 -78312.183    36.458     0.95    3.52
 -77936.639    36.458     0.00    3.70
 -77561.080    35.744    -1.90    3.00
 -77185.507    35.046    -1.86    2.58
 -76809.920    34.375    -1.79    2.34
 -76434.319    33.766    -1.62    2.22
 -76058.704    33.844     0.21    2.32
 -75683.074    32.839    -2.67    1.88
 -75307.431    32.244    -1.58    1.84
 -74931.773    31.692    -1.47    1.70
 -74556.102    31.289    -1.07    1.78
 -74180.416    30.718    -1.52    1.63
 -73804.716    30.696    -0.06    1.78
 -73429.002    30.720     0.06    1.76
 -73053.273    30.462    -0.69    1.81
 -72677.531    30.380    -0.22    1.87
 -72301.774    29.954    -1.13    1.96
 -71926.003    29.597    -0.95    1.88
 -71550.218    29.434    -0.43    1.94
 -71174.419    29.329    -0.28    1.79
 -70798.606    28.653    -1.80    1.81
 -70422.779    28.539    -0.30    1.84
 -70046.937    28.148    -1.04    1.80
 -69671.081    27.744    -1.08    1.66
 -69295.211    27.601    -0.38    1.65
 -68919.327    27.386    -0.57    1.95
 -68543.429    26.944    -1.18    1.76
 -68167.516    26.291    -1.74    1.81
 -67791.589    25.817    -1.26    1.79
 -67415.648    25.386    -1.14    1.61
 -67039.693    25.475     0.24    1.40
 -66663.724    24.910    -1.50    1.53
 -66287.740    24.622    -0.77    1.62
 -65911.742    24.196    -1.13    1.60
 -65535.730    23.646    -1.46    1.53
 -65159.704    23.029    -1.64    1.69
 -64783.663    22.815    -0.57    1.55
 -64407.609    22.348    -1.24    1.53
 -64031.540    22.185    -0.43    1.52
 -63655.457    22.339     0.41    1.56
 -63279.359    22.044    -0.78    1.71
 -62903.247    21.963    -0.21    1.47
 -62527.122    21.860    -0.27    1.48
 -62150.981    21.839    -0.06    1.34
 -61774.827    21.577    -0.70    1.17
 -61398.658    21.451    -0.33    1.08
 -61022.475    21.719     0.71    1.21
 -60646.278    21.813     0.25    1.39
 -60270.067    21.672    -0.38    1.39
 -59893.841    21.672     0.00    1.35
 -59517.601    21.291    -1.01    1.40
 -59141.347    21.134    -0.42    1.61
 -58765.078    20.744    -1.04    1.55
 -58388.795    20.934     0.51    1.78
 -58012.498    21.451     1.37    1.99
 -57636.187    21.458     0.02    1.88
 -57259.861    21.183    -0.73    1.80
 -56883.521    20.469    -1.90    1.75
 -56507.166    19.839    -1.67    1.30
 -56130.798    19.872     0.09    1.20
 -55754.415    19.886     0.04    1.20
 -55378.018    19.934     0.13    1.44
 -55001.606    20.209     0.73    1.58
 -54625.180    20.244     0.09    1.69
 -54248.740    19.795    -1.19    1.75
 -53872.285    18.994    -2.13    1.88
 -53495.817    19.339     0.92    2.11
 -53119.333    19.092    -0.65    1.96
 -52742.836    19.053    -0.10    1.73
 -52366.324    19.033    -0.05    1.59
 -51989.798    18.698    -0.89    1.46
 -51613.257    18.569    -0.34    1.28
 -51236.702    18.325    -0.65    1.47
 -50860.133    18.006    -0.85    1.06
 -50483.549    18.000    -0.01    1.12
 -50106.951    18.198     0.53    1.17
 -49730.339    18.667     1.24    1.44
 -49353.712    19.244     1.53    1.88
 -48977.071    19.601     0.95    1.79
 -48600.415    19.719     0.31    1.51
 -48223.746    19.357    -0.96    1.53
 -47847.061    18.849    -1.35    1.03
 -47470.363    19.053     0.54    1.41
 -47093.650    19.395     0.91    1.76
 -46716.922    19.988     1.57    2.12
 -46340.180    19.903    -0.23    2.23
 -45963.424    19.375    -1.40    2.24
 -45586.654    18.839    -1.42    2.28
 -45209.869    17.906    -2.47    1.51
 -44833.069    18.363     1.21    1.38
 -44456.255    18.558     0.52    1.50
 -44079.427    18.513    -0.12    1.35
 -43702.584    18.410    -0.27    1.24
 -43325.727    18.220    -0.51    1.50
 -42948.856    17.886    -0.88    1.51
 -42571.970    17.601    -0.76    1.62
 -42195.069    16.919    -1.81    1.65
 -41818.154    16.534    -1.02    1.44
 -41441.225    16.594     0.16    1.56
 -41064.281    16.792     0.53    1.53
 -40687.323    16.886     0.25    1.37
 -40310.350    17.353     1.24    1.70
 -39933.363    17.791     1.16    2.13
 -39556.362    18.119     0.87    1.90
 -39179.346    17.841    -0.74    2.06
 -38802.785    17.053    -2.09    1.87
 -38428.615    16.500    -1.48    1.51
 -38054.430    16.172    -0.88    1.23
 -37680.232    16.232     0.16    1.10
 -37306.019    16.719     1.30    1.13
 -36931.791    17.451     1.96    1.44
 -36557.550    18.139     1.84    1.48
 -36183.294    18.529     1.04    1.55
 -35809.024    18.720     0.51    1.49
 -35434.740    19.006     0.76    1.55
 -35060.441    19.220     0.57    1.61
 -34686.129    19.622     1.07    1.93
 -34311.802    20.134     1.37    2.41
 -33937.460    20.427     0.78    2.29
 -33563.105    20.329    -0.26    2.12
 -33188.735    19.890    -1.17    1.75
 -32814.350    19.458    -1.15    1.73
 -32439.952    19.315    -0.38    1.74
 -32065.539    19.767     1.21    1.75
 -31691.112    19.846     0.21    1.79
 -31316.671    20.302     1.22    2.42
 -30942.215    20.597     0.79    2.38
 -30567.745    20.553    -0.12    2.59
 -30193.261    20.029    -1.40    2.44
 -29818.762    18.928    -2.94    1.78
 -29444.249    17.971    -2.56    1.40
 -29069.722    17.590    -1.02    1.31
 -28695.180    17.458    -0.35    1.29
 -28320.624    17.511     0.14    1.76
 -27946.054    17.458    -0.14    1.78
 -27571.469    17.153    -0.81    1.51
 -27196.870    16.559    -1.58    1.04
 -26822.257    16.244    -0.84    0.85
 -26447.629    16.109    -0.36    1.28
 -26072.987    16.116     0.02    1.50
 -25698.331    16.244     0.34    1.74
 -25323.660    15.923    -0.86    1.59
 -24948.975    15.835    -0.24    1.54
 -24574.275    15.718    -0.31    1.44
 -24199.562    15.549    -0.45    1.62
 -23824.833    15.839     0.77    1.97
 -23450.091    16.134     0.79    2.60
 -23075.334    15.425    -1.89    3.41
 -22700.563    14.487    -2.50    4.24
 -22325.777    13.053    -3.83    4.57
 -21950.977    10.744    -6.16    3.88
 -21576.162     9.125    -4.32    2.63
 -21201.333     8.696    -1.14    2.49
 -20826.490     9.169     1.26    3.90
 -20451.632    11.378     5.89    5.19
 -20076.760    13.353     5.27    4.97
 -19701.874    15.053     4.53    4.01
 -19326.973    15.696     1.71    2.36
 -18952.057    15.101    -1.59    1.99
 -18577.127    14.982    -0.32    2.16
 -18202.183    15.116     0.36    2.30
 -17827.225    14.934    -0.48    2.45
 -17452.252    14.144    -2.11    2.52
 -17077.264    13.280    -2.30    2.39
 -16702.262    12.348    -2.49    1.83
 -16327.246    11.465    -2.36    1.18
 -15952.215    11.244    -0.59    1.25
 -15577.170    10.819    -1.13    1.14
 -15202.110    10.315    -1.34    1.21
 -14827.036    10.244    -0.19    1.15
 -14451.947    10.148    -0.25    1.47
 -14076.844    10.363     0.57    1.83
 -13701.726    10.220    -0.38    1.95
 -13326.594     9.963    -0.68    2.16
 -12951.448     9.544    -1.12    1.57
 -12576.287     9.601     0.15    1.56
 -12201.111     9.494    -0.29    1.46
 -11825.921     9.410    -0.22    1.36
 -11450.717     9.601     0.51    1.32
 -11075.498     9.511    -0.24    1.39
 -10700.264     9.601     0.24    1.42
 -10325.016     9.692     0.24    1.32
  -9949.754     9.312    -1.01    1.37
  -9574.477     9.207    -0.28    1.23
  -9199.185     9.458     0.67    1.57
  -8823.879    10.305     2.26    2.64
  -8448.559    11.191     2.36    2.65
  -8073.224    11.175    -0.04    2.57
  -7697.874    10.590    -1.56    2.41
  -7322.510    10.077    -1.37    2.08
  -6947.132     9.883    -0.52    2.20
  -6571.738    10.119     0.63    2.35
  -6196.331    10.403     0.76    2.49
  -5820.908    10.612     0.56    2.36
  -5445.472     9.539    -2.86    3.02
  -5070.020     8.815    -1.93    3.16
  -4694.555     8.511    -0.81    2.63
  -4319.074     8.092    -1.11    2.08
  -3943.579     7.590    -1.34    2.88
  -3568.070     6.039    -4.13    4.04
  -3192.545     4.919    -2.98    4.23
  -2817.007     4.511    -1.09    4.08
  -2441.453     4.475    -0.10    4.00
  -2065.886     4.792     0.84    4.09
  -1690.303     6.539     4.65    4.07
  -1314.706     8.428     5.03    2.43
   -939.095     8.012    -1.11    2.94
   -563.468     6.077    -5.15    4.36
   -187.828     3.695    -6.34    4.28
    187.828     2.488    -3.21    3.82
    563.498     2.282    -0.55    3.59
    939.182     3.839     4.14    3.86
   1314.881     5.696     4.94    3.65
   1690.595     6.863     3.11    2.65
   2066.324     7.577     1.90    1.45
   2442.067     7.207    -0.98    2.10
   2817.824     6.695    -1.36    2.58
   3193.597     5.353    -3.57    3.32
   3569.384     5.672     0.85    3.60
   3945.185     6.482     2.15    3.56
   4321.001     7.506     2.72    3.38
   4696.832    10.148     7.03    2.44
   5072.678    11.279     3.01    2.47
   5448.538    12.101     2.19    1.87
   5824.413    12.158     0.15    1.70
   6200.302    10.815    -3.57    2.10
   6576.206     9.767    -2.79    2.38
   6952.125     8.790    -2.60    2.27
   7328.058     8.220    -1.52    2.10
   7704.006     8.244     0.06    2.06
   8079.969     8.061    -0.49    1.65
   8455.947     8.046    -0.04    1.23
   8831.939     8.418     0.99    1.27
   9207.945     8.863     1.18    1.40
   9583.967     9.630     2.04    1.99
   9960.003    10.148     1.38    2.04
  10336.054    10.315     0.44    2.12
  10712.120    10.841     1.40    2.47
  11088.200    10.696    -0.39    2.50
  11464.295    10.577    -0.32    2.75
  11840.405    10.363    -0.57    2.48
  12216.529     9.427    -2.49    1.88
  12592.668     9.053    -0.99    1.60
  12968.822     8.644    -1.09    1.32
  13344.991     8.839     0.52    1.19
  13721.174     9.267     1.14    1.73
  14097.372     9.325     0.15    1.94
  14473.585     9.196    -0.34    2.06
  14849.812     8.923    -0.73    2.01
  15226.054     8.441    -1.28    1.46
  15602.311     8.427    -0.04    1.37
  15978.583     8.291    -0.36    1.35
  16354.870     8.207    -0.22    1.14
  16731.171     8.086    -0.32    1.05
  17107.487     8.607     1.39    1.62
  17483.817     9.231     1.66    1.61
  17860.163     9.866     1.69    1.42
  18236.523    10.837     2.58    1.63
  18612.898    10.894     0.15    1.70
  18989.288    10.744    -0.40    1.73
  19365.693    11.385     1.70    2.05
  19742.112    11.744     0.95    1.99
  20118.546    11.674    -0.19    2.06
  20494.995    11.581    -0.25    2.14
  20871.459    11.335    -0.65    2.00
  21247.938    11.375     0.11    1.89
  21624.431    11.448     0.19    1.64
  22000.939    11.695     0.66    1.66
  22377.462    11.534    -0.43    1.71
  22754.000    11.148    -1.02    1.50
  23130.553    11.000    -0.39    1.50
  23507.120    11.175     0.47    1.62
  23883.703    11.436     0.69    1.73
  24260.300    11.279    -0.42    1.76
  24636.912    11.148    -0.35    1.64
  25013.538    11.231     0.22    1.83
  25390.180    10.994    -0.63    1.99
  25766.837    10.590    -1.07    2.07
  26143.508    10.196    -1.05    2.00
  26520.194     9.697    -1.32    1.51
  26896.895     9.500    -0.52    1.14
  27273.611    10.039     1.43    1.36
  27650.342    10.454     1.10    1.49
  28027.087    10.999     1.45    1.57
  28403.848    11.558     1.48    1.64
  28780.623    12.172     1.63    1.45
  29157.413    12.511     0.90    1.27
  29534.218    12.974     1.23    1.60
  29911.038    13.630     1.74    1.51
  30287.873    13.982     0.93    1.76
  30664.723    14.077     0.25    1.84
  31041.587    13.982    -0.25    1.86
  31418.467    13.872    -0.29    1.91
  31795.361    13.971     0.26    1.89
  32172.271    13.944    -0.07    1.91
  32549.195    14.410     1.24    1.95
  32926.134    14.329    -0.22    1.96
  33303.088    14.036    -0.78    1.93
  33680.057    12.903    -3.01    2.06
  34057.041    12.169    -1.95    1.87
  34434.040    12.172     0.01    1.78
  34811.054    12.172     0.00    1.78
  35188.082    12.841     1.77    2.13
  35565.126    13.581     1.96    2.00
  35942.185    13.719     0.37    1.82
  36318.349    13.244    -1.26    1.64
  36692.472    13.291     0.13    1.60
  37066.609    13.363     0.19    1.85
  37440.760    13.601     0.64    2.36
  37814.927    13.220    -1.02    2.28
  38189.108    12.890    -0.88    2.04
  38563.303    12.863    -0.07    1.81
  38937.514    12.988     0.33    2.15
  39311.739    13.813     2.21    2.19
  39685.979    14.029     0.58    2.22
  40060.234    14.266     0.63    1.84
  40434.503    14.185    -0.22    1.67
  40808.788    14.006    -0.48    1.64
  41183.086    14.269     0.70    1.22
  41557.400    13.982    -0.77    1.32
  41931.729    13.767    -0.57    1.18
  42306.072    14.077     0.83    1.28
  42680.430    14.529     1.21    1.72
  43054.802    15.220     1.84    1.88
  43429.190    15.768     1.46    1.82
  43803.592    15.794     0.07    1.81
  44178.009    15.625    -0.45    1.66
  44552.441    15.344    -0.75    1.34
  44926.887    15.815     1.26    1.42
  45301.349    15.934     0.32    1.45
  45675.825    15.953     0.05    1.55
  46050.316    15.767    -0.50    1.66
  46424.821    15.665    -0.27    1.40
  46799.342    15.994     0.88    1.26
  47173.877    16.012     0.05    1.58
  47548.427    15.914    -0.26    1.97
  47922.992    15.434    -1.28    2.33
  48297.572    15.094    -0.91    2.42
  48672.166    15.266     0.46    1.98
  49046.776    16.051     2.10    1.78
  49421.400    16.883     2.22    1.82
  49796.039    17.348     1.24    1.72
  50170.693    17.577     0.61    1.77
  50545.361    17.744     0.44    1.71
  50920.045    17.770     0.07    1.50
  51294.743    17.357    -1.10    1.40
  51669.456    17.641     0.76    1.39
  52044.184    17.577    -0.17    1.50
  52418.927    17.863     0.76    1.50
  52793.685    17.994     0.35    1.71
  53168.457    18.062     0.18    1.57
  53543.245    18.349     0.77    1.55
  53918.047    18.196    -0.41    1.56
  54292.864    18.255     0.16    1.52
  54667.696    18.482     0.60    1.78
  55042.543    18.791     0.83    1.81
  55417.405    18.846     0.15    1.60
  55792.281    18.185    -1.76    2.30
  56167.173    16.744    -3.85    2.24
  56542.079    15.863    -2.35    2.03
  56917.001    16.291     1.14    2.33
  57291.937    17.329     2.77    2.56
  57666.888    18.196     2.31    2.30
  58041.854    18.524     0.88    1.88
  58416.835    18.465    -0.16    1.59
  58791.831    18.529     0.17    1.35
  59166.842    18.982     1.21    1.53
  59541.867    19.524     1.45    1.64
  59916.908    19.744     0.59    1.80
  60291.964    19.910     0.44    1.70
  60667.034    20.125     0.57    1.83
  61042.119    20.488     0.97    1.94
  61417.220    20.958     1.25    1.82
  61792.335    20.813    -0.39    1.62
  62167.465    20.069    -1.98    1.73
  62542.610    19.418    -1.74    2.03
  62917.771    18.670    -1.99    1.60
  63292.946    18.696     0.07    1.45
  63668.136    19.386     1.84    1.68
  64043.341    19.930     1.45    1.61
  64418.561    20.506     1.53    1.46
  64793.796    20.625     0.32    1.35
  65169.045    20.475    -0.40    1.36
  65544.310    20.573     0.26    1.24
  65919.590    20.674     0.27    1.45
  66294.885    21.077     1.07    1.60
  66670.195    21.029    -0.13    1.77
  67045.520    21.125     0.25    2.04
  67420.859    21.329     0.54    2.00
  67796.214    21.894     1.50    2.12
  68171.584    21.651    -0.65    1.74
  68546.969    21.494    -0.42    1.37
  68922.369    21.363    -0.35    1.61
  69297.784    20.553    -2.16    1.67
  69673.213    20.101    -1.21    1.72
  70048.658    20.125     0.06    1.68
  70424.118    20.256     0.35    1.62
  70799.593    20.471     0.57    1.55
  71175.083    20.402    -0.18    1.61
  71550.588    20.581     0.48    1.86
  71926.108    20.506    -0.20    1.96
  72301.643    20.769     0.70    1.84
  72677.193    20.971     0.54    1.79
  73052.759    20.333    -1.70    1.89
  73428.339    19.674    -1.76    2.28
  73803.934    19.069    -1.61    2.06
  74179.544    18.720    -0.93    1.68
  74555.170    18.789     0.18    1.26
  74930.810    18.718    -0.19    1.18
  75306.466    18.721     0.01    1.17
  75682.137    19.023     0.80    1.26
  76057.822    19.023     0.00    1.14
  76433.523    19.553     1.41    1.23
  76809.239    20.359     2.15    1.70
  77184.970    20.630     0.72    1.63
  77560.716    21.154     1.39    1.65
  77936.477    21.185     0.08    1.37
  78312.253    21.458     0.73    1.33
  78688.045    21.718     0.69    1.29
  79063.851    21.653    -0.17    1.20
  79439.673    21.849     0.52    1.20
  79815.510    22.053     0.54    1.22
  80191.361    21.883    -0.45    1.19
  80567.228    22.148     0.71    1.06
  80943.110    21.994    -0.41    1.64
  81319.008    21.692    -0.80    1.57
  81694.920    21.675    -0.04    1.55
  82070.847    21.625    -0.14    1.43
  82446.790    21.767     0.38    1.24
  82822.748    21.958     0.51    1.47
  83198.721    21.795    -0.43    1.43
  83574.709    22.221     1.13    1.32
  83950.712    22.194    -0.07    1.40
  84326.730    22.506     0.83    1.34
  84702.764    22.458    -0.13    1.49
  85078.813    22.451    -0.02    1.60
  85454.877    22.721     0.72    1.37
  85830.956    22.894     0.46    1.39
  86207.050    23.053     0.42    1.24
  86583.159    22.906    -0.39    1.33
  86959.284    22.339    -1.51    1.70
  87335.424    21.672    -1.77    1.85
  87711.579    21.094    -1.54    1.82
  88087.749    20.648    -1.18    1.43
  88463.934    20.792     0.38    1.79
  88840.135    21.172     1.01    1.93
  89216.351    21.863     1.84    1.98
  89592.582    22.601     1.96    1.83
  89968.828    23.410     2.15    0.85
  90345.089    23.244    -0.44    0.99
  90721.366    22.982    -0.70    1.03
  91097.658    23.016     0.09    1.09
  91473.965    22.982    -0.09    1.08
  91850.288    23.101     0.32    1.14
  92226.625    23.372     0.72    1.31
  92602.978    23.815     1.18    1.39
  92979.346    24.386     1.52    1.25
  93355.730    24.720     0.89    1.24
  93732.128    24.482    -0.63    1.40
  94108.542    24.410    -0.19    1.32
  94484.971    24.029    -1.01    1.25
  94861.415    23.839    -0.51    1.14
  95237.875    24.244     1.08    1.31
  95614.350    24.863     1.64    1.33
  95990.840    25.348     1.29    1.16
  96367.346    25.674     0.86    1.06
  96743.866    25.488    -0.49    1.07
  97120.403    25.315    -0.46    1.09
  97496.954    25.109    -0.55    0.92
  97873.520    25.363     0.67    1.25
  98250.102    25.511     0.39    1.32
  98626.700    25.674     0.43    1.30
  99003.312    25.934     0.69    1.23
  99379.940    26.019     0.22    1.13
  99756.583    25.910    -0.29    1.06
 100133.242    25.883    -0.07    1.13
 100509.915    25.698    -0.49    1.16
 100886.605    25.815     0.31    1.40
 101263.309    25.976     0.43    1.54
 101640.029    25.963    -0.03    1.52
 102016.764    26.648     1.82    1.81
 102393.514    26.791     0.38    1.46
 102770.280    26.860     0.18    1.76
 103147.061    27.220     0.96    1.93
 103523.858    27.023    -0.52    1.87
 103900.670    26.982    -0.11    1.85
 104277.497    27.267     0.76    1.73
 104654.339    27.220    -0.13    1.49
 105031.197    27.280     0.16    1.61
 105408.071    27.372     0.24    1.62
 105784.959    27.220    -0.40    1.95
 106161.863    27.325     0.28    1.99
 106538.783    27.976     1.73    2.13
 106915.718    28.434     1.21    1.84
 107292.668    28.267    -0.44    1.84
 107669.633    28.244    -0.06    1.82
 108046.614    28.101    -0.38    2.03
 108423.611    27.934    -0.44    2.03
 108800.623    27.958     0.06    2.12
 109177.650    28.267     0.82    2.04
 109554.692    28.482     0.57    1.80
 109931.750    28.162    -0.85    1.71
 110308.824    28.339     0.47    1.85
 110685.913    28.815     1.26    2.04
 111063.017    29.061     0.65    2.33
 111438.772    29.601     1.44    2.25
 111812.838    30.196     1.59    2.27
 112186.920    30.185    -0.03    2.14
 112561.016    29.958    -0.61    2.04
 112935.128    29.719    -0.64    2.14
 113309.255    29.630    -0.24    1.91
 113683.397    29.695     0.17    1.75
 114057.555    30.220     1.40    1.74
 114431.727    29.883    -0.90    1.60
 114805.915    30.207     0.87    1.36
 115180.118    30.016    -0.51    1.45
 115554.336    29.539    -1.28    1.58
 115928.569    29.425    -0.30    1.61
 116302.818    29.863     1.17    1.73
 116677.082    30.651     2.11    1.92
 117051.361    31.244     1.58    1.71
 117425.655    31.333     0.24    1.87
 117799.965    31.289    -0.12    1.77
 118174.289    31.539     0.67    1.52
 118548.629    31.672     0.36    1.58
 118922.984    31.403    -0.72    2.45
 119297.355    31.119    -0.76    3.26
 119671.740    31.130     0.03    3.38
 120046.141    30.375    -2.02    3.10
 120420.558    30.835     1.23    2.60
 120794.989    31.116     0.75    1.85
 121169.436    31.604     1.30    1.60
 121543.898    32.604     2.67    1.96
 121918.375    32.949     0.92    2.19
 122292.867    33.107     0.42    2.32
 122667.375    33.019    -0.24    2.43
 123041.898    33.006    -0.03    2.23
 123416.436    32.906    -0.26    2.05
 123790.990    33.012     0.28    2.01
 124165.559    32.976    -0.10    1.93
 124540.143    33.180     0.54    1.76
 124914.742    33.196     0.04    1.43
 125289.357    33.305     0.29    1.48
 125663.987    33.220    -0.23    1.64
 126038.633    33.863     1.72    1.68
 126413.293    33.886     0.06    1.72
 126787.969    34.172     0.76    1.74
 127162.661    34.720     1.46    1.80
 127537.367    34.516    -0.54    1.93
 127912.089    34.139    -1.01    2.26
 128286.827    33.625    -1.37    2.05
 128661.579    33.172    -1.21    1.85
 129036.347    33.302     0.35    1.80
 129411.131    33.410     0.29    1.63
 129785.929    33.625     0.57    1.55
 130160.744    34.046     1.12    1.78
 130535.573    34.558     1.37    1.72
 130910.418    34.697     0.37    1.75
 131285.278    34.697     0.00    1.89
 131660.153    34.558    -0.37    1.88
 132035.044    34.767     0.56    1.81
 132409.950    34.648    -0.32    1.76
 132784.872    34.958     0.83    1.84
 133159.809    35.627     1.79    2.07
 133534.761    36.232     1.61    1.87
 133909.729    36.267     0.09    2.02
 134284.712    35.744    -1.40    1.95
 134659.711    35.529    -0.57    2.20
 135034.724    35.196    -0.89    1.93
 135409.754    35.053    -0.38    1.57
 135784.798    34.886    -0.44    1.76
 136159.859    34.553    -0.89    1.69
 136534.934    33.837    -1.91    1.81
 136910.025    33.061    -2.07    1.78
 137285.131    32.934    -0.34    2.04
 137660.253    32.494    -1.17    2.03
 138035.391    32.488    -0.02    1.89
 138410.543    32.939     1.20    2.14
 138785.711    33.092     0.41    1.85
 139160.895    33.196     0.28    1.74
 139536.094    33.069    -0.34    1.67
 139911.308    33.085     0.04    1.45
 140286.538    33.269     0.49    1.54
 140661.783    33.577     0.82    1.86
 141037.044    34.046     1.25    1.99
 141412.321    34.744     1.86    1.47
 141787.612    34.925     0.48    1.57
 142162.919    34.641    -0.76    1.60
 142538.242    34.494    -0.39    1.53
 142913.580    34.315    -0.48    1.38
 143288.934    35.279     2.57    2.34
 143664.303    35.410     0.35    2.44
 144039.688    35.033    -1.00    2.32
 144415.088    35.097     0.17    2.66
