# NaN NaN NaN ;Mean Elev.(m), Avg Gradient(m/km), RMS Gradient(m/km) - SRTM1     
#   34.479  -0.312   2.406 ;Mean Elev.(m), Avg Gradient(m/km), RMS Gradient(m/km) - ASTER GDEM
#   40.439  -0.236   1.564 ;Mean Elev.(m), Avg Gradient(m/km), RMS Gradient(m/km) - GMTED2010 
  9  85.794417  25.514457    42.148    42.030  5 52521.18974620 18.183
 10  85.793285  25.516121    41.460    40.700  5 52556.18979703 27.928
 11  85.792732  25.515020    39.019    39.025  6 52591.18978892 38.639
 12  85.802091  25.517229    37.983    37.969  5 52626.18970921 45.998
 13  85.796372  25.515823    38.545    38.443  5 52661.18975304 27.296
 14  85.803529  25.517420    37.073    37.076  5 52696.18973084 43.888
 15  85.803327  25.517642    38.534    37.898  5 52731.18975853 27.230
 16  85.788052  25.515111    37.540    37.517  5 52766.18976872 48.130
 17  85.802751  25.517462    37.124    37.222  5 52801.18976716 25.565
 18  85.802737  25.517262    42.519    42.254  5 52836.18983390 17.033
 19  85.801393  25.516064    43.928    43.969  6 52871.18987504 31.663
 20  85.798343  25.516817    44.619    44.546  5 52906.18987140 21.905
 21  85.803334  25.515237    41.465    41.451  5 52941.18980261 49.222
 23  85.792502  25.515053    38.320    38.301  6 53011.18985515 31.980
 24  85.797893  25.516324    38.659    38.668  5 53046.18981916 50.946
 25  85.789976  25.514438    37.452    37.344  5 53081.18985423 37.163
 26  85.793999  25.513980    37.446    37.477  5 53116.18982437 32.329
 27  85.792811  25.516202    37.756    37.733  5 53151.18987180 28.881
 28  85.806428  25.517199    40.174    40.173  5 53186.18985822 47.652
 29  85.797053  25.514823    42.313    42.231  5 53221.18988529 11.883
 30  85.789716  25.514058    41.557    42.178  5 53256.18986210 20.012
 56  85.793972  25.513868    37.481    37.466  5 54166.18978028 25.880
 57  85.799283  25.516119    37.560    37.572  5 54201.18975820 22.114
 58  85.799711  25.515790    37.678    37.703  5 54236.18979406 21.798
 59  85.797982  25.515597    38.547    38.564  6 54271.18981518 27.757
 60  85.798265  25.515328    43.057    43.117  5 54306.18981794 24.093
 61  85.796744  25.514674    43.728    43.774  5 54341.18979956 22.536
 62  85.798667  25.514622    44.337    44.287  5 54376.18975271 47.969
 63  85.796642  25.515734    39.967    39.935  5 54411.18974631 52.122
 64  85.800257  25.514814    38.437    38.449  5 54446.18971680 46.280
 66  85.801352  25.516807    36.919    36.970  5 54516.18973067 31.195
 67  85.795480  25.515196    36.708    36.614  5 54551.18975076 33.590
 68  85.798741  25.515096    36.613    36.588  5 54586.18972628 28.450
 69  85.797104  25.514871    37.006    37.021  5 54621.18974570 32.319
 70  85.795661  25.515162    43.647    43.817  6 54656.18975571 18.728
 71  85.796046  25.514534    44.108    43.982  5 54691.18974043 20.453
 72  85.801217  25.517456    43.290    43.317  5 54726.18970638 19.785
 73  85.795998  25.515213    40.682    40.694  6 54761.18971771 50.568
 74  85.799724  25.516036    39.174    39.161  6 54796.18970014 47.136
 75  85.796930  25.514958    38.137    38.132  5 54831.18971777 47.776
 76  85.800359  25.514766    37.658    37.611  5 54866.18969569 46.179
 77  85.793912  25.514919    37.104    37.107  5 54901.18971708 29.717
 78  85.799216  25.514750    36.906    36.989  5 54936.18968579 28.200
 79  85.798889  25.516637    36.646    36.592  5 54971.18971814 29.947
 80  85.794838  25.515124    36.992    36.986  6 55006.18973823 30.539
 81  85.798185  25.515072    40.493    40.483  5 55041.18972594 24.222
 82  85.795806  25.515426    42.948    42.941  6 55076.18970719 19.231
 83  85.799562  25.517066    40.597    40.421  5 55111.18965852 27.279
 84  85.795347  25.515512    39.701    39.728  6 55146.18966113 37.900
 85  85.801030  25.516882    38.430    38.510  5 55181.18963607 44.689
 86  85.796512  25.515977    37.677    37.634  5 55216.18965558 42.195
 87  85.800907  25.515364    37.336    37.300  5 55251.18963346 46.426
 88  85.794700  25.516133    37.017    37.008  5 55286.18964884 26.465
 89  85.795649  25.515322    37.170    37.196  6 55321.18962291 25.556
 90  85.796289  25.516018    37.059    37.029  5 55356.18962342 47.011
 91  85.798041  25.514777    39.956    39.931  5 55391.18962431 37.073
 92  85.798286  25.515750    42.965    42.955  5 55426.18963975 43.806
 93  85.796866  25.515376    45.131    45.118  6 55461.18960746 49.013
