-246055.111   518.479     0.00    5.40
-245679.530   519.520     2.77    5.40
-245303.935   521.226     4.54    5.39
-244928.329   523.797     6.84    4.73
-244552.709   525.536     4.63    2.56
-244177.077   525.797     0.69    2.55
-243801.431   526.545     1.99    3.38
-243425.774   529.020     6.59    5.96
-243050.103   531.406     6.35    6.08
-242674.420   533.601     5.84    5.86
-242298.724   536.187     6.88    5.41
-241923.015   538.358     5.78    6.78
-241547.293   543.260    13.05   11.23
-241171.559   547.307    10.77   13.79
-240795.812   550.298     7.96   15.49
-240420.052   556.431    16.32   15.89
-240044.279   564.583    21.69   18.73
-239668.494   579.382    39.37   24.80
-239292.696   596.793    46.32   31.93
-238916.885   623.027    69.80   45.66
-238541.061   650.320    72.61   50.84
-238165.225   677.245    71.63   49.94
-237789.376   687.943    28.46   40.61
-237413.514   679.025   -23.72   47.11
-237037.639   655.641   -62.20   52.57
-236661.751   626.948   -76.32   45.60
-236285.851   604.528   -59.63   21.88
-235909.938   598.772   -15.31   11.33
-235534.012   601.230     6.54   14.28
-235158.073   607.573    16.87   19.25
-234782.122   615.872    22.07   22.13
-234406.157   622.545    17.75   22.46
-234030.180   619.260    -8.74   24.31
-233654.190   608.748   -27.95   27.59
-233278.187   588.941   -52.67   30.45
-232902.172   569.897   -50.64   29.64
-232526.143   551.626   -48.58   27.82
-232150.102   535.941   -41.70   15.14
-231774.048   528.845   -18.86    8.94
-231397.981   525.703    -8.36    6.41
-231021.901   524.470    -3.28    6.35
-230645.808   523.645    -2.19    5.86
-230269.703   522.845    -2.13    4.04
-229893.584   524.250     3.73    7.39
-229517.453   525.464     3.23    8.42
-229141.309   525.041    -1.13    8.13
-228765.152   523.699    -3.57    8.06
-228388.983   520.370    -8.85    8.20
-228012.800   515.650   -12.55    7.58
-227636.604   510.536   -13.59    7.10
-227260.396   506.333   -11.17    5.36
-226884.175   502.967    -8.94    4.84
-226507.941   501.626    -3.56    4.31
-226131.694   502.270     1.71    5.07
-225755.434   504.153     5.00    5.83
-225379.161   506.012     4.94    4.09
-225002.876   504.699    -3.49    4.78
-224626.577   502.382    -6.16    5.82
-224250.266   498.320   -10.79    5.51
-223873.941   495.319    -7.97    4.30
-223497.604   494.822    -1.32    5.64
-223121.254   494.041    -2.08    6.14
-222744.891   492.162    -4.99    6.75
-222368.515   489.970    -5.82    5.96
-221992.126   487.922    -5.44    5.41
-221615.725   489.732     4.81    6.64
-221239.310   491.768     5.41    8.11
-220862.882   493.417     4.38    7.98
-220486.442   491.943    -3.91    8.01
-220109.988   487.820   -10.95    8.05
-219733.522   483.095   -12.55    7.05
-219357.043   480.109    -7.93    5.51
-218980.550   478.480    -4.33    4.91
-218604.045   479.138     1.75    6.29
-218227.527   478.723    -1.10    5.84
-217850.996   478.959     0.63    5.66
-217474.452   477.424    -4.08    5.68
-217097.895   476.179    -3.31    4.51
-216721.325   475.060    -2.97    4.25
-216344.742   473.821    -3.29    3.87
-215968.146   473.583    -0.63    3.98
-215591.537   473.974     1.04    5.19
-215214.916   477.870    10.34    8.32
-214838.281   485.179    19.40   10.09
-214461.633   491.870    17.76    9.17
-214084.972   495.480     9.58    6.26
-213708.299   496.020     1.44    5.36
-213331.612   496.020     0.00    5.36
-212954.912   494.153    -4.96    5.65
-212578.200   491.941    -5.87    6.60
-212201.474   488.382    -9.44    7.77
-211824.735   483.992   -11.65    7.17
-211447.984   478.455   -14.69    6.30
-211071.219   474.195   -11.30    5.68
-210694.441   470.894    -8.76    4.26
-210317.650   467.393    -9.29    4.20
-209940.847   465.333    -5.47    5.12
-209564.030   465.417     0.22    6.09
-209187.200   466.114     1.85    6.28
-208810.357   470.153    10.72    6.86
-208433.502   473.504     8.89    4.89
-208056.633   472.601    -2.39    5.59
-207679.751   470.650    -5.18    6.08
-207302.856   467.520    -8.30    5.24
-206925.948   466.045    -3.91    3.13
-206549.027   465.161    -2.35    2.66
-206173.958   465.699     1.43    2.66
-205799.600   467.504     4.82    3.19
-205425.229   470.065     6.84    3.57
-205050.845   473.748     9.84    4.91
-204676.449   477.512    10.05    5.95
-204302.039   481.512    10.68    5.65
-203927.617   485.102     9.59    4.23
-203553.182   486.536     3.83    3.70
-203178.733   485.107    -3.81    5.08
-202804.272   484.970    -0.37    5.11
-202429.798   484.729    -0.64    5.02
-202055.312   486.556     4.88    5.68
-201680.812   490.583    10.75    6.88
-201306.299   494.470    10.38    6.47
-200931.774   496.583     5.64    5.02
-200557.235   497.162     1.55    6.18
-200182.684   495.384    -4.75    7.12
-199808.120   492.155    -8.62    8.56
-199433.543   489.895    -6.03    7.98
-199058.953   490.114     0.58    6.30
-198684.350   488.445    -4.45    6.36
-198309.734   484.967    -9.28    8.21
-197935.105   481.650    -8.85    8.47
-197560.463   478.512    -8.38    6.72
-197185.808   477.520    -2.65    6.12
-196811.141   479.743     5.93    5.21
-196436.460   480.260     1.38    5.50
-196061.767   479.107    -3.08    5.69
-195687.060   478.560    -1.46    5.54
-195312.341   479.536     2.60    5.26
-194937.609   480.615     2.88    5.35
-194562.863   483.645     8.09    5.45
-194188.105   484.420     2.07    5.84
-193813.334   485.226     2.15    6.56
-193438.550   484.870    -0.95    6.59
-193063.752   485.345     1.27    5.84
-192688.942   487.445     5.60    6.55
-192314.119   490.819     9.00    6.98
-191939.283   497.450    17.69    8.68
-191564.434   515.114    47.12   33.42
-191189.572   537.065    58.55   43.32
-190814.697   545.748    23.16   40.32
-190439.809   543.102    -7.06   42.97
-190064.908   529.664   -35.84   41.42
-189689.994   510.384   -51.42    9.59
-189315.067   513.211     7.54   11.66
-188940.127   518.114    13.07   10.50
-188565.174   520.820     7.22   11.13
-188190.208   524.050     8.61   14.47
-187815.229   522.056    -5.32   12.67
-187440.237   521.655    -1.07    7.78
-187065.232   520.590    -2.84    5.58
-186690.214   522.650     5.49    5.04
-186315.183   519.822    -7.54   12.11
-185940.138   514.512   -14.16   16.14
-185565.081   512.941    -4.19   20.27
-185190.011   506.120   -18.18   26.08
-184814.928   500.964   -13.74   26.93
-184439.832   492.187   -23.40   26.93
-184064.722   479.333   -34.26   20.16
-183689.600   473.260   -16.19   16.15
-183314.465   476.870     9.62   19.01
-182939.316   501.967    66.89   45.54
-182564.155   545.893   117.07   68.21
-182188.980   579.298    89.03   70.18
-181813.792   615.822    97.33   65.55
-181438.592   642.988    72.40   52.55
-181063.378   651.203    21.89   38.38
-180688.151   645.650   -14.80   33.25
-180312.911   626.220   -51.77   39.54
-179937.658   597.445   -76.67   45.77
-179562.392   559.894  -100.05   53.82
-179187.113   524.041   -95.53   51.14
-178811.821   493.455   -81.49   34.04
-178436.515   478.631   -39.49   18.45
-178061.197   470.307   -22.18   10.37
-177685.865   465.311   -13.31    8.99
-177310.521   460.797   -12.02    8.38
-176935.163   457.869    -7.80    8.34
-176559.792   454.845    -8.05    7.32
-176184.408   452.109    -7.29    7.00
-175809.011   446.732   -14.32    8.99
-175433.601   441.870   -12.95    9.14
-175058.177   437.504   -11.63    7.74
-174682.741   435.187    -6.17    5.45
-174307.291   434.102    -2.89    6.60
-173931.829   431.504    -6.92    7.69
-173556.353   429.871    -4.35    8.36
-173180.864   428.504    -3.64    7.77
-172805.362   425.870    -7.01    7.39
-172429.847   422.821    -8.12    6.98
-172054.318   419.686    -8.35    5.99
-171678.777   415.766   -10.44    5.23
-171303.222   413.992    -4.72    5.48
-170927.654   412.036    -5.21    5.87
-170552.073   408.967    -8.17    5.46
-170176.479   408.726    -0.64    5.82
-169800.872   410.589     4.96    7.57
-169425.251   413.894     8.80   10.16
-169049.618   421.545    20.37   13.65
-168673.971   428.162    17.61   13.47
-168298.311   433.187    13.37   16.37
-167922.637   434.870     4.48   22.66
-167546.951   426.370   -22.62   26.44
-167171.252   418.295   -21.49   23.48
-166795.539   407.382   -29.04   15.88
-166419.813   399.488   -21.01   13.78
-166044.074   393.821   -15.08   14.69
-165668.321   387.941   -15.65   13.83
-165292.556   384.284    -9.73   12.88
-164916.777   378.495   -15.40   13.11
-164540.985   375.406    -8.22   13.88
-164165.180   371.114   -11.42   14.68
-163789.361   365.138   -15.90   16.32
-163413.530   360.650   -11.94   14.98
-163037.685   356.919    -9.93   11.47
-162661.827   355.420    -3.99   11.29
-162285.956   357.155     4.61   13.32
-161910.071   357.076    -0.21   13.63
-161534.173   356.822    -0.68   22.32
-161158.262   354.060    -7.35   17.17
-160782.338   359.295    13.93   22.50
-160406.401   365.988    17.80   24.07
-160030.450   370.999    13.33   21.65
-159654.486   369.095    -5.06   20.68
-159278.509   364.060   -13.39   14.12
-158902.518   365.964     5.07   19.74
-158526.514   368.938     7.91   18.70
-158150.497   367.740    -3.19   13.78
-157774.467   367.550    -0.51    9.49
-157398.423   368.920     3.64    8.06
-157022.367   372.703    10.06    9.70
-156646.296   378.107    14.37   11.70
-156270.213   382.127    10.69   12.79
-155894.116   383.754     4.33   13.01
-155518.006   383.461    -0.78    9.38
-155141.883   384.919     3.88    7.40
-154765.747   387.333     6.42    7.09
-154389.597   386.920    -1.10    7.30
-154013.434   384.590    -6.20    8.42
-153637.257   379.898   -12.47    6.60
-153261.067   378.070    -4.86    5.46
-152884.864   377.626    -1.18    5.38
-152508.648   377.699     0.19    5.13
-152132.418   377.917     0.58    5.47
-151756.175   378.895     2.60    4.74
-151379.919   378.695    -0.53    4.05
-151003.649   380.358     4.42    6.08
-150627.366   382.536     5.79    7.44
-150251.070   391.941    24.99   19.05
-149874.760   411.473    51.90   36.39
-149498.437   437.772    69.88   40.25
-149122.101   459.920    58.85   30.28
-148745.751   464.309    11.66   19.14
-148369.388   456.065   -21.90   18.93
-147993.011   452.655    -9.06   18.45
-147616.622   456.822    11.07   20.04
-147240.219   467.395    28.09   13.40
-146863.802   466.870    -1.39   15.11
-146487.372   455.322   -30.68   21.93
-146110.929   441.750   -36.05   19.72
-145734.472   424.577   -45.61   18.79
-145358.002   409.250   -40.71   18.76
-144981.519   395.699   -35.99   16.51
-144605.022   384.025   -31.00   12.76
-144228.512   375.583   -22.42   11.20
-143851.989   367.894   -20.42    8.13
-143475.452   362.967   -13.08    5.91
-143098.902   359.445    -9.35    5.26
-142722.338   357.345    -5.58    5.76
-142345.761   354.148    -8.49    6.57
-141969.170   348.504   -14.98    7.58
-141592.566   345.333    -8.42    6.48
-141215.949   344.970    -0.96    5.94
-140839.318   345.512     1.44    5.67
-140462.674   345.004    -1.35    6.39
-140086.017   343.897    -2.94    6.38
-139709.346   342.536    -3.61    6.49
-139332.661   342.962     1.13    7.04
-138955.963   343.768     2.14    7.01
-138579.252   343.868     0.26    7.79
-138202.527   345.538     4.43    7.13
-137825.789   345.203    -0.89    7.07
-137449.037   344.798    -1.07    6.27
-137072.272   343.595    -3.19    6.91
-136695.494   338.550   -13.39    7.04
-136318.702   333.424   -13.60    7.14
-135941.896   328.107   -14.11    6.02
-135565.078   323.393   -12.51    5.59
-135188.245   319.333   -10.77    5.38
-134811.399   316.050    -8.71    4.62
-134434.540   314.127    -5.10    3.65
-134057.667   314.179     0.14    4.18
-133680.781   314.799     1.65    4.93
-133303.881   316.036     3.28    4.58
-132926.968   317.083     2.78    4.04
-132550.041   318.640     4.13    4.53
-132173.101   321.941     8.75    4.70
-131796.148   323.995     5.45    4.04
-131419.180   324.464     1.24    5.89
-131044.589   322.845    -4.32    6.87
-130670.285   319.382    -9.25    7.44
-130295.967   316.870    -6.71    7.25
-129921.636   314.089    -7.43    7.77
-129547.292   310.601    -9.32    8.60
-129172.934   303.536   -18.87   10.58
-128798.563   298.822   -12.59   10.35
-128424.179   294.659   -11.12   10.19
-128049.781   291.941    -7.26   11.17
-127675.370   289.441    -6.68   11.25
-127300.946   285.570   -10.34    9.59
-126926.508   291.495    15.82   12.62
-126552.057   298.145    17.76   13.36
-126177.593   305.382    19.32    7.38
-125803.115   305.504     0.33    5.54
-125428.624   302.417    -8.24    6.20
-125054.120   298.620   -10.14    7.74
-124679.602   294.214   -11.76    6.63
-124305.071   287.590   -17.69   10.31
-123930.527   278.041   -25.49   13.49
-123555.969   269.138   -23.77   14.03
-123181.398   258.772   -27.67   11.85
-122806.814   251.281   -20.00    8.63
-122432.216   245.982   -14.15    7.16
-122057.605   241.640   -11.59    7.07
-121682.980   239.417    -5.93    9.08
-121308.342   240.008     1.58   11.44
-120933.691   241.520     4.04   12.32
-120559.026   244.504     7.96   11.97
-120184.348   246.293     4.77   10.18
-119809.656   244.774    -4.05    9.86
-119434.951   240.536   -11.31   12.96
-119060.233   235.893   -12.39   13.22
-118685.501   233.845    -5.46   13.92
-118310.756   236.512     7.12   13.82
-117935.997   244.726    21.92   13.39
-117561.225   251.620    18.39   16.71
-117186.440   256.260    12.38   16.70
-116811.641   259.138     7.68   16.17
-116436.829   253.821   -14.18   15.64
-116062.003   243.772   -26.81   18.12
-115687.164   238.631   -13.71   19.16
-115312.312   238.999     0.98   19.33
-114937.446   238.941    -0.16   18.08
-114562.566   237.464    -3.94   14.51
-114187.673   234.992    -6.60   12.18
-113812.767   230.322   -12.46   10.10
-113437.847   224.333   -15.97   14.43
-113062.914   216.420   -21.10   16.38
-112687.967   206.431   -26.64   11.52
-112313.007   200.869   -14.83    0.15
-111938.034   200.845    -0.06    0.00
-111563.047   200.845     0.00    0.00
-111188.046   200.845     0.00    0.00
-110813.032   200.845     0.00    0.00
-110438.005   202.897     5.47    7.39
-110062.964   220.311    46.43   40.26
-109687.909   246.187    68.99   50.97
-109312.841   266.821    55.01   46.65
-108937.760   271.699    13.00   31.05
-108562.665   268.358    -8.91   23.68
-108187.557   246.613   -57.97   22.08
-107812.435   231.743   -39.64   18.42
-107437.300   230.393    -3.60   18.48
-107062.151   232.155     4.70   17.97
-106686.988   239.236    18.87   16.38
-106311.812   247.404    21.77   13.77
-105936.623   252.582    13.80   14.44
-105561.420   263.573    29.29   16.20
-105186.203   267.895    11.52   14.23
-104810.973   264.607    -8.76   16.41
-104435.730   255.512   -24.24   15.77
-104060.473   245.589   -26.44   10.33
-103685.202   236.777   -23.48   11.60
-103309.918   229.512   -19.36    9.81
-102934.621   226.431    -8.21    6.88
-102559.309   230.577    11.05   10.10
-102183.985   237.675    18.91   13.31
-101808.646   244.311    17.68   14.12
-101433.294   241.924    -6.36   16.69
-101057.929   226.745   -40.43   24.51
-100682.550   216.822   -26.43   20.65
-100307.157   215.382    -3.83   17.55
 -99931.751   221.726    16.90   17.87
 -99556.332   230.393    23.08   14.66
 -99180.898   232.970     6.86   14.36
 -98805.451   230.745    -5.93   15.02
 -98429.991   222.679   -21.48   17.09
 -98054.517   211.631   -29.42   18.39
 -97679.029   205.441   -16.49   19.34
 -97303.528   202.333    -8.27   16.68
 -96928.013   200.495    -4.89   12.68
 -96552.485   205.992    14.64   11.24
 -96176.943   211.008    13.36    8.73
 -95801.387   213.919     7.75    8.59
 -95425.818   216.798     7.67    7.66
 -95050.235   218.920     5.65    9.54
 -94674.639   218.919    -0.00   10.40
 -94299.029   222.345     9.12   11.32
 -93923.405   226.723    11.65   11.17
 -93547.768   224.065    -7.08   10.86
 -93172.117   222.607    -3.88   10.84
 -92796.453   217.988   -12.29    8.10
 -92420.774   215.992    -5.31    6.16
 -92045.083   218.917     7.79    6.47
 -91669.377   222.435     9.36    5.59
 -91293.658   222.274    -0.43    8.75
 -90917.925   219.750    -6.72    9.51
 -90542.179   215.404   -11.57    9.31
 -90166.419   213.155    -5.98    7.87
 -89790.645   214.266     2.96    7.76
 -89414.858   212.300    -5.23    8.36
 -89039.057   209.795    -6.66   11.26
 -88663.242   204.393   -14.37   12.46
 -88287.414   201.964    -6.46   11.04
 -87911.572   201.999     0.09   12.34
 -87535.716   206.164    11.08   12.23
 -87159.846   209.948    10.07   10.80
 -86783.963   210.211     0.70   10.57
 -86408.067   207.274    -7.81   12.04
 -86032.156   204.127    -8.37   12.83
 -85656.232   199.777   -11.57   11.08
 -85280.294   197.556    -5.91   10.22
 -84904.342   197.041    -1.37   11.03
 -84528.377   195.298    -4.64   10.30
 -84152.398   197.797     6.65   13.45
 -83776.406   209.095    30.05   23.26
 -83400.399   213.256    11.06   26.90
 -83024.379   209.203   -10.78   28.56
 -82648.345   194.274   -39.70   29.52
 -82272.298   172.772   -57.17   24.92
 -81896.236   159.138   -36.25   15.33
 -81520.161   154.145   -13.27   14.54
 -81144.073   163.845    25.79   32.59
 -80767.970   165.504     4.41   38.11
 -80391.854   156.162   -24.84   35.53
 -80015.724   150.894   -14.01   34.18
 -79639.580   142.284   -22.89   17.30
 -79263.423   149.770    19.90   20.71
 -78887.251   158.695    23.72   18.19
 -78511.066   162.358     9.73   14.10
 -78134.868   160.822    -4.08   13.88
 -77758.655   160.776    -0.12   15.38
 -77382.429   162.488     4.55   15.08
 -77006.189   166.036     9.43   13.93
 -76629.935   166.041     0.01   15.53
 -76253.667   164.845    -3.18   18.39
 -75877.386   158.748   -16.20   19.84
 -75501.091   155.226    -9.36   17.73
 -75124.782   149.943   -14.04   12.49
 -74748.459   149.607    -0.89    9.37
 -74372.122   155.309    15.15   10.77
 -73995.772   158.845     9.40    9.92
 -73619.408   163.945    13.55   13.94
 -73243.030   170.065    16.26   16.78
 -72866.638   181.298    29.84   26.70
 -72490.233   199.012    47.06   31.50
 -72113.813   208.631    25.55   27.69
 -71737.380   211.692     8.13   23.68
 -71360.933   211.217    -1.26   21.22
 -70984.472   215.772    12.10   21.82
 -70607.998   229.607    36.75   26.58
 -70231.509   260.964    83.28   45.19
 -69855.007   280.082    50.77   40.63
 -69478.490   293.823    36.49   33.60
 -69101.960   301.455    20.27   35.36
 -68725.417   274.393   -71.87   49.70
 -68348.859   236.114  -101.65   64.99
 -67972.287   197.486  -102.57   54.53
 -67595.702   166.504   -82.27   20.56
 -67219.102   155.127   -30.21    6.95
 -66842.489   150.012   -13.58    6.83
 -66465.862   144.797   -13.85    5.55
 -66089.221   141.845    -7.84    4.94
 -65712.567   138.777    -8.15    5.13
 -65335.898   135.589    -8.46    5.67
 -64959.215   130.601   -13.24    7.20
 -64582.519   125.274   -14.14    7.24
 -64205.809   120.745   -12.02    5.91
 -63829.085   117.141    -9.57    3.68
 -63452.347   113.687    -9.17    5.74
 -63075.595   110.536    -8.36    6.13
 -62698.829   111.241     1.87    8.49
 -62322.049   115.577    11.51   10.59
 -61945.255   122.095    17.30    9.60
 -61568.448   127.743    14.99    8.85
 -61191.626   145.488    47.09   33.61
 -60814.791   164.217    49.70   39.12
 -60437.941   181.964    47.09   33.86
 -60061.078   206.512    65.13   29.51
 -59684.201   231.358    65.92   43.05
 -59307.310   266.012    91.94   55.77
 -58930.405   301.601    94.42   41.20
 -58553.486   313.012    30.27   27.47
 -58176.553   307.131   -15.60   27.15
 -57799.606   289.895   -45.72   26.06
 -57422.645   276.089   -36.62   19.46
 -57045.670   267.245   -23.46   10.36
 -56668.682   264.943    -6.11   10.56
 -56291.813   260.797   -11.00   10.50
 -55917.571   257.488    -8.84    9.84
 -55543.315   253.480   -10.71    7.16
 -55169.045   250.520    -7.91    4.61
 -54794.761   249.131    -3.71    3.85
 -54420.464   247.520    -4.30    3.41
 -54046.153   245.236    -6.10    3.42
 -53671.829   243.060    -5.81    3.46
 -53297.490   241.107    -5.22    3.29
 -52923.138   239.393    -4.58    3.20
 -52548.772   237.723    -4.46    2.54
 -52174.392   235.870    -4.95    2.70
 -51799.998   234.870    -2.67    2.89
 -51425.591   232.869    -5.34    2.65
 -51051.170   231.845    -2.73    2.38
 -50676.735   230.236    -4.30    2.58
 -50302.286   228.406    -4.89    2.82
 -49927.824   227.145    -3.37    2.39
 -49553.347   226.520    -1.67    1.52
 -49178.857   226.768     0.66    1.71
 -48804.353   227.964     3.19    2.22
 -48429.836   229.369     3.75    2.38
 -48055.304   230.655     3.43    2.54
 -47680.759   231.985     3.55    3.06
 -47306.199   233.135     3.07    2.66
 -46931.626   233.845     1.90    2.70
 -46557.040   234.870     2.74    2.62
 -46182.439   235.729     2.29    2.79
 -45807.824   236.774     2.79    2.65
 -45433.196   237.076     0.81    2.68
 -45058.554   236.164    -2.44    3.39
 -44683.898   234.153    -5.37    3.90
 -44309.228   232.333    -4.86    4.11
 -43934.544   229.845    -6.64    4.57
 -43559.846   227.553    -6.12    5.01
 -43185.135   225.027    -6.74    4.30
 -42810.410   223.820    -3.22    3.48
 -42435.670   222.774    -2.79    3.40
 -42060.917   221.964    -2.16    3.69
 -41686.151   220.967    -2.66    3.41
 -41311.370   220.992     0.07    4.43
 -40936.575   221.220     0.61    5.49
 -40561.767   220.504    -1.91    5.87
 -40186.944   218.703    -4.81    6.10
 -39812.108   215.171    -9.42    5.30
 -39437.258   212.250    -7.79    4.45
 -39062.393   209.583    -7.11    3.62
 -38687.515   206.964    -6.99    3.67
 -38312.623   205.155    -4.83    3.38
 -37937.718   202.967    -5.83    2.92
 -37562.798   201.545    -3.79    2.40
 -37187.864   200.553    -2.65    2.66
 -36812.917   199.774    -2.08    2.73
 -36437.955   199.528    -0.66    2.26
 -36062.980   199.774     0.66    2.32
 -35687.991   200.695     2.46    2.24
 -35312.987   202.036     3.57    2.73
 -34937.970   203.563     4.07    3.19
 -34562.939   205.417     4.94    3.19
 -34187.894   206.553     3.03    3.00
 -33812.835   208.036     3.95    3.21
 -33437.762   209.114     2.87    2.98
 -33062.675   210.714     4.27    3.07
 -32687.574   212.732     5.38    3.34
 -32312.460   214.065     3.55    2.51
 -31937.331   214.236     0.46    2.54
 -31562.188   212.322    -5.10    4.09
 -31187.031   209.692    -7.01    4.51
 -30811.861   206.368    -8.86    5.36
 -30436.676   202.666    -9.87    6.18
 -30061.478   199.155    -9.36    6.68
 -29686.265   193.334   -15.51    9.10
 -29311.038   187.626   -15.21   10.23
 -28935.798   183.595   -10.74    9.13
 -28560.543   181.530    -5.50    9.47
 -28185.275   181.686     0.42    9.95
 -27809.992   182.795     2.96    8.37
 -27434.696   182.241    -1.48    7.22
 -27059.385   184.298     5.48    6.79
 -26684.061   188.999    12.53    6.89
 -26308.722   194.709    15.21    7.47
 -25933.370   198.845    11.02    6.12
 -25558.003   195.274    -9.51   12.24
 -25182.622   188.162   -18.94   15.47
 -24807.228   179.821   -22.22   15.78
 -24431.819   167.655   -32.41   14.52
 -24056.396   159.897   -20.66   15.83
 -23680.960   149.893   -26.64   11.88
 -23305.509   141.964   -21.12    5.72
 -22930.044   137.626   -11.55    5.48
 -22554.565   133.650   -10.59    5.92
 -22179.072   129.893   -10.01    8.61
 -21803.566   123.601   -16.75   16.46
 -21428.045   118.607   -13.30   23.18
 -21052.509   114.892    -9.89   24.37
 -20676.960   109.917   -13.25   25.09
 -20301.397   107.706    -5.89   23.18
 -19925.820   100.560   -19.03   22.45
 -19550.229    94.626   -15.80   21.14
 -19174.623    87.138   -19.93   20.25
 -18799.004    75.107   -32.03   15.08
 -18423.370    68.679   -17.11   11.09
 -18047.723    63.250   -14.45    5.47
 -17672.061    60.964    -6.08    3.13
 -17296.385    58.985    -5.27    2.98
 -16920.695    57.203    -4.74    3.77
 -16544.991    55.845    -3.61    3.19
 -16169.273    55.333    -1.36    3.27
 -15793.541    54.943    -1.04    3.69
 -15417.795    55.089     0.39    3.34
 -15042.034    55.626     1.43    3.21
 -14666.260    58.012     6.35    5.41
 -14290.471    62.974    13.20    9.83
 -13914.668    68.148    13.77   12.01
 -13538.851    70.870     7.24   11.01
 -13163.020    70.012    -2.28   11.07
 -12787.175    74.723    12.54   16.52
 -12411.316    75.266     1.44   20.49
 -12035.442    66.345   -23.73   25.10
 -11659.555    54.256   -32.16   26.45
 -11283.653    39.601   -38.98   17.45
 -10907.737    30.036   -25.45    4.80
 -10531.807    27.461    -6.85    2.87
 -10155.863    26.323    -3.03    2.55
  -9779.904    25.615    -1.88    2.43
  -9403.932    24.845    -2.05    2.95
  -9027.945    22.566    -6.06    3.84
  -8651.944    20.650    -5.10    4.48
  -8275.929    18.504    -5.71    4.30
  -7899.900    17.214    -3.43    4.10
  -7523.856    16.232    -2.61    4.16
  -7147.799    15.631    -1.60    3.76
  -6771.727    14.915    -1.90    3.58
  -6395.641    14.226    -1.83    3.51
  -6019.541    14.615     1.03    3.72
  -5643.427    14.891     0.73    3.91
  -5267.298    15.743     2.27    3.91
  -4891.155    16.393     1.73    3.44
  -4514.998    16.894     1.33    3.07
  -4138.827    17.153     0.69    2.68
  -3762.642    16.141    -2.69    2.62
  -3386.442    15.819    -0.86    2.43
  -3010.228    15.406    -1.10    2.34
  -2634.000    15.536     0.34    2.92
  -2257.758    13.260    -6.05    5.70
  -1881.501    10.148    -8.27    7.60
  -1505.230     7.281    -7.62    8.59
  -1128.945     3.107   -11.09    7.92
   -752.646     0.441    -7.09    6.47
   -376.333    -0.106    -1.45    3.92
     -0.005     2.138     5.96    4.83
    376.337     4.295     5.73    5.33
    752.693     6.723     6.45    4.80
   1129.064     9.065     6.22    3.24
   1505.449    10.473     3.74    1.33
   1881.848    10.577     0.28    1.20
   2258.261    10.943     0.97    1.20
   2634.689    11.089     0.39    1.24
   3011.131    10.967    -0.32    1.35
   3387.587    11.601     1.68    2.43
   3764.057    13.203     4.25    3.38
   4140.542    14.750     4.11    4.15
   4517.041    17.520     7.36    4.24
   4893.555    19.607     5.54    3.25
   5270.082    21.138     4.07    2.06
   5646.624    21.170     0.09    1.83
   6023.180    21.162    -0.02    1.81
   6399.751    21.404     0.64    1.75
   6776.336    20.988    -1.10    1.51
   7152.935    20.962    -0.07    1.62
   7529.549    20.607    -0.94    1.28
   7906.176    20.431    -0.47    1.22
   8282.819    20.155    -0.73    1.20
   8659.475    19.992    -0.43    1.24
   9036.146    20.179     0.50    1.54
   9412.831    20.284     0.28    1.73
   9789.531    20.699     1.10    1.81
  10166.244    20.920     0.59    1.73
  10542.973    20.560    -0.96    1.61
  10919.715    20.723     0.43    1.91
  11296.472    20.679    -0.12    1.99
  11673.243    20.520    -0.42    2.10
  12050.029    20.620     0.27    2.09
  12426.829    19.706    -2.43    1.04
  12803.643    19.626    -0.21    1.08
  13180.472    19.601    -0.06    1.16
  13557.315    19.553    -0.13    1.01
  13934.173    19.945     1.04    1.34
  14311.045    19.985     0.10    1.25
  14687.931    19.948    -0.10    1.17
  15064.832    19.703    -0.65    1.24
  15441.747    19.941     0.63    1.32
  15818.676    20.187     0.65    1.49
  16195.620    20.891     1.87    1.83
  16572.578    21.435     1.44    1.52
  16949.551    21.241    -0.52    1.50
  17326.538    21.012    -0.61    1.46
  17703.539    20.799    -0.57    1.07
  18080.555    21.008     0.56    1.09
  18457.586    20.951    -0.15    1.13
  18834.051    20.982     0.08    0.98
  19208.241    20.920    -0.16    0.89
  19582.444    20.659    -0.70    1.26
  19956.662    20.464    -0.52    1.38
  20330.895    19.999    -1.24    1.35
  20705.141    19.891    -0.29    1.40
  21079.402    19.384    -1.35    1.00
  21453.677    19.333    -0.14    1.08
  21827.966    19.488     0.41    1.03
  22202.269    19.577     0.24    1.14
  22576.587    19.686     0.29    1.35
  22950.919    19.640    -0.12    1.36
  23325.265    20.179     1.44    1.75
  23699.625    20.917     1.97    2.05
  24073.999    21.893     2.61    2.53
  24448.388    22.583     1.84    2.37
  24822.791    23.045     1.23    2.08
  25197.208    22.992    -0.14    2.03
  25571.640    22.545    -1.19    1.87
  25946.086    20.943    -4.28    3.28
  26320.546    18.322    -7.00    4.27
  26695.020    17.703    -1.65    3.58
  27069.509    17.464    -0.64    3.40
  27444.011    18.845     3.69    2.94
  27818.529    20.162     3.52    2.02
  28193.060    19.870    -0.78    2.44
  28567.606    19.284    -1.56    2.35
  28942.166    19.031    -0.68    2.14
  29316.740    19.095     0.17    1.79
  29691.328    19.345     0.67    1.74
  30065.931    19.915     1.52    1.71
  30440.548    20.012     0.26    1.32
  30815.180    20.107     0.25    1.36
  31189.826    20.187     0.21    1.26
  31564.486    20.309     0.33    1.19
  31939.160    20.822     1.37    1.28
  32313.849    21.226     1.08    1.67
  32688.552    21.528     0.81    1.92
  33063.269    21.917     1.04    1.97
  33438.001    22.435     1.38    1.76
  33812.747    23.101     1.78    1.98
  34187.507    23.845     1.99    1.80
  34562.282    23.915     0.19    1.88
  34937.071    23.504    -1.10    2.25
  35311.874    23.056    -1.20    2.32
  35686.692    22.141    -2.44    2.28
  36061.524    20.720    -3.79    3.45
  36436.371    19.726    -2.65    3.22
  36811.232    19.441    -0.76    3.22
  37186.107    19.820     1.01    3.42
  37560.996    21.845     5.40    2.67
  37935.900    23.127     3.42    2.32
  38310.818    23.799     1.79    1.96
  38685.751    23.512    -0.77    1.86
  39060.698    23.298    -0.57    1.71
  39435.660    23.550     0.67    1.87
  39810.635    23.435    -0.31    1.96
  40185.626    23.414    -0.06    1.93
  40560.630    23.745     0.88    1.91
  40935.649    23.776     0.08    1.74
  41310.683    23.797     0.06    1.67
  41685.730    23.695    -0.27    1.66
  42060.793    24.141     1.19    1.53
  42435.869    23.897    -0.65    1.47
  42810.960    24.065     0.45    1.31
  43186.066    24.226     0.43    1.34
  43561.186    24.016    -0.56    1.53
  43936.320    23.488    -1.41    1.74
  44311.469    23.345    -0.38    1.81
  44686.632    23.464     0.32    1.79
  45061.809    23.187    -0.74    1.56
  45437.001    23.380     0.52    1.82
  45812.208    23.601     0.59    1.83
  46187.429    23.679     0.21    1.83
  46562.664    23.512    -0.44    1.98
  46937.914    22.992    -1.39    1.77
  47313.178    22.553    -1.17    1.49
  47688.457    21.822    -1.95    1.70
  48063.750    21.607    -0.57    1.53
  48439.058    21.497    -0.30    1.43
  48814.380    21.566     0.19    1.20
  49189.717    21.845     0.74    1.36
  49565.068    22.417     1.52    1.35
  49940.434    22.870     1.21    1.98
  50315.814    23.311     1.17    2.27
  50691.208    23.236    -0.20    1.91
  51066.617    23.012    -0.60    1.41
  51442.041    23.287     0.73    1.47
  51817.479    22.845    -1.18    1.70
  52192.932    22.417    -1.14    1.81
  52568.399    21.822    -1.59    1.65
  52943.880    21.406    -1.11    1.36
  53319.376    21.893     1.30    1.74
  53694.887    22.528     1.69    1.88
  54070.412    23.445     2.44    1.92
  54445.952    23.869     1.13    1.65
  54821.506    23.720    -0.39    1.60
  55197.075    23.488    -0.62    1.56
  55572.658    23.393    -0.25    1.50
  55948.256    23.107    -0.76    1.40
  56323.868    22.988    -0.32    1.34
  56699.495    23.204     0.58    1.35
  57075.136    23.141    -0.17    1.55
  57450.792    22.723    -1.11    1.83
  57826.463    22.334    -1.04    2.13
  58202.148    20.626    -4.55    2.47
  58577.848    19.530    -2.92    2.45
  58953.562    19.232    -0.79    2.19
  59329.291    18.692    -1.44    2.31
  59705.034    19.298     1.61    2.43
  60080.792    19.194    -0.28    3.06
  60456.565    19.076    -0.31    4.25
  60832.352    19.800     1.93    4.70
  61208.154    19.563    -0.63    4.63
  61583.970    18.655    -2.42    4.22
  61959.801    17.148    -4.01    4.12
  62335.646    16.512    -1.69    3.02
  62711.507    16.482    -0.08    2.77
  63087.381    18.030     4.12    2.62
  63463.271    19.732     4.53    2.35
  63839.175    21.497     4.70    2.63
  64215.093    22.726     3.27    2.40
  64591.026    23.750     2.72    1.57
  64966.974    23.820     0.19    1.68
  65342.937    23.300    -1.38    1.96
  65718.914    23.320     0.05    2.24
  66094.905    23.512     0.51    2.49
  66470.912    23.943     1.15    1.91
  66846.933    24.260     0.84    1.60
  67222.968    23.936    -0.86    1.68
  67599.019    23.538    -1.06    1.56
  67975.083    23.393    -0.38    1.50
  68351.163    23.083    -0.82    1.51
  68727.257    22.699    -1.02    1.39
  69103.366    22.497    -0.54    1.38
  69479.490    22.220    -0.73    1.69
  69855.628    22.179    -0.11    1.54
  70231.781    22.504     0.86    1.65
  70607.949    22.726     0.59    1.74
  70984.131    22.943     0.58    1.53
  71360.328    23.065     0.32    1.62
  71736.539    22.967    -0.26    1.36
  72112.766    22.870    -0.26    1.23
  72489.007    22.869    -0.00    1.94
  72865.263    22.417    -1.20    2.84
  73241.533    22.441     0.06    2.91
  73617.818    21.464    -2.59    3.14
  73994.118    21.683     0.58    2.21
  74370.433    21.941     0.69    2.29
  74746.762    22.284     0.91    2.19
  75123.106    23.607     3.52    2.08
  75499.465    24.217     1.62    1.83
  75875.838    24.287     0.19    1.69
  76252.226    24.179    -0.29    1.56
  76628.629    24.070    -0.29    1.76
  77005.047    23.845    -0.60    1.64
  77381.479    23.799    -0.12    1.56
  77757.927    23.436    -0.96    1.87
  78134.388    21.798    -4.35    3.08
  78510.865    19.141    -7.06    4.64
  78887.357    17.203    -5.15    4.05
  79263.863    16.155    -2.78    3.00
  79640.384    16.703     1.45    3.63
  80016.919    19.179     6.58    3.34
  80393.470    20.345     3.10    3.48
  80770.035    21.679     3.54    2.89
  81146.615    22.870     3.16    1.74
  81523.210    22.382    -1.30    2.06
  81899.820    22.620     0.63    2.36
  82276.444    22.560    -0.16    2.50
  82653.083    22.774     0.57    2.42
  83029.737    23.333     1.48    2.63
  83406.406    23.393     0.16    2.19
  83783.090    23.717     0.86    1.92
  84159.788    23.962     0.65    1.85
  84536.501    23.797    -0.44    1.38
  84913.229    23.729    -0.18    1.33
  85289.972    23.703    -0.07    1.69
  85666.730    23.666    -0.10    1.97
  86043.502    23.709     0.11    2.16
  86420.289    24.065     0.94    1.97
  86797.092    23.774    -0.77    1.80
  87173.909    23.560    -0.57    2.00
  87550.740    23.320    -0.64    3.73
  87927.587    21.095    -5.90    4.60
  88304.449    19.358    -4.61    3.92
  88681.325    17.750    -4.27    3.38
  89058.216    17.008    -1.97    2.71
  89435.122    17.626     1.64    2.89
  89812.043    18.345     1.91    3.16
  90188.979    19.461     2.96    3.23
  90565.930    19.311    -0.40    3.81
  90942.895    18.464    -2.24    4.50
  91319.876    17.752    -1.89    4.41
  91696.871    17.254    -1.32    4.04
  92073.881    17.030    -0.60    3.66
  92450.906    17.504     1.26    3.54
  92827.946    18.583     2.86    2.65
  93205.001    19.729     3.04    2.51
  93582.071    20.703     2.58    2.24
  93958.126    21.687     2.62    2.77
  94332.270    22.845     3.10    2.94
  94706.428    24.384     4.11    2.96
  95080.601    25.655     3.40    2.54
  95454.789    26.391     1.97    1.69
  95828.991    26.420     0.08    1.62
  96203.208    26.641     0.59    2.13
  96577.440    26.793     0.41    1.89
  96951.686    27.078     0.76    2.03
  97325.947    27.264     0.50    2.03
  97700.223    27.393     0.34    1.95
  98074.513    27.250    -0.38    1.86
  98448.818    27.153    -0.26    1.82
  98823.138    27.073    -0.21    1.57
  99197.472    27.420     0.93    1.50
  99571.822    27.917     1.33    1.79
  99946.185    28.406     1.31    1.90
 100320.564    28.162    -0.65    1.98
 100694.957    27.917    -0.66    2.31
 101069.365    27.553    -0.97    2.14
 101443.788    27.369    -0.49    1.63
 101818.226    27.941     1.53    1.92
 102192.678    28.380     1.17    2.28
 102567.145    28.187    -0.52    2.41
 102941.627    28.036    -0.40    2.60
 103316.123    27.607    -1.14    2.28
 103690.635    26.382    -3.27    1.72
 104065.160    25.797    -1.56    1.94
 104439.701    25.512    -0.76    1.56
 104814.257    25.473    -0.10    1.53
 105188.827    25.869     1.06    1.50
 105563.412    26.404     1.43    1.45
 105938.012    26.752     0.93    1.51
 106312.626    26.845     0.25    1.43
 106687.256    27.089     0.65    1.43
 107061.900    27.217     0.34    1.56
 107436.559    27.417     0.53    1.45
 107811.232    27.631     0.57    1.51
 108185.921    27.659     0.08    1.47
 108560.624    27.626    -0.09    1.26
 108935.342    27.720     0.25    1.32
 109310.075    27.915     0.52    1.55
 109684.823    28.445     1.42    1.52
 110059.585    28.845     1.07    1.55
 110434.363    28.417    -1.14    1.84
 110809.155    27.488    -2.48    1.94
 111183.962    26.869    -1.65    1.89
 111558.783    26.486    -1.02    1.56
 111933.620    26.573     0.23    1.60
 112308.471    26.870     0.79    1.64
 112683.338    26.683    -0.50    1.65
 113058.219    26.041    -1.71    1.62
 113433.115    25.794    -0.66    1.50
 113808.025    25.573    -0.59    1.45
 114182.951    25.384    -0.50    1.48
 114557.891    25.560     0.47    1.45
 114932.847    25.962     1.07    1.45
 115307.817    26.345     1.02    1.64
 115682.802    26.800     1.21    1.71
 116057.802    26.924     0.33    1.68
 116432.817    27.118     0.52    1.85
 116807.846    27.607     1.30    1.87
 117182.891    27.543    -0.17    1.93
 117557.950    27.427    -0.31    1.76
 117933.024    27.179    -0.66    1.51
 118308.114    27.186     0.02    1.60
 118683.218    27.486     0.80    1.66
 119058.337    27.798     0.83    1.75
 119433.471    27.869     0.19    1.55
 119808.619    27.894     0.07    1.52
 120183.783    27.777    -0.31    1.74
 120558.962    27.743    -0.09    1.64
 120934.155    27.441    -0.81    1.70
 121309.363    27.427    -0.04    1.64
 121684.587    27.345    -0.22    1.70
 122059.825    27.369     0.06    1.49
 122435.078    28.120     2.00    1.71
 122810.346    28.520     1.06    2.00
 123185.629    28.470    -0.13    2.01
 123560.927    28.041    -1.15    2.15
 123936.240    27.226    -2.17    2.09
 124311.568    26.798    -1.14    1.89
 124686.911    26.203    -1.59    1.71
 125062.269    26.345     0.38    1.80
 125437.641    26.404     0.15    1.93
 125813.029    26.322    -0.22    2.03
 126188.432    26.631     0.82    2.17
 126563.849    26.464    -0.44    2.12
 126939.282    26.706     0.64    2.22
 127314.730    27.250     1.45    2.04
 127690.192    27.203    -0.13    2.16
 128065.670    27.060    -0.38    2.05
 128441.162    27.101     0.11    2.30
 128816.670    26.752    -0.93    1.81
 129192.192    26.543    -0.56    1.79
 129567.730    26.427    -0.31    1.69
 129943.282    26.236    -0.51    1.69
 130318.850    26.798     1.50    2.07
 130694.432    27.393     1.59    2.25
 131070.030    27.892     1.33    2.03
 131445.642    28.250     0.95    2.07
 131821.270    28.393     0.38    2.06
 132196.912    28.138    -0.68    2.14
 132572.570    28.055    -0.22    2.38
 132948.243    27.938    -0.31    2.35
 133323.930    27.869    -0.18    2.17
 133699.633    27.988     0.32    2.20
 134075.351    27.659    -0.88    1.85
 134451.084    27.284    -1.00    1.78
 134826.831    27.045    -0.64    1.74
 135202.594    27.171     0.33    1.90
 135578.372    27.470     0.80    1.88
 135954.165    27.726     0.68    1.89
 136329.973    27.631    -0.25    1.35
 136705.796    27.845     0.57    1.34
 137081.635    28.560     1.90    1.70
 137457.488    29.333     2.06    1.93
 137833.356    30.311     2.60    2.27
 138209.240    30.431     0.32    2.26
 138585.138    30.124    -0.81    2.34
 138961.052    29.601    -1.39    1.92
 139336.981    29.740     0.37    2.32
 139712.924    30.027     0.76    2.36
 140088.883    29.748    -0.74    2.49
 140464.857    29.309    -1.17    2.13
 140840.846    28.893    -1.11    1.78
 141216.851    29.041     0.39    2.18
 141592.870    28.550    -1.30    1.94
 141968.904    28.512    -0.10    2.06
 142344.954    28.613     0.27    1.89
 142721.019    28.822     0.56    1.83
 143097.098    29.241     1.11    2.03
 143473.193    29.459     0.58    2.06
 143849.303    29.793     0.89    1.75
 144225.429    29.414    -1.01    2.17
 144601.569    28.770    -1.71    2.23
 144977.725    28.573    -0.53    2.26
 145353.895    28.488    -0.22    2.45
 145730.081    28.922     1.15    2.59
 146106.282    29.550     1.67    2.35
 146482.498    30.307     2.01    2.19
 146858.730    30.036    -0.72    2.37
 147234.976    30.027    -0.02    2.23
 147611.238    30.320     0.78    2.18
 147987.515    30.118    -0.54    2.08
 148363.807    30.109    -0.03    1.81
 148740.114    30.391     0.75    2.19
 149116.436    30.683     0.78    2.46
 149492.774    31.031     0.93    2.22
 149869.126    30.891    -0.37    2.20
 150245.494    31.127     0.63    2.04
 150621.878    30.959    -0.45    2.03
 150998.276    30.967     0.02    2.16
 151374.690    30.869    -0.26    2.08
 151751.118    30.798    -0.19    2.48
 152127.562    30.102    -1.85    2.71
 152504.022    28.823    -3.40    2.75
 152880.496    27.974    -2.26    2.75
 153256.986    27.369    -1.61    2.50
 153633.491    27.055    -0.84    3.02
 154010.011    26.406    -1.72    2.92
 154386.546    26.345    -0.16    2.56
 154763.097    26.214    -0.35    2.81
 155139.663    26.798     1.55    2.68
 155516.244    27.311     1.36    2.45
 155892.841    28.107     2.12    2.32
 156269.452    29.012     2.40    2.37
 156646.079    29.640     1.67    2.76
 157022.721    28.915    -1.93    3.00
 157399.379    28.798    -0.31    3.10
 157776.052    28.845     0.13    3.01
 158152.740    28.726    -0.32    3.26
 158529.443    28.699    -0.07    3.28
 158906.161    28.959     0.69    3.03
 159282.895    29.445     1.29    2.91
 159659.644    29.798     0.94    2.49
 160036.409    29.345    -1.20    2.41
 160413.189    28.797    -1.46    2.32
 160789.984    28.590    -0.55    2.55
 161166.794    28.382    -0.55    2.42
 161543.620    28.012    -0.98    2.33
 161920.461    28.566     1.47    2.34
 162297.317    29.179     1.63    2.75
 162674.189    30.012     2.21    2.64
 163051.076    30.679     1.77    2.65
 163427.978    30.941     0.69    2.50
 163804.896    31.298     0.95    2.12
 164181.829    31.264    -0.09    2.15
 164558.777    31.750     1.29    2.31
 164935.741    32.083     0.88    2.37
 165312.720    32.655     1.52    2.55
 165689.714    33.016     0.96    2.49
 166066.724    33.179     0.43    2.51
 166443.749    32.845    -0.88    2.08
 166820.789    32.869     0.06    1.73
 167197.845    32.655    -0.57    1.81
 167574.916    32.822     0.44    1.67
 167952.003    33.217     1.05    1.81
 168329.105    33.369     0.40    1.95
 168706.222    33.131    -0.63    2.14
 169081.854    32.869    -0.70    1.87
 169455.945    32.566    -0.81    1.91
 169830.052    32.703     0.36    2.08
 170204.173    32.845     0.38    1.86
 170578.310    32.822    -0.06    1.80
 170952.462    32.799    -0.06    1.85
 171326.629    32.962     0.44    2.39
 171700.811    33.334     0.99    2.55
 172075.008    33.264    -0.19    2.70
 172449.220    33.055    -0.56    2.64
 172823.448    32.964    -0.24    2.11
 173197.691    31.703    -3.37    3.36
 173571.949    29.566    -5.71    3.47
 173946.222    28.083    -3.96    3.08
 174320.510    26.798    -3.44    1.61
 174694.813    26.706    -0.25    1.19
 175069.132    27.065     0.96    1.19
 175443.466    27.270     0.55    1.22
 175817.815    27.241    -0.08    1.33
 176192.179    27.595     0.95    1.39
 176566.558    27.679     0.22    1.48
 176940.953    27.536    -0.38    1.52
 177315.363    27.566     0.08    1.71
 177689.788    27.155    -1.10    1.52
 178064.228    27.109    -0.12    1.64
 178438.683    26.095    -2.71    2.53
 178813.154    24.845    -3.34    3.08
 179187.640    23.845    -2.67    2.84
 179562.141    23.131    -1.91    2.29
 179936.657    23.382     0.67    2.46
 180311.188    24.391     2.69    2.59
 180685.735    25.435     2.79    2.23
 181060.297    26.752     3.52    1.60
 181434.875    27.566     2.17    1.30
 181809.467    27.892     0.87    1.45
 182184.075    28.141     0.66    1.36
 182558.698    28.214     0.19    1.46
 182933.336    28.345     0.35    1.52
 183307.990    28.486     0.38    1.60
 183682.658    28.706     0.59    1.39
 184057.342    28.641    -0.17    1.27
 184432.042    28.795     0.41    1.30
 184806.756    28.914     0.32    1.37
 185181.486    28.766    -0.39    1.38
 185556.231    29.264     1.33    1.47
 185930.992    29.683     1.12    1.54
 186305.768    29.799     0.31    1.45
 186680.559    30.380     1.55    1.58
 187055.365    30.538     0.42    1.69
 187430.187    30.527    -0.03    1.89
 187805.024    30.445    -0.22    1.85
 188179.876    30.512     0.18    1.82
 188554.744    30.060    -1.21    1.54
 188929.626    30.016    -0.12    1.58
 189304.525    29.641    -1.00    1.79
 189679.438    29.455    -0.50    1.59
 190054.367    29.441    -0.04    1.61
 190429.311    29.679     0.64    1.72
 190804.271    29.941     0.70    1.64
 191179.246    29.988     0.13    1.70
 191554.236    29.992     0.01    1.88
 191929.242    30.203     0.56    1.75
 192304.263    29.992    -0.56    1.73
 192679.299    30.417     1.13    1.93
 193054.351    30.664     0.66    1.91
 193429.418    30.512    -0.40    1.92
 193804.500    30.655     0.38    1.98
 194179.598    30.264    -1.04    1.79
 194554.711    29.845    -1.12    1.72
 194929.839    30.250     1.08    2.04
 195304.983    30.892     1.71    2.21
 195680.143    31.659     2.05    2.28
 196055.317    31.414    -0.66    2.04
 196430.507    31.543     0.35    1.97
 196805.713    31.203    -0.91    2.09
 197180.934    30.748    -1.21    2.12
 197556.170    30.441    -0.82    1.90
 197931.422    30.264    -0.47    1.82
 198306.689    29.982    -0.75    1.75
 198681.971    30.194     0.57    1.81
 199057.269    29.590    -1.61    1.71
 199432.582    29.560    -0.08    2.05
 199807.911    29.774     0.57    1.96
 200183.255    29.520    -0.68    2.26
 200558.615    29.404    -0.31    1.88
 200933.990    29.298    -0.28    2.10
 201309.381    29.527     0.61    2.33
 201684.787    29.369    -0.42    2.47
 202060.208    29.065    -0.81    2.33
 202435.645    30.464     3.73    3.52
 202811.097    32.217     4.67    3.75
 203186.565    33.893     4.46    2.97
 203562.048    37.311     9.10    5.09
 203937.547    40.107     7.45    6.10
 204313.061    43.036     7.80    5.46
 204688.591    44.943     5.08    3.42
 205064.136    45.822     2.34    2.17
 205439.697    45.675    -0.39    2.18
 205815.273    45.750     0.20    2.63
 206190.864    45.941     0.51    2.89
 206566.471    45.570    -0.99    3.15
 206942.094    45.914     0.91    3.91
 207317.732    45.120    -2.11    5.04
 207693.386    42.893    -5.93    5.77
 208069.055    39.964    -7.80    5.58
 208444.740    36.441    -9.38    3.03
 208820.440    35.995    -1.19    2.24
 209196.155    35.884    -0.30    2.13
