# NaN NaN NaN ;Mean Elev.(m), Avg Gradient(m/km), RMS Gradient(m/km) - SRTM1     
#   11.155  -0.239   1.655 ;Mean Elev.(m), Avg Gradient(m/km), RMS Gradient(m/km) - ASTER GDEM
#   16.042  -0.251   2.257 ;Mean Elev.(m), Avg Gradient(m/km), RMS Gradient(m/km) - GMTED2010 
  7  88.674310  24.329059    16.611    16.718  3 52473.65965493 23.030
  8  88.680704  24.331614    12.817    12.554  3 52508.65962263 34.311
  9  88.682211  24.332257    17.463    17.534  3 52543.65961321 33.199
 11  88.677049  24.330890    11.747    11.644  3 52613.65962440 47.017
 12  88.679820  24.330662    10.655    10.624  3 52648.65960596 43.838
 13  88.685730  24.333158    10.579    10.567  4 52683.65958412 50.476
 14  88.675460  24.330822   -65.491   -65.488  3 52718.65963936 37.210
 16  88.674289  24.329864    10.755    10.798  3 52788.65961074 32.292
 17  88.676701  24.331945    17.643    17.740  3 52823.65968206 20.220
 18  88.679713  24.331006    17.565    17.427  4 52858.65972822 40.994
 19  88.675511  24.330134    18.451    18.474  3 52893.65975959 47.336
 20  88.678563  24.330474    16.836    17.058  3 52928.65971001 36.474
 21  88.680739  24.331464    13.426    13.465  3 52963.65969126 51.037
 22  88.673383  24.330889    13.063    13.044  3 52998.65972877 29.179
 23  88.678423  24.331870    12.327    12.615  4 53033.65968255 47.545
 24  88.679322  24.331253    11.937    12.320  3 53068.65969690 34.970
 25  88.678511  24.330717    12.722    12.062  4 53103.65968410 26.177
 26  88.679791  24.331070    12.744    11.824  3 53138.65970155 20.630
 27  88.676400  24.330155    15.536    17.005  3 53173.65974257 30.818
 28  88.676948  24.330170    17.278    17.309  3 53208.65975865 31.709
 29  88.681864  24.330773    17.241    16.952  3 53243.65972616 38.986
 30  88.674785  24.330680    16.443    16.428  4 53278.65970392 26.834
 31  88.676250  24.331138    13.985    13.868  3 53313.65973098 35.147
 32  88.681469  24.331940    11.769    11.641  3 53348.65969666 31.218
 33  88.676257  24.331213    10.637    10.599  4 53383.65966765 36.641
 34  88.686095  24.333407    11.709    10.132  4 53418.65967648 23.853
 35  88.677481  24.330656    13.212    12.683  4 53453.65968074 24.773
 36  88.670362  24.329612    13.604    13.638  3 53488.65976605 21.316
 37  88.680948  24.331917    10.126    10.299  3 53523.65975454 22.683
 38  88.672369  24.328303    14.480    13.546  3 53558.65978019 21.549
 39  88.687092  24.332137    17.066    17.084  4 53593.65971775 30.266
 40  88.669081  24.329097    16.014    16.104  3 53628.65970958 35.183
 41  88.674606  24.330856    17.287    17.099  4 53663.65973406 26.313
 42  88.680843  24.331332    12.263    12.304  4 53698.65969426 49.404
 43  88.685759  24.332325    10.769    10.761  4 53733.65961677 51.243
 44  88.683415  24.331123    10.136    10.092  4 53768.65959801 49.449
 45  88.684166  24.333108     9.842     9.801  4 53803.65959534 52.207
 46  88.674848  24.331267     9.768     9.665  3 53838.65961266 32.105
 47  88.678465  24.331429    10.390    10.503  4 53873.65966070 37.215
 48  88.673103  24.329023    13.669    12.360  3 53908.65970387 24.316
 49  88.669301  24.330640    15.774    15.767  3 53943.65972827 24.378
 50  88.678526  24.331471    16.676    16.543  4 53978.65967839 32.713
 51  88.676895  24.330781    16.590    16.597  3 54013.65969007 26.796
 52  88.684935  24.331965    12.292    12.296  4 54048.65969701 41.229
 54  88.682465  24.331233    11.389    11.578  3 54118.65961900 23.840
 55  88.677443  24.331207     9.488     9.500  4 54153.65964449 41.495
 56  88.681528  24.332129     9.175     9.255  3 54188.65961384 45.716
 57  88.676518  24.330454    11.568    11.183  3 54223.65965456 24.706
 58  88.678602  24.331263    16.378    16.384  4 54258.65967645 29.450
 59  88.679443  24.331664    13.174    13.211  3 54293.65967918 37.241
 60  88.681477  24.332275    17.488    17.297  3 54328.65967382 37.046
 61  88.682027  24.331197    17.125    17.115  4 54363.65962111 36.189
 62  88.680273  24.330734    14.828    14.898  3 54398.65961371 49.421
 63  88.682164  24.332602    12.301    12.257  3 54433.65957180 52.923
 64  88.679382  24.332197    10.855    10.513  3 54468.65959671 35.997
 65  88.681442  24.331167    10.986    11.363  3 54503.65958708 37.815
 66  88.680771  24.330901    10.396    10.694  3 54538.65961174 33.691
 67  88.682318  24.331132    11.393    10.705  4 54573.65958806 23.388
 68  88.678461  24.331973    10.837    10.283  3 54608.65960541 27.379
 69  88.678765  24.331573    16.138    16.442  3 54643.65961322 25.610
 70  88.677981  24.330837    17.556    17.520  4 54678.65961487 42.270
 71  88.683138  24.332111    17.705    17.707  4 54713.65956755 28.649
 72  88.677085  24.331732    15.997    15.797  3 54748.65958450 37.113
 73  88.681190  24.331371    14.018    14.055  3 54783.65955429 24.279
 74  88.678467  24.330616    11.417    11.365  3 54818.65957666 31.276
 75  88.681104  24.331518    11.633    10.117  4 54853.65955176 40.129
 76  88.677275  24.332009    12.187     9.644  3 54888.65958147 33.619
 77  88.680283  24.332304    11.963     9.256  3 54923.65955150 20.741
 78  88.676215  24.331909     8.517     8.829  3 54958.65957920 29.810
 79  88.676456  24.330450    12.779    13.972  3 54993.65960113 23.525
 80  88.679586  24.331382    13.528    13.110  4 55028.65959111 18.590
 81  88.679970  24.331223    16.626    16.392  4 55063.65958321 32.544
 82  88.681014  24.332014    15.547    15.542  3 55098.65952892 24.946
 83  88.677804  24.331489    13.825    13.814  4 55133.65952694 45.494
 84  88.682144  24.331109    11.343    11.284  3 55168.65949161 47.880
 85  88.677668  24.330768    10.483     9.451  4 55203.65951983 32.517
 86  88.680511  24.331166     8.915     8.911  3 55238.65949897 42.078
 87  88.679404  24.330450    14.279    17.110  3 55273.65951321 36.435
 88  88.682278  24.331506     8.731     8.802  3 55308.65948237 32.278
 89  88.679781  24.332473     8.829     8.813  3 55343.65948272 35.329
 90  88.680567  24.331371    15.132    13.917  3 55378.65947669 18.947
 91  88.678193  24.331477    16.499    16.117  4 55413.65950173 18.537
 92  88.680895  24.331759    16.832    16.905  3 55448.65949045 22.317
 93  88.683624  24.332606    15.054    15.056  4 55483.65941757 49.206
