# NaN NaN NaN ;Mean Elev.(m), Avg Gradient(m/km), RMS Gradient(m/km) - SRTM1     
#   47.240  -0.184   1.549 ;Mean Elev.(m), Avg Gradient(m/km), RMS Gradient(m/km) - ASTER GDEM
#   47.256  -0.387   2.086 ;Mean Elev.(m), Avg Gradient(m/km), RMS Gradient(m/km) - GMTED2010 
  8  84.734502  25.729780    51.564    51.564  2 52498.66988574 34.565
 10  84.731807  25.731506    49.229    49.233  3 52568.66990075 42.510
 11  84.730107  25.731593    48.522    48.589  3 52603.66989104 42.199
 12  84.726232  25.732768    47.987    47.987  2 52638.66986817 45.794
 13  84.731780  25.731317    47.411    47.382  3 52673.66986603 40.169
 14  84.729091  25.731751    47.639    47.664  3 52708.66987741 40.855
 15  84.725937  25.733127    47.605    47.605  2 52743.66990722 26.105
 17  84.724715  25.733230    47.986    47.986  2 52813.66992740 46.396
 18  84.728189  25.731876    52.523    52.523  2 52848.66998043 33.841
 19  84.727774  25.732199    54.255    54.253  3 52883.67001628 42.857
 20  84.734336  25.730120    54.389    54.389  2 52918.66997222 42.736
 21  84.733315  25.732212    49.232    49.232  2 52953.66993523 51.339
 22  84.740868  25.729136    47.650    47.650  2 52988.66994267 46.127
 23  84.739078  25.731219    47.321    47.321  2 53023.66993039 42.690
 24  84.738371  25.731465    46.915    46.915  2 53058.66992592 44.877
 25  84.725833  25.733338    46.884    46.884  2 53093.66996433 46.564
 26  84.734172  25.730972    46.757    46.757  2 53128.66993534 46.414
 28  84.731423  25.731195    50.868    50.868  2 53198.67000293 18.924
 29  84.741143  25.729301    52.640    52.640  2 53233.66997432 44.435
 30  84.734490  25.730864    50.293    50.293  2 53268.66994229 28.685
 31  84.720754  25.733704    49.414    49.414  2 53303.67000224 48.449
 32  84.731512  25.731544    47.932    47.960  3 53338.66997070 45.096
 33  84.736904  25.731764    46.798    46.798  2 53373.66990341 46.326
 34  84.732774  25.731777    47.213    47.213  2 53408.66994423 28.860
 35  84.734874  25.731604    46.174    46.174  2 53443.66992815 42.750
 36  84.723570  25.732655    46.334    46.334  2 53478.67000458 35.452
 37  84.730888  25.730723    46.318    46.318  2 53513.67001349 24.321
 38  84.726809  25.731793    46.491    46.491  2 53548.67003217 39.981
 39  84.733731  25.730042    52.470    52.470  2 53583.66999665 30.110
 40  84.732066  25.730221    53.262    53.262  2 53618.66995311 33.857
 41  84.729776  25.730512    51.372    51.372  2 53653.66997612 50.101
 42  84.728222  25.732383    43.566    43.566  2 53688.66997459 49.117
 43  84.737443  25.730388    47.385    47.385  2 53723.66989881 45.599
 44  84.736680  25.730546    46.686    46.686  2 53758.66983776 43.182
 45  84.736872  25.729712    46.327    46.327  2 53793.66985870 32.887
 46  84.732248  25.731559    46.331    46.340  3 53828.66983122 45.354
 47  84.726605  25.731923    46.423    46.423  2 53863.66991376 21.341
 48  84.730392  25.732343    48.714    48.714  2 53898.66993788 45.976
 49  84.720489  25.735013    50.422    50.422  2 53933.66998429 34.499
 50  84.726340  25.733515    53.360    53.360  2 53968.66995538 46.987
 51  84.730473  25.731560    52.309    52.309  2 54003.66992558 25.368
 52  84.733294  25.731130    48.815    48.859  3 54038.66995975 49.512
 53  84.733285  25.731303    47.643    47.643  2 54073.66995395 46.289
 54  84.734291  25.730169    46.985    46.985  2 54108.66990062 41.901
 55  84.729229  25.732874    46.947    46.947  2 54143.66989145 38.569
 56  84.732981  25.731471    47.198    47.198  2 54178.66988476 50.708
 57  84.728582  25.733204    47.386    47.386  2 54213.66989891 36.558
 58  84.729812  25.731835    47.334    47.334  2 54248.66992725 35.647
 59  84.732506  25.730684    47.778    47.778  2 54283.66993521 42.132
 60  84.733884  25.729983    52.919    52.919  2 54318.66993250 25.478
 61  84.734541  25.731032    53.519    53.545  3 54353.66989700 44.289
 62  84.732167  25.731487    51.622    51.663  3 54388.66987283 25.943
 63  84.732838  25.731262    48.673    48.673  2 54423.66984671 46.620
 64  84.730707  25.730540    47.735    47.735  2 54458.66984750 39.057
 65  84.734291  25.729971    47.193    47.193  2 54493.66985043 36.275
 66  84.732482  25.731275    46.999    47.139  3 54528.66986026 35.174
 67  84.733664  25.731285    46.821    46.821  2 54563.66985811 38.106
 68  84.730664  25.732892    47.348    47.348  2 54598.66985671 39.108
 69  84.730157  25.730956    50.084    50.084  2 54633.66986894 41.005
 70  84.730188  25.733047    53.954    53.954  2 54668.66987440 45.107
 71  84.734967  25.730740    55.098    55.098  2 54703.66983866 31.839
 72  84.729943  25.732243    53.779    53.779  2 54738.66983625 31.444
 73  84.734538  25.729914    49.473    49.473  2 54773.66981910 49.565
 74  84.728451  25.732696    48.462    48.462  2 54808.66982960 49.076
 75  84.732431  25.732539    47.832    47.832  2 54843.66981781 46.160
 76  84.729115  25.732720    47.632    47.632  2 54878.66983256 49.676
 77  84.732089  25.731235    47.529    47.529  2 54913.66982140 44.217
 78  84.728941  25.731287    47.113    47.113  2 54948.66982502 45.673
 79  84.729374  25.731552    47.160    47.160  2 54983.66985036 47.296
 80  84.732356  25.731375    47.833    47.831  3 55018.66984701 38.068
 81  84.733224  25.731377    51.293    51.293  2 55053.66984307 25.195
 82  84.733404  25.730274    52.720    52.720  2 55088.66980434 40.545
 83  84.731391  25.732646    51.845    51.845  2 55123.66977953 37.813
 84  84.731645  25.732804    49.171    49.171  2 55158.66976529 47.573
 85  84.729157  25.731155    48.011    48.011  2 55193.66976950 44.970
 86  84.732744  25.730184    48.031    48.031  2 55228.66976673 45.433
 87  84.731667  25.732512    47.556    47.556  2 55263.66976463 43.253
 88  84.734268  25.730320    47.281    47.281  2 55298.66975033 48.762
 89  84.730421  25.732567    48.045    48.045  2 55333.66974354 23.652
 90  84.732996  25.730943    47.217    47.217  2 55368.66973426 31.090
 91  84.730864  25.730525    51.181    51.181  2 55403.66975041 26.634
 92  84.733783  25.731868    53.902    53.902  2 55438.66975280 26.035
 93  84.735373  25.729907    53.911    53.911  2 55473.66969953 41.179
