# NaN NaN NaN ;Mean Elev.(m), Avg Gradient(m/km), RMS Gradient(m/km) - SRTM1     
#    8.703  -0.025   1.006 ;Mean Elev.(m), Avg Gradient(m/km), RMS Gradient(m/km) - ASTER GDEM
#    9.159   0.143   2.527 ;Mean Elev.(m), Avg Gradient(m/km), RMS Gradient(m/km) - GMTED2010 
  6     8.484 52442.17816061 40.24  89.662595  23.788231 29.924
  6     7.010 52442.17816126 42.08  89.661775  23.784931 29.924
  6     7.257 52442.17816190 38.30  89.660955  23.781641 29.924
  7     9.859 52477.17815545 26.72  89.668369  23.792047 28.908
  7     9.704 52477.17815610 35.89  89.667549  23.788747 28.908
  7     9.333 52477.17815674 41.43  89.666729  23.785457 28.908
  7     9.979 52477.17815739 40.72  89.665909  23.782157 28.908
  8     9.488 52512.17810068 31.34  89.679560  23.791130 35.625
  8     9.769 52512.17810133 42.88  89.678740  23.787830 35.625
  8     9.823 52512.17810197 46.19  89.677920  23.784540 35.625
  8     9.854 52512.17810262 48.73  89.677100  23.781240 35.625
  9     8.270 52547.17813436 22.48  89.675768  23.793258 33.884
  9     8.907 52547.17813501 22.71  89.674948  23.789968 33.884
  9     9.107 52547.17813565 32.14  89.674130  23.786671 38.681
  9     9.455 52547.17813630 39.78  89.673310  23.783381 38.681
 10     5.497 52582.17814591 30.25  89.675282  23.792163 29.070
 10     8.012 52582.17814656 26.11  89.674452  23.788873 29.070
 10     8.696 52582.17814720 30.64  89.673632  23.785573 29.070
 10     9.091 52582.17814785 31.83  89.672812  23.782283 29.070
 11     4.291 52617.17811837 30.82  89.667298  23.791410 27.049
 11     4.315 52617.17811902 26.90  89.666478  23.788120 27.049
 11     8.536 52617.17811966 21.69  89.665658  23.784820 27.049
 11     9.111 52617.17812031 24.57  89.664838  23.781530 27.049
 12     8.692 52652.17809375 19.71  89.681409  23.788014 15.168
 12     8.937 52652.17809440 19.14  89.680579  23.784724 15.168
 12     8.739 52652.17809504 26.83  89.679759  23.781424 15.168
 13     3.169 52687.17808901 44.77  89.673998  23.791387 21.307
 13     3.212 52687.17808965 44.97  89.673178  23.788097 21.307
 13     3.103 52687.17809030 42.30  89.672358  23.784797 21.307
 13     8.906 52687.17809094 31.09  89.671538  23.781507 21.307
 14     3.268 52722.17813657 45.47  89.673896  23.793987 11.151
 14     3.138 52722.17813722 46.41  89.673076  23.790687 11.151
 14     2.884 52722.17813786 33.87  89.672256  23.787397 11.151
 14     1.912 52722.17813851 34.41  89.671426  23.784097 11.151
 14     8.288 52722.17813915 34.40  89.670606  23.780807 11.151
 15     5.208 52757.17815992 17.59  89.659381  23.790273 17.093
 15     8.776 52757.17816057 15.62  89.658561  23.786983 17.093
 15     8.796 52757.17816121 17.21  89.657741  23.783683 17.093
 15     7.992 52757.17816186 22.78  89.656921  23.780393 17.093
 17     9.734 52827.17817850 21.70  89.679696  23.791517 20.843
 17     9.975 52827.17817915 26.73  89.678876  23.788217 20.843
 17    10.259 52827.17817979 39.12  89.678056  23.784927 20.843
 17    10.380 52827.17818044 45.80  89.677226  23.781627 20.843
 18     8.889 52862.17822412 26.55  89.680527  23.789970 28.963
 18     9.196 52862.17822477 31.63  89.679707  23.786670 28.963
 18     9.298 52862.17822541 42.47  89.678887  23.783380 28.963
 19     9.343 52897.17825382 23.13  89.670953  23.792470 27.744
 19     9.864 52897.17825446 24.43  89.670133  23.789170 27.744
 19    10.145 52897.17825511 35.05  89.669313  23.785880 27.744
 19    10.266 52897.17825575 45.18  89.668493  23.782580 27.744
 20     8.088 52932.17820081 38.26  89.667836  23.792366 25.390
 20     8.075 52932.17820146 33.81  89.667016  23.789076 25.390
 20     8.229 52932.17820210 34.59  89.666196  23.785776 25.390
 20     9.544 52932.17820274 32.01  89.665376  23.782486 25.390
 21     5.599 52967.17820328 35.11  89.677698  23.792430 20.954
 21     5.735 52967.17820393 36.20  89.676868  23.789140 20.954
 21     5.796 52967.17820457 36.91  89.676048  23.785840 20.954
 21     5.851 52967.17820521 35.37  89.675228  23.782550 20.954
 22     4.312 53002.17823051 30.51  89.665929  23.790505 20.384
 22     4.351 53002.17823115 31.10  89.665109  23.787215 20.384
 22     7.401 53002.17823180 25.57  89.664289  23.783915 20.384
 22     8.626 53002.17823244 23.98  89.663459  23.780625 20.384
 23     3.823 53037.17817946 32.63  89.667412  23.790769 19.753
 23     6.272 53037.17818010 24.00  89.666592  23.787479 19.753
 23     9.208 53037.17818075 22.38  89.665772  23.784179 19.753
 23     9.443 53037.17818139 35.73  89.664952  23.780889 19.753
 24     3.226 53072.17820360 37.59  89.672269  23.792303 24.760
 24     3.026 53072.17820424 34.41  89.671439  23.789013 24.760
 24     3.121 53072.17820489 23.60  89.670619  23.785716 30.328
 24     9.404 53072.17820553 20.18  89.669799  23.782426 30.328
 25     4.716 53107.17818022 21.37  89.666475  23.790561 11.659
 25     6.977 53107.17818087 19.25  89.665655  23.787271 11.659
 25     7.686 53107.17818151 18.69  89.664835  23.783971 11.659
 25     9.483 53107.17818216 19.68  89.664015  23.780681 11.659
 26     5.082 53142.17821171 34.78  89.674742  23.791468 12.454
 26     4.903 53142.17821235 34.63  89.673922  23.788178 12.454
 26     5.024 53142.17821300 46.34  89.673107  23.784880 14.834
 26     8.466 53142.17821364 37.98  89.672277  23.781590 14.834
 28    10.143 53212.17825692 21.47  89.671427  23.792657  4.142
 28    10.439 53212.17825757 20.99  89.670607  23.789357  4.142
 28    10.795 53212.17825821 22.45  89.669787  23.786067  4.142
 28    11.178 53212.17825885 26.87  89.668967  23.782767  4.142
 29     8.811 53247.17822565 23.61  89.672905  23.791432 31.155
 29     9.356 53247.17822629 22.81  89.672085  23.788142 31.155
 29     9.574 53247.17822693 31.84  89.671265  23.784842 31.155
 29     9.667 53247.17822758 40.68  89.670445  23.781552 31.155
 30     8.108 53282.17821368 28.81  89.673291  23.793350 28.959
 30     8.038 53282.17821433 26.24  89.672471  23.790060 28.959
 30     9.133 53282.17821497 24.14  89.671652  23.786763 38.422
 30     9.996 53282.17821562 23.38  89.670832  23.783473 38.422
 30    10.059 53282.17821626 38.22  89.670002  23.780173 38.422
 48     7.150 53912.17820852 22.91  89.668417  23.792803 32.821
 48     7.159 53912.17820917 21.69  89.667597  23.789513 32.821
 48     7.447 53912.17820981 21.45  89.666767  23.786213 32.821
 48     7.683 53912.17821046 28.35  89.665947  23.782923 32.821
 48     8.422 53912.17821110 27.74  89.665125  23.779624 19.694
 56     2.735 54192.17810588 21.55  89.670711  23.790527 23.349
 56     2.983 54192.17810653 23.02  89.669891  23.787237 23.349
 56     3.005 54192.17810717 37.67  89.669071  23.783937 23.349
 56     3.643 54192.17810781 29.61  89.668251  23.780647 23.349
 57     7.139 54227.17815482 14.67  89.673958  23.791407 12.929
 57     6.773 54227.17815546 17.84  89.673138  23.788107 12.929
 57     4.602 54227.17815611 23.58  89.672308  23.784817 12.929
 57     8.189 54227.17815675 29.60  89.671488  23.781517 12.929
 58     7.304 54262.17817380 26.78  89.675343  23.793376 18.199
 58     6.975 54262.17817445 26.66  89.674523  23.790086 18.199
 58     7.076 54262.17817509 26.13  89.673703  23.786786 18.199
 58     9.771 54262.17817574 26.37  89.672873  23.783496 18.199
 59     7.969 54297.17817921 20.54  89.674445  23.791930 30.747
 59     7.921 54297.17817986 19.56  89.673615  23.788640 30.747
 59     9.167 54297.17818050 18.14  89.672795  23.785340 30.747
 59     9.005 54297.17818115 28.96  89.671975  23.782050 30.747
 60     9.456 54332.17816949 24.70  89.674624  23.792447 31.939
 60     9.248 54332.17817014 23.95  89.673804  23.789157 31.939
 60     9.734 54332.17817078 26.44  89.672984  23.785857 31.939
 60    10.041 54332.17817143 35.53  89.672154  23.782567 31.939
 61     9.132 54367.17811107 24.21  89.671782  23.792824 28.331
 61     9.303 54367.17811172 24.03  89.670962  23.789524 28.331
 61     9.786 54367.17811236 25.93  89.670142  23.786234 28.331
 61     9.938 54367.17811301 36.66  89.669322  23.782934 28.331
 62     8.554 54402.17811264 25.54  89.674463  23.791282 26.740
 62     9.313 54402.17811329 21.79  89.673643  23.787992 26.740
 62     9.859 54402.17811393 21.10  89.672823  23.784692 26.740
 62     9.882 54402.17811458 34.94  89.672003  23.781402 26.740
 63     4.987 54437.17806946 39.74  89.671962  23.793443 17.947
 63     5.145 54437.17807010 36.94  89.671142  23.790153 17.947
 63     4.763 54437.17807075 31.36  89.670322  23.786853 17.947
 63     4.695 54437.17807139 29.98  89.669502  23.783563 17.947
 63     9.456 54437.17807204 29.41  89.668682  23.780263 17.947
 64     3.430 54472.17809741 25.28  89.677656  23.791899 19.252
 64     3.477 54472.17809805 43.47  89.676836  23.788609 19.252
 64     3.671 54472.17809870 48.21  89.676016  23.785309 19.252
 64     3.646 54472.17809934 34.75  89.675196  23.782019 19.252
 66     2.996 54542.17811165 46.04  89.675788  23.793427 15.543
 66     3.197 54542.17811230 43.50  89.674968  23.790127 15.543
 66     3.088 54542.17811294 40.06  89.674148  23.786837 15.543
 66     3.002 54542.17811359 38.43  89.673318  23.783537 15.543
 67     6.551 54577.17808340 16.89  89.671436  23.790772 18.381
 67     7.278 54577.17808404 17.99  89.670616  23.787472 18.381
 67     7.800 54577.17808468 18.12  89.669796  23.784182 18.381
 67     9.110 54577.17808533 20.77  89.668974  23.780881 26.299
 68     7.041 54612.17810283 12.95  89.675113  23.793097  5.766
 68     7.469 54612.17810347 13.74  89.674293  23.789797  5.766
 68     8.626 54612.17810412 13.33  89.673463  23.786507  5.766
 68     9.201 54612.17810476 14.00  89.672643  23.783209  5.112
 69     8.709 54647.17810997 27.16  89.674079  23.793922 32.916
 69     8.561 54647.17811061 20.41  89.673249  23.790622 32.916
 69     8.318 54647.17811126 19.42  89.672429  23.787332 32.916
 69     9.001 54647.17811190 20.61  89.671608  23.784034 22.568
 69     9.127 54647.17811255 29.64  89.670788  23.780744 22.568
 70     9.496 54682.17811078 27.05  89.673356  23.792278 26.472
 70     9.016 54682.17811142 24.93  89.672536  23.788978 26.472
 70     9.659 54682.17811206 22.68  89.671716  23.785688 26.472
 70    10.003 54682.17811271 29.22  89.670888  23.782389 33.412
 71    10.183 54717.17805903 28.10  89.672784  23.793215 28.779
 71     9.617 54717.17805968 26.66  89.671964  23.789915 28.779
 71    10.297 54717.17806032 29.44  89.671144  23.786625 28.779
 71    10.389 54717.17806097 28.61  89.670324  23.783325 28.779
 71    10.628 54717.17806161 33.97  89.669504  23.780035 28.779
 72     8.091 54752.17808296 36.99  89.675058  23.793781 29.648
 72     7.979 54752.17808361 38.85  89.674238  23.790491 29.648
 72     7.925 54752.17808425 37.70  89.673424  23.787195 34.609
 72     7.893 54752.17808490 36.51  89.672594  23.783905 34.609
 72     9.803 54752.17808554 37.74  89.671774  23.780605 34.609
 73     5.542 54787.17804973 35.18  89.672138  23.791708 27.305
 73     5.491 54787.17805037 27.41  89.671318  23.788408 27.305
 73     9.144 54787.17805102 23.36  89.670498  23.785118 27.305
 73     9.600 54787.17805166 22.53  89.669674  23.781818 36.698
 74     4.302 54822.17807687 47.16  89.676139  23.792466 19.926
 74     4.157 54822.17807751 33.64  89.675319  23.789176 19.926
 74     4.061 54822.17807816 37.45  89.674505  23.785878 33.587
 74     4.027 54822.17807880 46.83  89.673675  23.782588 33.587
 75     3.323 54857.17804562 31.06  89.673324  23.792017 23.175
 75     3.513 54857.17804627 33.62  89.672504  23.788717 23.175
 75     3.361 54857.17804691 31.02  89.671684  23.785427 23.175
 75     9.452 54857.17804756 26.49  89.670859  23.782129 30.603
 76     2.969 54892.17808055 36.56  89.671919  23.791773 18.905
 76     3.037 54892.17808120 39.02  89.671090  23.788476 28.818
 76     3.054 54892.17808184 47.11  89.670270  23.785186 28.818
 76     2.873 54892.17808249 39.75  89.669450  23.781886 28.818
 77     2.998 54927.17804367 32.87  89.669592  23.791253 17.025
 77     3.016 54927.17804432 38.60  89.668772  23.787953 17.025
 77     2.930 54927.17804496 25.96  89.667952  23.784663 17.025
 77     7.066 54927.17804561 21.33  89.667131  23.781361 19.942
 78     4.083 54962.17807862 34.77  89.674070  23.792764 13.112
 78     4.054 54962.17807927 41.02  89.673240  23.789464 13.112
 78     4.035 54962.17807991 33.12  89.672420  23.786174 13.112
 78     4.018 54962.17808056 20.96  89.671598  23.782875 22.460
 79     5.139 54997.17810022 32.73  89.671528  23.792344 14.827
 79     5.239 54997.17810087 33.55  89.670708  23.789054 14.827
 79     5.083 54997.17810151 36.61  89.669888  23.785757 23.399
 79     5.071 54997.17810216 26.32  89.669068  23.782467 23.399
 80     7.377 55032.17808980 17.52  89.672911  23.791608 24.197
 80     7.251 55032.17809045 15.89  89.672081  23.788318 24.197
 80     7.881 55032.17809109 17.09  89.671262  23.785019 19.946
 80     7.758 55032.17809173 22.31  89.670442  23.781729 19.946
 81     9.724 55067.17807812 25.84  89.674182  23.793659 27.790
 81     9.538 55067.17807876 23.96  89.673362  23.790369 27.790
 81     9.089 55067.17807941 23.90  89.672542  23.787069 27.790
 81     9.670 55067.17808005 23.46  89.671722  23.783779 27.790
 81     9.709 55067.17808070 35.52  89.670896  23.780479 34.476
 82     8.030 55102.17801883 19.49  89.669625  23.792476 33.515
 82     8.000 55102.17801948 19.27  89.668805  23.789186 33.515
 82     8.498 55102.17802012 18.75  89.667985  23.785886 33.515
 82     9.037 55102.17802077 26.07  89.667165  23.782596 33.515
 83     6.400 55137.17802499 44.84  89.675114  23.793252 29.475
 83     6.346 55137.17802564 46.62  89.674294  23.789962 29.475
 83     6.295 55137.17802628 42.69  89.673471  23.786665 32.471
 83     6.174 55137.17802692 36.56  89.672651  23.783375 32.471
 84     4.395 55172.17798663 39.35  89.672498  23.792489 15.934
 84     4.406 55172.17798727 39.88  89.671678  23.789189 15.934
 84     4.348 55172.17798792 32.45  89.670858  23.785899 15.934
 84     4.392 55172.17798856 33.08  89.670034  23.782599 29.328
 85     3.289 55207.17801904 40.39  89.675146  23.792331 19.136
 85     3.236 55207.17801969 37.68  89.674326  23.789041 19.136
 85     3.209 55207.17802033 34.42  89.673503  23.785744 27.344
 85     3.229 55207.17802098 32.87  89.672683  23.782454 27.344
 86     2.874 55242.17799192 30.44  89.670915  23.793297 24.681
 86     2.842 55242.17799256 31.54  89.670095  23.789997 24.681
 86     2.832 55242.17799320 29.53  89.669275  23.786707 24.681
 86     2.778 55242.17799385 28.06  89.668453  23.783408 26.217
 86     2.784 55242.17799449 31.51  89.667633  23.780118 26.217
 87     3.053 55277.17801276 36.32  89.672916  23.792469 21.711
 87     3.085 55277.17801340 34.33  89.672086  23.789179 21.711
 87     2.980 55277.17801405 35.25  89.671267  23.785878 27.592
 87     2.965 55277.17801469 31.60  89.670447  23.782588 27.592
 88     5.674 55312.17797660 28.17  89.672003  23.791576 19.349
 88     5.600 55312.17797725 29.53  89.671183  23.788286 19.349
 88     5.460 55312.17797789 22.17  89.670363  23.784986 19.349
 88     5.599 55312.17797854 20.56  89.669543  23.781696 19.349
 89     8.379 55347.17798266 22.17  89.674619  23.792665 19.599
 89     8.787 55347.17798331 18.98  89.673789  23.789375 19.599
 89     9.242 55347.17798395 19.58  89.672970  23.786077 26.167
 89     9.747 55347.17798459 24.54  89.672150  23.782787 26.167
 90     8.455 55382.17797439 25.21  89.672728  23.791492 33.231
 90     7.854 55382.17797503 21.43  89.671908  23.788202 33.231
 90     7.985 55382.17797567 21.94  89.671081  23.784903 23.719
 90     8.547 55382.17797632 22.88  89.670261  23.781613 23.719
 91     9.037 55417.17800133 47.99  89.676194  23.793556 36.103
 91     9.048 55417.17800198 43.83  89.675364  23.790256 36.103
 91     8.975 55417.17800262 40.52  89.674544  23.786966 36.103
 91     9.097 55417.17800327 37.97  89.673721  23.783667 18.827
 92     9.894 55452.17798394 27.89  89.673773  23.793358 38.595
 92     9.539 55452.17798459 24.89  89.672953  23.790068 38.595
 92     9.416 55452.17798523 22.11  89.672133  23.786768 38.595
 92     9.962 55452.17798588 23.71  89.671313  23.783478 38.595
 92    10.122 55452.17798652 43.02  89.670489  23.780180 33.638
 93     8.223 55487.17790695 25.59  89.672335  23.792663 29.659
 93     8.049 55487.17790759 19.14  89.671515  23.789373 29.659
 93     9.236 55487.17790824 17.90  89.670695  23.786073 29.659
 93     9.628 55487.17790888 20.43  89.669875  23.782783 29.659
