# NaN NaN NaN ;Mean Elev.(m), Avg Gradient(m/km), RMS Gradient(m/km) - SRTM1     
#   69.963  -3.315  10.041 ;Mean Elev.(m), Avg Gradient(m/km), RMS Gradient(m/km) - ASTER GDEM
#   64.155  -3.669  11.872 ;Mean Elev.(m), Avg Gradient(m/km), RMS Gradient(m/km) - GMTED2010 
  9    74.319 52520.67573923 27.36  82.722758  25.159220 12.065
  9    68.613 52520.67573987 23.29  82.721918  25.162520 12.065
  9    68.799 52520.67574052 21.72  82.721088  25.165810 12.065
 10    65.697 52555.67579178 44.99  82.712030  25.165488 19.213
 10    65.893 52555.67579242 43.90  82.711200  25.168778 19.213
 10    66.580 52555.67579307 30.54  82.710360  25.172068 19.213
 11    66.525 52590.67578037 20.99  82.718216  25.161012 13.364
 11    65.838 52590.67578102 22.95  82.717376  25.164312 13.364
 11    66.143 52590.67578166 23.51  82.716546  25.167602 13.364
 11    65.603 52590.67578230 21.99  82.715706  25.170892 13.364
 12    64.264 52625.67570671 38.89  82.728756  25.160682 18.598
 12    63.761 52625.67570736 33.55  82.727926  25.163972 18.598
 15    64.330 52730.67575362 44.47  82.726657  25.159264 16.297
 15    64.193 52730.67575427 36.91  82.725817  25.162554 16.297
 18    66.012 52835.67582685 50.32  82.720825  25.164468 17.133
 18    67.309 52835.67582749 48.29  82.719995  25.167758 17.133
 19    71.413 52870.67586671 38.93  82.724338  25.158549 16.527
 19    71.108 52870.67586735 29.53  82.723498  25.161839 16.527
 19    71.078 52870.67586800 26.98  82.722668  25.165129 16.527
 20    75.662 52905.67586680 21.78  82.722636  25.160829 16.190
 20    74.406 52905.67586744 23.33  82.721806  25.164119 16.190
 20    74.556 52905.67586809 28.08  82.720976  25.167419 16.190
 23    64.932 53010.67585039 47.77  82.715900  25.165893 21.312
 23    64.933 53010.67585104 51.95  82.715060  25.169183 21.312
 26    64.112 53115.67581786 18.83  82.712668  25.163111  9.440
 26    64.613 53115.67581851 22.43  82.711838  25.166401  9.440
 26    63.882 53115.67581915 26.05  82.710998  25.169701  9.440
 26    63.961 53115.67581980 25.21  82.710168  25.172991  9.440
 29    65.180 53220.67588000 25.97  82.721449  25.163813 16.500
 29    65.319 53220.67588065 37.74  82.720619  25.167103 16.500
 39    75.122 53570.67590109 28.31  82.714147  25.167341 13.835
 39    72.627 53570.67590173 25.68  82.713317  25.170631 13.835
 40    72.028 53605.67584704 39.91  82.724209  25.160221 25.616
 40    71.802 53605.67584769 37.69  82.723379  25.163511 25.616
 41    68.745 53640.67584740 48.59  82.715187  25.162400 20.887
 41    68.794 53640.67584804 53.36  82.714357  25.165690 20.887
 41    68.762 53640.67584869 52.07  82.713517  25.168990 20.887
 41    68.819 53640.67584933 51.21  82.712687  25.172280 20.887
 43    65.186 53710.67579592 49.40  82.727782  25.159869 18.459
 43    64.420 53710.67579656 50.39  82.726942  25.163169 18.459
 49    63.639 53920.67585334 23.34  82.710197  25.165636 16.734
 49    63.805 53920.67585399 33.06  82.709367  25.168936 16.734
 49    63.534 53920.67585463 30.77  82.708537  25.172226 16.734
 49    63.742 53920.67585528 22.85  82.707697  25.175516 16.734
 50    69.581 53955.67585107 48.29  82.711586  25.164744 23.314
 50    70.827 53955.67585171 44.30  82.710756  25.168034 23.314
 50    69.610 53955.67585236 38.43  82.709916  25.171324 23.314
 50    69.669 53955.67585300 33.79  82.709086  25.174624 23.314
 51    72.073 53990.67576835 36.02  82.728585  25.159902 16.027
 51    71.895 53990.67576899 33.98  82.727745  25.163202 16.027
 52    65.069 54025.67583458 46.83  82.718942  25.162840 21.154
 52    66.629 54025.67583523 49.86  82.718112  25.166130 21.154
 52    65.105 54025.67583587 43.34  82.717272  25.169420 21.154
 53    65.314 54060.67582694 51.04  82.726791  25.161196 18.738
 53    64.416 54060.67582758 51.23  82.725961  25.164486 18.738
 58    64.186 54235.67578807 20.43  82.721444  25.160084  8.543
 58    64.711 54235.67578872 24.89  82.720615  25.163385 10.507
 58    63.478 54235.67578936 24.64  82.719775  25.166675 10.507
 59    63.749 54270.67580907 44.19  82.721696  25.162013 13.388
 59    63.459 54270.67580971 48.33  82.720856  25.165313 13.388
 60    67.312 54305.67581105 34.88  82.721789  25.159405 18.582
 60    67.721 54305.67581169 39.35  82.720961  25.162697 18.451
 60    67.413 54305.67581234 45.66  82.720121  25.165987 18.451
 61    68.233 54340.67579329 41.36  82.723717  25.159826 19.070
 61    68.211 54340.67579394 45.56  82.722887  25.163126 19.070
 61    68.179 54340.67579458 50.17  82.722054  25.166418 20.068
 62    68.770 54375.67574542 29.21  82.720645  25.159082 24.477
 62    65.772 54375.67574606 44.29  82.719815  25.162382 24.477
 62    66.325 54375.67574671 48.70  82.718975  25.165672 24.477
 62    66.373 54375.67574735 46.20  82.718145  25.168962 24.477
 63    63.910 54410.67574034 51.20  82.720356  25.163150 17.572
 63    65.375 54410.67574099 53.59  82.719516  25.166440 17.572
 64    64.873 54445.67570932 30.93  82.718816  25.160899 13.902
 64    63.678 54445.67570996 48.97  82.717986  25.164189 13.902
 64    64.275 54445.67571061 49.13  82.717156  25.167479 13.902
 65    65.020 54480.67573107 40.31  82.722374  25.160592 24.038
 65    64.185 54480.67573171 48.94  82.721544  25.163882 24.038
 65    64.651 54480.67573236 46.86  82.720714  25.167172 24.038
 69    63.036 54620.67573848 21.51  82.721077  25.159598  8.593
 69    63.202 54620.67573913 21.42  82.720247  25.162888  8.593
 69    63.149 54620.67573977 23.23  82.719407  25.166178  8.593
 70    71.952 54655.67574873 35.01  82.719946  25.159704 17.580
 70    71.538 54655.67574937 29.28  82.719116  25.163004 17.580
 70    71.834 54655.67575002 28.88  82.718286  25.166294 17.580
 70    71.700 54655.67575066 29.07  82.717446  25.169584 17.580
 71    78.602 54690.67573530 27.60  82.720689  25.164635 19.587
 71    75.712 54690.67573594 30.62  82.719859  25.167935 19.587
 72    66.310 54725.67569961 40.82  82.720291  25.159153 15.269
 72    66.894 54725.67570025 42.16  82.719461  25.162443 15.269
 72    66.280 54725.67570090 46.92  82.718621  25.165743 15.269
 72    66.368 54725.67570154 45.97  82.717791  25.169033 15.269
 73    66.777 54760.67571135 50.31  82.719947  25.162898 18.448
 73    65.285 54760.67571199 49.38  82.719107  25.166188 18.448
 74    64.450 54795.67569319 46.41  82.716789  25.163146 15.664
 74    64.315 54795.67569384 40.96  82.715949  25.166436 15.664
 74    64.450 54795.67569448 50.99  82.715119  25.169736 15.664
 75    64.581 54830.67571213 47.15  82.719684  25.165223 13.944
 75    64.205 54830.67571278 49.34  82.718854  25.168513 13.944
 79    64.082 54970.67571258 25.98  82.720735  25.161938  9.597
 79    63.337 54970.67571323 31.20  82.719905  25.165238  9.597
 79    64.091 54970.67571387 23.19  82.719075  25.168528  9.597
 80    63.640 55005.67573252 38.04  82.717713  25.165085 16.298
 80    63.286 55005.67573316 48.67  82.716873  25.168385 16.298
 82    65.277 55075.67570182 50.66  82.721739  25.161965 20.622
 82    65.335 55075.67570246 52.59  82.720909  25.165255 20.622
 83    66.873 55110.67565179 38.13  82.719948  25.159637 12.468
 83    66.456 55110.67565244 36.19  82.719118  25.162937 12.468
 83    66.321 55110.67565308 25.80  82.718278  25.166227 12.468
 83    75.706 55110.67565373 19.65  82.717448  25.169517 12.468
 85    64.003 55180.67563014 45.09  82.717251  25.166563 14.027
 85    64.016 55180.67563078 50.25  82.716411  25.169853 14.027
 91    66.550 55390.67561737 35.42  82.718304  25.161815 12.509
 91    63.401 55390.67561802 34.43  82.717464  25.165105 12.509
 91    62.444 55390.67561866 50.82  82.716634  25.168395 12.509
 92    73.047 55425.67563383 42.68  82.721690  25.160666 19.673
 92    68.699 55425.67563447 42.18  82.720850  25.163956 19.673
 92    68.779 55425.67563512 42.84  82.720020  25.167256 19.673
 93    71.056 55460.67560165 49.48  82.724233  25.159681 19.800
 93    71.005 55460.67560230 46.62  82.723403  25.162971 19.800
 93    71.014 55460.67560294 46.37  82.722563  25.166271 19.800
