-137854.484    11.447     0.00    1.73
-137478.610    11.626     0.48    1.62
-137102.749    11.626     0.00    1.72
-136726.903    11.150    -1.27    1.79
-136351.071    10.722    -1.14    1.80
-135975.253    10.866     0.38    1.87
-135599.450    10.524    -0.91    2.10
-135223.660    10.391    -0.35    2.16
-134847.884     9.353    -2.76    1.91
-134472.123     9.206    -0.39    1.96
-134096.375     9.674     1.24    1.78
-133720.642     9.767     0.25    1.60
-133344.922    10.027     0.69    1.56
-132969.217    10.206     0.48    1.58
-132593.526    10.597     1.04    1.91
-132217.849    10.579    -0.05    2.02
-131842.185    10.555    -0.06    2.14
-131466.536     9.912    -1.71    2.29
-131090.901     8.698    -3.23    2.82
-130715.280     8.541    -0.42    3.10
-130339.673     8.621     0.21    2.83
-129964.080    10.073     3.87    3.21
-129588.502    11.626     4.14    2.67
-129212.937    12.507     2.35    2.10
-128837.386    13.079     1.52    1.45
-128461.849    12.841    -0.63    1.55
-128086.326    12.241    -1.60    2.05
-127710.818    10.960    -3.41    2.71
-127335.323    10.109    -2.27    2.58
-126959.842     9.963    -0.39    2.53
-126584.375    10.280     0.84    2.71
-126208.923    11.391     2.96    2.17
-125833.484    11.980     1.57    1.87
-125458.059    11.994     0.04    1.80
-125082.649    11.436    -1.49    1.98
-124707.252    11.555     0.32    2.10
-124331.869    11.602     0.13    2.03
-123956.500    11.608     0.01    1.96
-123581.145    11.525    -0.22    2.00
-123205.805    11.795     0.72    1.83
-122830.478    11.766    -0.08    1.72
-122455.165    11.222    -1.45    2.13
-122079.866    11.055    -0.44    2.05
-121704.581    10.276    -2.07    2.12
-121329.310     9.954    -0.86    2.10
-120954.053     9.917    -0.10    2.02
-120578.810     9.767    -0.40    2.08
-120203.581    10.377     1.63    1.92
-119828.366    10.616     0.64    2.04
-119453.164    10.704     0.24    1.98
-119077.977    10.972     0.71    1.93
-118702.804    10.719    -0.68    2.09
-118327.644    11.079     0.96    2.06
-117952.499    10.402    -1.81    2.15
-117577.367     9.631    -2.05    2.46
-117202.250     8.507    -3.00    2.13
-116827.146     8.126    -1.02    1.90
-116452.056     8.109    -0.05    1.95
-116076.980     8.055    -0.14    2.44
-115701.918     8.450     1.05    2.51
-115326.870     8.507     0.15    2.54
-114951.836     8.280    -0.61    2.24
-114576.816     9.084     2.15    2.45
-114201.809     9.084     0.00    2.39
-113826.817     9.602     1.38    2.20
-113451.838    10.222     1.65    1.83
-113076.873     9.841    -1.02    1.79
-112701.922     9.650    -0.51    1.74
-112326.985    10.027     1.00    1.93
-111952.062    10.031     0.01    2.31
-111577.153     9.991    -0.11    2.38
-111202.258     9.650    -0.91    2.23
-110827.376     9.328    -0.86    2.01
-110452.509     9.206    -0.33    1.77
-110077.655     9.293     0.23    1.99
-109702.815     9.353     0.16    2.03
-109327.989     9.584     0.62    1.90
-108953.177     9.531    -0.14    1.77
-108578.378     9.548     0.04    1.74
-108203.594     9.182    -0.98    1.68
-107828.823     9.231     0.13    1.50
-107454.066     9.123    -0.29    1.86
-107079.323     8.727    -1.06    1.81
-106704.594     8.559    -0.45    1.88
-106329.878     8.745     0.50    1.88
-105955.177     8.436    -0.83    1.59
-105580.489     8.597     0.43    1.77
-105205.815     8.659     0.17    1.82
-104831.155     8.920     0.70    1.92
-104456.509     9.386     1.25    1.87
-104081.876     9.116    -0.72    1.80
-103707.258     9.222     0.28    2.02
-103332.653     9.102    -0.32    1.98
-102958.061     8.866    -0.63    1.94
-102583.484     8.750    -0.31    1.94
-102208.921     8.367    -1.02    1.74
-101834.371     8.641     0.73    1.71
-101459.835     8.499    -0.38    2.15
-101085.313     8.304    -0.52    1.70
-100710.804     9.007     1.88    2.17
-100336.310     9.276     0.72    2.09
 -99961.829     9.133    -0.38    2.06
 -99587.362     8.548    -1.56    1.93
 -99212.908     7.255    -3.45    1.99
 -98838.469     6.645    -1.63    1.96
 -98464.043     6.698     0.14    1.95
 -98089.631     6.621    -0.20    1.84
 -97715.232     6.938     0.85    1.74
 -97340.848     7.011     0.20    2.08
 -96966.477     7.102     0.24    2.29
 -96592.120     7.079    -0.06    2.26
 -96217.776     6.626    -1.21    2.05
 -95843.447     7.060     1.16    2.01
 -95469.131     7.003    -0.15    1.81
 -95094.828     6.991    -0.03    1.86
 -94720.540     6.841    -0.40    2.09
 -94344.228     7.216     1.00    2.12
 -93967.201     7.621     1.08    2.16
 -93590.188     7.769     0.39    2.35
 -93213.189     7.674    -0.25    2.17
 -92836.204     7.460    -0.57    2.36
 -92459.233     7.559     0.26    2.18
 -92082.275     7.631     0.19    2.39
 -91705.332     7.792     0.43    2.29
 -91328.402     7.399    -1.04    2.05
 -90951.487     7.460     0.16    2.06
 -90574.585     7.025    -1.15    1.81
 -90197.698     7.022    -0.01    1.99
 -89820.824     6.402    -1.65    1.96
 -89443.964     6.222    -0.48    1.96
 -89067.118     6.548     0.87    1.81
 -88690.285     6.630     0.22    1.70
 -88313.467     7.045     1.10    2.18
 -87936.663     7.666     1.65    2.22
 -87559.872     7.674     0.02    2.04
 -87183.095     7.621    -0.14    2.13
 -86806.333     7.969     0.92    2.21
 -86429.584     7.568    -1.06    2.07
 -86052.848     7.379    -0.50    2.17
 -85676.127     7.031    -0.92    2.12
 -85299.420     6.816    -0.57    2.17
 -84922.726     6.591    -0.60    2.07
 -84546.046     6.318    -0.72    1.70
 -84169.381     6.262    -0.15    2.15
 -83792.729     6.255    -0.02    2.54
 -83416.090     6.655     1.06    2.48
 -83039.466     6.670     0.04    2.08
 -82662.855     7.613     2.51    2.48
 -82286.259     7.735     0.32    2.09
 -81909.676     7.579    -0.42    2.10
 -81533.107     7.468    -0.29    2.44
 -81156.551     6.769    -1.86    2.44
 -80780.010     5.817    -2.53    3.13
 -80403.482     5.123    -1.84    3.80
 -80026.969     4.364    -2.01    4.00
 -79650.468     4.507     0.38    4.00
 -79273.982     3.983    -1.39    3.65
 -78897.510     4.126     0.38    2.63
 -78521.051     4.091    -0.09    2.27
 -78144.606     4.328     0.63    2.76
 -77768.175     4.416     0.23    3.04
 -77391.758     5.450     2.75    3.74
 -77015.354     5.792     0.91    4.64
 -76638.965     6.483     1.84    4.04
 -76262.589     7.621     3.02    2.29
 -75886.226     7.650     0.08    1.95
 -75509.878     8.206     1.48    2.69
 -75133.543     7.841    -0.97    2.91
 -74757.222     7.531    -0.82    2.85
 -74380.915     7.515    -0.04    3.01
 -74004.622     7.483    -0.08    2.35
 -73628.342     7.293    -0.51    2.18
 -73252.076     7.716     1.12    2.11
 -72875.824     8.084     0.98    2.22
 -72499.586     7.888    -0.52    2.13
 -72123.361     7.987     0.26    2.21
 -71747.150     7.674    -0.83    1.95
 -71370.953     6.866    -2.15    1.66
 -70994.769     6.889     0.06    1.88
 -70618.599     6.764    -0.33    1.91
 -70242.443     6.698    -0.18    1.98
 -69866.301     6.816     0.31    1.90
 -69490.172     7.007     0.51    2.06
 -69114.057     7.816     2.15    2.07
 -68737.956     7.814    -0.00    2.15
 -68361.868     7.585    -0.61    2.11
 -67985.794     6.792    -2.11    2.36
 -67609.734     6.328    -1.23    2.12
 -67233.688     6.328     0.00    1.83
 -66857.655     6.735     1.08    1.66
 -66481.636     6.727    -0.02    1.67
 -66105.630     6.892     0.44    1.38
 -65729.639     6.531    -0.96    1.76
 -65353.661     6.213    -0.85    2.01
 -64977.696     5.969    -0.65    2.52
 -64601.746     5.591    -1.01    3.13
 -64225.808     5.302    -0.77    4.00
 -63849.885     4.079    -3.25    4.39
 -63473.975     3.031    -2.79    4.56
 -63098.079     1.866    -3.10    3.93
 -62722.197     1.386    -1.28    3.54
 -62346.328     1.446     0.16    3.12
 -61970.473     1.293    -0.41    3.13
 -61594.631     1.555     0.70    3.29
 -61218.803     2.031     1.27    3.03
 -60842.989     1.960    -0.19    3.45
 -60467.189     0.943    -2.70    3.80
 -60091.402    -0.040    -2.62    4.23
 -59715.628    -1.209    -3.11    3.88
 -59339.868    -2.184    -2.59    3.40
 -58964.122    -2.745    -1.49    3.12
 -58588.390    -3.476    -1.95    2.05
 -58212.671    -3.623    -0.39    1.12
 -57836.966    -3.034     1.57    2.33
 -57461.274    -2.842     0.51    2.53
 -57085.596    -1.784     2.82    3.71
 -56709.931    -1.469     0.84    3.74
 -56334.281    -1.794    -0.86    3.68
 -55958.643    -1.764     0.08    4.05
 -55583.020    -2.379    -1.64    3.79
 -55207.409    -2.534    -0.41    4.00
 -54831.813    -2.989    -1.21    2.14
 -54456.230    -2.578     1.09    2.56
 -54080.660    -2.088     1.30    2.61
 -53705.105    -0.993     2.92    2.67
 -53329.562     0.116     2.95    2.35
 -52954.034     1.341     3.26    2.56
 -52578.519     2.399     2.82    2.98
 -52203.017     3.198     2.13    2.77
 -51827.529     4.304     2.95    2.00
 -51452.055     4.328     0.06    2.01
 -51076.594     4.766     1.16    1.31
 -50701.146     4.641    -0.33    1.49
 -50325.712     4.352    -0.77    1.64
 -49950.292     4.158    -0.52    1.56
 -49574.885     3.889    -0.71    1.56
 -49199.492     3.133    -2.01    1.89
 -48824.112     2.738    -1.05    1.94
 -48448.746     2.198    -1.44    2.93
 -48073.394     1.123    -2.86    3.71
 -47698.054     0.102    -2.72    4.01
 -47322.729    -0.802    -2.41    4.21
 -46947.417    -1.257    -1.21    4.13
 -46572.118    -1.857    -1.60    3.92
 -46196.833    -2.738    -2.35    3.18
 -45821.561    -3.250    -1.36    2.69
 -45446.303    -3.259    -0.02    2.76
 -45071.059    -3.493    -0.62    2.88
 -44695.828    -2.207     3.43    4.01
 -44320.610    -1.262     2.52    3.50
 -43945.406    -0.409     2.27    2.86
 -43570.215     0.123     1.42    2.18
 -43195.038    -0.403    -1.40    2.02
 -42819.874    -1.086    -1.82    2.49
 -42444.724    -1.672    -1.56    2.80
 -42069.587    -2.090    -1.11    3.59
 -41694.464    -1.975     0.31    3.90
 -41319.354    -2.484    -1.36    3.89
 -40944.258    -2.540    -0.15    3.88
 -40569.175    -2.745    -0.54    3.71
 -40194.106    -2.612     0.35    3.77
 -39819.050    -2.136     1.27    3.88
 -39444.007    -2.009     0.34    3.85
 -39068.978    -1.809     0.53    3.92
 -38693.962    -1.013     2.12    4.06
 -38318.960    -0.231     2.09    3.94
 -37943.971     0.597     2.21    3.41
 -37568.996     1.126     1.41    2.92
 -37194.034     1.555     1.14    2.59
 -36819.085     1.133    -1.12    2.19
 -36444.150     0.602    -1.42    2.68
 -36069.228    -0.135    -1.97    2.85
 -35694.320    -1.111    -2.60    3.38
 -35319.425    -1.867    -2.02    3.74
 -34944.544    -2.720    -2.28    4.14
 -34569.676    -3.784    -2.84    3.91
 -34194.821    -4.350    -1.51    3.56
 -33819.980    -4.724    -1.00    3.53
 -33445.152    -4.326     1.06    3.80
 -33070.338    -3.898     1.14    3.76
 -32695.536    -2.945     2.54    3.67
 -32320.749    -2.778     0.44    3.10
 -31945.974    -2.817    -0.10    2.96
 -31571.213    -3.455    -1.70    2.89
 -31196.466    -3.934    -1.28    2.47
 -30821.732    -3.625     0.83    2.38
 -30447.011    -2.350     3.40    3.38
 -30072.303    -1.647     1.88    3.21
 -29697.609    -1.864    -0.58    2.73
 -29322.929    -2.903    -2.77    3.48
 -28948.261    -4.379    -3.94    3.37
 -28573.607    -5.379    -2.67    2.98
 -28198.966    -6.037    -1.76    2.50
 -27824.339    -6.043    -0.02    2.28
 -27449.725    -5.475     1.52    3.15
 -27075.124    -4.959     1.38    3.31
 -26700.537    -3.874     2.90    3.61
 -26325.963    -2.964     2.43    3.85
 -25951.402    -2.135     2.21    3.80
 -25576.855    -1.184     2.54    3.39
 -25202.321    -0.309     2.34    3.21
 -24827.800    -0.234     0.20    3.23
 -24453.293     0.055     0.77    2.92
 -24078.799     0.245     0.51    2.82
 -23704.318    -0.066    -0.83    3.24
 -23329.851    -0.231    -0.44    3.26
 -22955.397     0.222     1.21    3.15
 -22580.956     0.304     0.22    2.98
 -22206.528     0.353     0.13    2.56
 -21832.114     0.621     0.72    2.84
 -21457.713     1.084     1.24    2.87
 -21083.325     1.621     1.43    2.74
 -20708.951     1.531    -0.24    2.61
 -20334.590     1.364    -0.45    1.50
 -19960.242     0.888    -1.27    1.72
 -19585.907     0.353    -1.43    1.85
 -19209.085    -0.302    -1.74    2.27
 -18832.100    -0.745    -1.17    2.52
 -18455.130    -0.857    -0.30    2.73
 -18078.172    -1.398    -1.43    2.52
 -17701.228    -2.080    -1.81    2.57
 -17324.298    -3.159    -2.86    2.87
 -16947.381    -4.306    -3.04    2.89
 -16570.477    -4.445    -0.37    3.27
 -16193.587    -5.111    -1.77    3.02
 -15816.711    -5.502    -1.04    3.19
 -15439.847    -5.955    -1.20    2.77
 -15062.998    -6.234    -0.74    2.59
 -14686.161    -5.741     1.31    2.40
 -14309.338    -5.517     0.60    2.43
 -13932.529    -6.031    -1.37    2.28
 -13555.733    -6.046    -0.04    2.84
 -13178.950    -6.390    -0.91    3.02
 -12802.181    -6.696    -0.81    2.89
 -12425.425    -6.501     0.52    3.28
 -12048.683    -6.698    -0.52    3.18
 -11671.953    -6.819    -0.32    3.06
 -11295.238    -6.791     0.07    2.86
 -10918.536    -7.159    -0.98    2.39
 -10541.847    -7.281    -0.32    2.27
 -10165.171    -7.696    -1.10    1.69
  -9788.509    -7.718    -0.06    1.72
  -9411.861    -7.870    -0.40    1.29
  -9035.226    -7.934    -0.17    1.14
  -8658.604    -6.969     2.56    3.16
  -8281.995    -6.135     2.21    3.84
  -7905.400    -4.707     3.79    4.49
  -7528.818    -3.083     4.31    4.68
  -7152.250    -1.428     4.39    4.43
  -6775.695    -0.059     3.63    3.49
  -6399.153     1.031     2.90    2.20
  -6022.625     1.231     0.53    1.45
  -5646.110     1.102    -0.34    1.40
  -5269.609     1.548     1.18    1.35
  -4893.120     1.291    -0.68    1.41
  -4516.645     1.255    -0.09    1.45
  -4140.184     1.150    -0.28    1.35
  -3763.736     1.499     0.93    1.61
  -3387.301     1.341    -0.42    1.80
  -3010.879     0.966    -1.00    2.33
  -2634.471    -0.134    -2.92    2.68
  -2258.076    -2.345    -5.87    3.66
  -1881.695    -4.257    -5.08    3.71
  -1505.326    -6.257    -5.31    3.05
  -1128.971    -7.720    -3.89    1.43
   -752.630    -5.984     4.61    4.23
   -376.301    -2.852     8.32    5.46
      0.014     0.198     8.10    4.86
    376.315     2.767     6.83    2.16
    752.604     2.889     0.32    2.30
   1128.879     3.231     0.91    2.31
   1505.141     3.683     1.20    1.94
   1881.389     4.120     1.16    2.60
   2257.624     3.738    -1.01    2.95
   2633.846     3.499    -0.63    2.92
   3010.055     2.650    -2.26    2.63
   3386.250     1.892    -2.02    2.64
   3762.432     1.704    -0.50    2.58
   4138.601     0.994    -1.89    2.28
   4514.757     1.174     0.48    2.40
   4890.899     2.126     2.53    2.69
   5267.028     2.266     0.37    2.54
   5643.144     2.931     1.77    2.37
   6019.247     3.262     0.88    2.61
   6395.336     2.983    -0.74    2.73
   6771.412     2.841    -0.38    2.59
   7147.475     3.007     0.44    2.36
   7523.524     2.794    -0.57    2.05
   7899.561     2.584    -0.56    1.67
   8275.584     2.722     0.37    2.17
   8651.594     2.475    -0.66    2.37
   9027.590     2.745     0.72    2.61
   9403.574     2.579    -0.44    2.70
   9779.544     2.491    -0.23    2.27
  10155.501     2.293    -0.53    2.25
  10531.445     2.141    -0.41    1.84
  10907.375     2.450     0.82    1.74
  11283.292     2.328    -0.32    2.05
  11659.197     2.353     0.06    2.27
  12035.087     1.841    -1.36    2.63
  12410.965     0.864    -2.60    2.71
  12786.830    -0.403    -3.37    2.24
  13162.681    -1.476    -2.86    1.44
  13538.519    -1.469     0.02    1.73
  13914.344    -1.345     0.33    1.89
  14290.156    -1.231     0.30    2.30
  14665.955    -1.501    -0.72    1.92
  15041.740    -1.959    -1.22    1.44
  15417.512    -2.109    -0.40    1.04
  15793.271    -2.135    -0.07    1.01
  16169.017    -1.867     0.71    1.25
  16544.750    -1.696     0.45    1.36
  16920.469    -1.062     1.69    2.03
  17296.176    -0.501     1.49    2.73
  17671.869    -0.134     0.98    2.86
  18047.549     0.222     0.95    2.74
  18423.216     0.402     0.48    2.91
  18798.870     0.555     0.41    2.64
  19174.511     0.719     0.44    2.69
  19550.138     1.104     1.03    2.99
  19925.753     1.522     1.11    2.92
  20301.354     1.341    -0.48    2.97
  20676.942     0.987    -0.94    2.73
  21052.517     0.036    -2.53    2.99
  21428.079    -0.262    -0.79    3.08
  21803.628    -0.137     0.33    3.11
  22179.164     0.200     0.90    2.82
  22554.686     0.475     0.73    2.56
  22930.196     1.091     1.64    2.42
  23305.692     1.491     1.07    2.27
  23681.175     2.091     1.60    2.04
  24056.645     2.525     1.16    1.90
  24432.102     2.548     0.06    1.87
  24807.546     2.412    -0.36    2.10
  25182.977     2.158    -0.68    1.98
  25558.395     2.007    -0.40    1.94
  25933.800     2.200     0.51    2.19
  26309.191     2.126    -0.20    1.80
  26684.570     2.158     0.08    1.84
  27059.935     2.109    -0.13    1.91
  27435.288     1.548    -1.49    1.68
  27810.627     1.591     0.11    1.58
  28185.953     1.216    -1.00    1.31
  28561.266     1.666     1.20    2.06
  28936.567     2.084     1.12    2.53
  29311.854     2.602     1.38    2.82
  29687.128     2.555    -0.13    2.60
  30062.389     2.269    -0.76    2.28
  30437.637     1.745    -1.40    2.25
  30812.871     0.963    -2.09    1.94
  31188.093     1.011     0.13    1.97
  31563.302     0.816    -0.52    1.98
  31938.498     0.450    -0.98    1.76
  32313.681     0.133    -0.85    1.71
  32688.850     0.055    -0.21    1.37
  33064.007     0.316     0.69    1.45
  33439.151     1.102     2.10    2.19
  33814.281     0.379    -1.93    3.66
  34189.399    -0.826    -3.21    4.38
  34564.504    -1.257    -1.15    4.36
  34939.595    -1.183     0.20    3.87
  35314.674     0.102     3.43    3.08
  35689.740     1.156     2.81    2.14
  36064.792     0.863    -0.78    2.10
  36439.832     0.741    -0.33    2.09
  36814.859     0.910     0.45    1.86
  37189.872     0.722    -0.50    1.93
  37564.873     0.559    -0.43    2.05
  37939.861     0.204    -0.94    2.20
  38314.835    -0.595    -2.13    2.16
  38689.797    -0.584     0.03    2.04
  39064.746     0.231     2.17    2.33
  39439.682     0.499     0.72    2.32
  39814.604     0.050    -1.20    1.91
  40189.514    -0.317    -0.98    1.95
  40564.411    -0.509    -0.51    1.83
  40939.295    -1.040    -1.42    1.67
  41314.166    -1.306    -0.71    1.30
  41689.024    -1.017     0.77    1.30
  42063.869    -0.559     1.22    2.20
  42438.702     0.516     2.87    2.49
  42813.521     1.266     2.00    2.29
  43188.327     1.499     0.62    2.22
  43563.120     1.602     0.28    1.94
  43937.901     1.499    -0.28    2.13
  44312.668     1.174    -0.87    2.17
  44687.423     1.158    -0.04    2.23
  45062.164    -0.057    -3.24    2.34
  45436.893    -0.818    -2.03    1.91
  45811.609    -0.842    -0.07    1.77
  46186.312    -0.794     0.13    1.61
  46561.002    -0.281     1.37    1.52
  46935.679     0.182     1.24    1.54
  47310.343     0.104    -0.21    1.61
  47684.994    -0.207    -0.83    1.68
  48059.633    -0.031     0.47    2.08
  48434.258    -0.403    -0.99    1.97
  48808.871    -0.659    -0.68    2.14
  49183.471    -0.309     0.93    2.09
  49558.057    -0.694    -1.03    1.71
  49932.631    -1.054    -0.96    1.90
  50307.192    -0.880     0.46    1.65
  50681.741    -1.037    -0.42    2.16
  51056.276    -1.017     0.06    2.21
  51430.798    -1.064    -0.13    2.00
  51805.308    -0.980     0.22    2.00
  52179.805    -0.898     0.22    2.13
  52554.288    -1.211    -0.84    2.10
  52928.759    -1.623    -1.10    1.85
  53303.218    -2.330    -1.89    1.94
  53677.663    -2.916    -1.56    1.84
  54052.095    -3.257    -0.91    1.93
  54426.515    -3.684    -1.14    2.34
  54800.922    -3.509     0.47    2.14
  55175.316    -3.334     0.47    2.24
  55550.052    -3.278     0.15    1.89
  55927.012    -3.355    -0.20    1.54
  56303.960    -3.326     0.08    1.31
  56680.894    -3.476    -0.40    1.19
  57057.815    -3.759    -0.75    1.41
  57434.723    -3.940    -0.48    1.33
  57811.618    -4.208    -0.71    1.66
  58188.500    -3.945     0.70    1.84
  58565.370    -3.945     0.00    1.68
  58942.226    -3.534     1.09    1.66
  59319.069    -2.859     1.79    1.47
  59695.899    -2.484     1.00    1.56
  60072.716    -1.867     1.64    1.52
  60449.521    -1.233     1.68    1.29
  60826.312    -1.111     0.32    1.53
  61203.090    -1.159    -0.13    1.50
  61579.855    -0.057     2.93    3.03
  61956.608     0.572     1.67    3.26
  62333.347     1.182     1.62    2.88
  62710.073     1.126    -0.15    2.67
  63086.787    -0.159    -3.41    1.98
  63463.487    -0.980    -2.18    1.99
  63840.175    -1.773    -2.11    1.98
  64216.849    -2.257    -1.28    1.91
  64593.511    -2.501    -0.65    1.92
  64970.160    -2.525    -0.06    2.43
  65346.796    -2.923    -1.05    2.52
  65723.418    -3.114    -0.51    1.95
  66100.028    -3.259    -0.39    1.92
  66476.625    -3.088     0.46    1.69
  66853.209    -1.525     4.15    2.83
  67229.780    -0.467     2.81    3.12
  67606.338     0.022     1.30    2.71
  67982.884     0.046     0.06    2.99
  68359.416    -0.434    -1.28    3.04
  68735.935     0.377     2.16    3.56
  69112.442     1.200     2.18    3.84
  69488.936     1.538     0.90    3.45
  69865.416     1.656     0.31    3.11
  70241.884     1.216    -1.17    2.97
  70618.339     0.011    -3.20    2.79
  70994.781    -0.452    -1.23    2.55
  71371.210    -0.159     0.78    2.93
  71747.626     0.183     0.91    2.74
  72124.030     0.266     0.22    2.93
  72500.420    -0.409    -1.79    3.03
  72876.798    -1.574    -3.09    2.98
  73253.162    -2.916    -3.56    2.57
  73629.514    -3.859    -2.51    1.65
  74005.853    -3.834     0.07    1.61
  74382.179    -3.459     1.00    2.11
  74758.493    -2.302     3.07    2.80
  75134.793    -1.037     3.36    2.68
  75511.081     0.293     3.54    2.59
  75887.355     0.182    -0.29    2.63
  76263.617    -0.609    -2.10    2.67
  76639.866    -0.609     0.00    2.76
  77016.102    -0.184     1.13    2.76
  77392.326     0.524     1.88    2.34
  77768.536     0.182    -0.91    2.49
  78144.734    -1.062    -3.31    2.83
  78520.919    -3.257    -5.83    2.73
  78897.091    -4.698    -3.83    2.05
  79273.250    -5.302    -1.61    1.77
  79649.396    -5.598    -0.79    1.32
  80025.530    -5.826    -0.61    1.00
  80401.650    -5.959    -0.35    0.99
  80777.758    -6.028    -0.18    0.81
  81153.853    -5.909     0.31    0.94
  81529.936    -5.891     0.05    0.92
  81906.005    -5.842     0.13    1.11
  82282.062    -6.013    -0.45    1.39
  82658.106    -5.929     0.22    1.22
  83034.137    -5.887     0.11    1.28
  83410.155    -5.749     0.37    1.63
  83786.161    -5.062     1.83    1.97
  84162.153    -3.916     3.05    2.36
  84538.133    -3.595     0.85    2.46
  84914.101    -3.978    -1.02    2.34
  85290.055    -4.595    -1.64    2.17
  85665.997    -5.428    -2.21    1.50
  86041.925    -6.111    -1.82    1.50
  86417.842    -5.696     1.10    2.03
  86793.745    -3.694     5.32    3.49
  87169.635    -2.028     4.43    3.47
  87545.513    -0.759     3.37    2.82
  87921.378    -0.159     1.60    2.32
  88297.231    -1.330    -3.11    2.60
  88673.070    -2.183    -2.27    2.63
  89048.897    -2.544    -0.96    2.77
  89424.711    -1.934     1.62    2.98
  89800.513    -0.493     3.84    2.90
  90176.301    -0.136     0.95    2.78
  90552.077     0.670     2.14    2.74
  90927.840     0.938     0.71    2.65
  91303.591     1.036     0.26    2.50
  91679.329     0.866    -0.45    2.54
  92055.054     0.645    -0.59    2.33
  92430.766     0.507    -0.37    2.32
  92806.466     0.426    -0.22    2.43
  93182.152     0.597     0.45    2.60
  93557.827     0.255    -0.91    2.05
  93933.488     0.491     0.63    1.87
  94309.137    -0.108    -1.59    2.55
  94684.773    -2.017    -5.08    2.80
  95060.396    -3.842    -4.86    3.08
  95436.007    -5.281    -3.83    2.34
  95811.605    -5.809    -1.41    2.07
  96187.190    -6.344    -1.42    1.52
  96562.763    -6.671    -0.87    0.98
  96938.323    -6.954    -0.75    0.89
  97313.870    -6.842     0.30    0.93
  97689.405    -6.959    -0.31    0.99
  98064.927    -7.083    -0.33    1.09
  98440.436    -7.137    -0.14    1.00
  98815.933    -6.980     0.42    0.91
  99191.417    -6.842     0.37    0.99
  99566.888    -6.550     0.78    0.97
  99942.347    -6.330     0.58    1.14
 100317.793    -6.296     0.09    1.09
 100693.226    -6.212     0.22    1.21
 101068.647    -6.421    -0.56    1.47
 101444.055    -6.398     0.06    1.65
 101819.451    -6.525    -0.34    1.68
 102194.833    -6.476     0.13    1.68
 102570.204    -6.544    -0.18    1.33
 102945.561    -5.818     1.93    1.78
 103320.906    -5.484     0.89    1.97
 103696.238    -5.428     0.15    2.03
 104071.558    -5.403     0.06    2.08
 104446.865    -5.598    -0.52    2.18
 104822.160    -6.234    -1.69    2.37
 105197.442    -6.159     0.20    2.79
 105572.711    -6.184    -0.06    2.70
 105947.968    -6.017     0.45    2.56
 106323.212    -5.534     1.28    2.41
 106698.443    -5.445     0.24    1.98
 107073.662    -5.959    -1.37    1.45
 107448.868    -6.452    -1.31    1.05
 107824.062    -6.509    -0.15    1.12
 108199.243    -6.525    -0.04    1.07
 108574.412    -6.484     0.11    0.92
 108949.568    -6.355     0.35    0.93
 109324.711    -6.302     0.14    1.32
 109699.842    -5.493     2.16    2.14
 110074.960    -4.302     3.17    2.69
 110450.066    -3.493     2.16    2.74
 110825.159    -3.517    -0.06    2.45
 111200.239    -3.374     0.38    2.35
 111575.307    -3.734    -0.96    2.12
 111950.363    -3.764    -0.08    2.33
 112325.406    -3.528     0.63    2.45
 112700.436    -3.299     0.61    2.58
 113075.454    -3.134     0.44    2.58
 113450.459    -3.707    -1.53    2.54
 113825.452    -4.207    -1.33    2.12
 114200.432    -4.416    -0.56    1.94
 114575.400    -4.850    -1.16    1.79
 114950.355    -4.724     0.34    1.70
 115325.297    -4.598     0.33    1.66
 115700.227    -4.809    -0.56    1.72
 116075.145    -4.769     0.11    1.74
 116450.050    -5.013    -0.65    1.74
 116824.943    -4.934     0.21    1.98
 117199.823    -4.598     0.90    1.98
 117574.690    -4.534     0.17    2.19
 117949.545    -4.398     0.37    2.30
 118324.388    -4.659    -0.70    2.03
 118699.218    -5.588    -2.48    1.85
 119074.035    -5.891    -0.81    1.83
 119448.840    -6.262    -0.99    1.39
 119823.633    -6.309    -0.13    1.44
 120198.413    -6.359    -0.13    1.71
 120573.180    -6.501    -0.38    1.49
 120947.935    -6.452     0.13    1.44
 121322.678    -6.379     0.20    1.54
 121697.408    -6.550    -0.46    1.59
 122072.126    -6.493     0.15    1.80
 122446.831    -6.555    -0.17    1.75
 122821.524    -6.355     0.53    1.98
 123196.204    -6.428    -0.20    1.82
 123570.872    -6.428     0.00    1.69
 123945.527    -6.607    -0.48    1.69
 124320.170    -6.478     0.34    1.65
 124694.800    -6.159     0.85    1.36
 125069.418    -5.964     0.52    1.05
 125444.024    -6.037    -0.20    0.90
 125818.617    -5.980     0.15    0.88
 126193.198    -6.182    -0.54    1.21
 126567.766    -6.317    -0.36    1.35
 126942.322    -6.434    -0.31    1.41
 127316.865    -6.720    -0.76    1.21
 127691.396    -6.598     0.33    1.10
 128065.915    -6.350     0.66    1.29
 128440.421    -5.980     0.99    1.34
 128814.915    -5.745     0.63    1.48
 129189.396    -5.775    -0.08    1.65
 129563.865    -5.598     0.47    2.04
 129938.321    -5.891    -0.78    2.11
 130312.765    -5.598     0.78    2.06
 130688.064    -5.550     0.13    1.95
 131064.979    -5.634    -0.22    1.72
 131441.882    -5.984    -0.93    1.74
 131818.772    -6.588    -1.60    1.73
 132195.650    -7.062    -1.26    1.46
 132572.515    -7.086    -0.06    1.29
 132949.367    -6.452     1.68    1.63
 133326.207    -6.013     1.16    1.59
 133703.035    -5.852     0.43    1.62
 134079.850    -6.183    -0.88    1.79
 134456.652    -6.598    -1.10    1.40
 134833.442    -6.374     0.60    1.24
 135210.219    -6.509    -0.36    1.21
 135586.984    -6.528    -0.05    1.42
 135963.736    -6.694    -0.44    1.50
 136340.476    -7.062    -0.98    1.26
 136717.203    -7.208    -0.39    1.02
 137093.917    -6.818     1.04    0.79
 137470.619    -6.712     0.28    0.86
 137847.309    -6.682     0.08    0.88
 138223.986    -6.659     0.06    0.85
 138600.651    -6.672    -0.03    0.93
 138977.303    -6.769    -0.26    1.16
 139353.942    -6.749     0.05    1.45
 139730.569    -6.887    -0.37    1.63
 140107.184    -7.083    -0.52    1.80
 140483.786    -7.009     0.19    1.76
 140860.375    -7.159    -0.40    1.64
 141236.952    -7.006     0.41    1.95
 141613.517    -7.113    -0.29    1.96
 141990.069    -7.212    -0.26    1.83
 142366.608    -7.309    -0.26    1.59
 142743.136    -7.501    -0.51    1.37
 143119.650    -7.550    -0.13    1.22
 143496.152    -7.794    -0.65    1.28
 143872.642    -7.423     0.99    1.46
 144249.119    -6.959     1.23    1.60
 144625.584    -6.709     0.66    1.63
 145002.036    -6.184     1.40    1.35
 145378.476    -6.306    -0.32    1.11
 145754.904    -6.159     0.39    0.99
 146131.319    -5.980     0.48    1.02
 146507.721    -5.909     0.19    1.08
 146884.111    -5.818     0.24    1.22
 147260.489    -5.818     0.00    1.13
 147636.854    -5.683     0.36    1.13
 148013.207    -5.574     0.29    1.05
 148389.547    -5.584    -0.03    1.08
 148765.875    -5.509     0.20    1.29
 149142.190    -5.409     0.27    1.28
 149518.493    -5.647    -0.63    1.23
 149894.784    -5.647     0.00    1.21
 150271.062    -5.989    -0.91    1.22
 150647.328    -6.184    -0.52    1.37
 151023.581    -6.467    -0.75    1.47
 151399.822    -6.476    -0.02    1.57
 151776.051    -6.086     1.04    1.49
 152152.267    -5.720     0.97    1.57
 152528.471    -5.564     0.42    1.53
 152904.662    -5.659    -0.25    1.45
 153280.841    -5.591     0.18    1.34
 153657.008    -5.842    -0.67    1.29
 154033.162    -5.934    -0.24    1.27
 154409.304    -6.233    -0.79    1.17
 154785.433    -6.396    -0.44    1.00
 155161.550    -6.741    -0.92    1.24
 155537.655    -6.734     0.02    1.26
 155913.747    -6.778    -0.12    1.19
 156289.827    -6.659     0.32    1.31
 156665.895    -6.441     0.58    1.21
 157041.950    -6.207     0.62    1.15
 157417.993    -6.236    -0.08    1.22
 157794.023    -6.086     0.40    1.17
 158170.041    -6.501    -1.10    1.56
 158546.047    -7.034    -1.42    1.54
 158922.041    -7.208    -0.46    1.48
 159298.022    -7.344    -0.36    1.45
 159673.990    -6.867     1.27    1.52
 160049.947    -6.834     0.09    1.42
 160425.891    -6.720     0.30    1.30
 160801.823    -6.759    -0.10    1.15
 161177.742    -6.964    -0.54    1.14
 161553.649    -6.745     0.58    1.40
 161929.544    -6.501     0.65    1.49
 162305.426    -6.434     0.18    1.36
 162681.297    -6.159     0.73    1.33
 163057.154    -6.208    -0.13    1.45
 163433.000    -6.306    -0.26    1.44
 163808.833    -6.236     0.18    1.51
 164184.654    -6.434    -0.53    1.40
 164560.463    -6.109     0.86    1.74
 164936.259    -6.111    -0.00    1.70
 165312.043    -5.916     0.52    1.62
 165687.815    -6.034    -0.32    1.49
 166063.574    -6.207    -0.46    1.48
 166439.321    -6.339    -0.35    1.54
 166815.056    -6.696    -0.95    1.50
 167190.779    -6.525     0.45    1.70
 167566.489    -5.959     1.51    1.95
 167942.187    -5.159     2.13    2.19
 168317.873    -4.791     0.98    2.14
 168693.546    -5.299    -1.35    2.17
 169069.208    -5.884    -1.56    2.08
 169444.857    -6.398    -1.37    1.75
 169820.493    -6.612    -0.57    1.53
 170196.118    -7.134    -1.39    1.33
 170571.730    -7.612    -1.27    1.45
 170947.330    -7.903    -0.78    1.35
 171322.918    -8.064    -0.43    1.38
 171698.493    -8.525    -1.23    1.11
 172074.056    -8.709    -0.49    0.96
 172449.607    -8.898    -0.50    0.73
 172825.146    -8.934    -0.10    0.70
 173200.673    -8.891     0.12    0.67
 173576.187    -8.784     0.28    0.77
 173951.689    -8.574     0.56    1.14
 174327.179    -8.634    -0.16    1.09
 174702.656    -8.745    -0.29    1.02
 175078.122    -8.989    -0.65    0.67
 175453.575    -8.826     0.43    0.79
 175829.016    -8.784     0.11    0.70
 176204.445    -8.636     0.40    0.83
 176579.861    -8.525     0.29    0.97
 176955.266    -8.672    -0.39    0.90
 177330.658    -8.534     0.37    0.93
 177706.038    -8.259     0.73    1.17
 178081.406    -8.159     0.27    1.26
 178456.761    -8.184    -0.07    1.31
 178832.105    -7.755     1.14    1.78
 179207.436    -7.108     1.72    2.20
 179582.755    -5.540     4.18    2.53
 179958.062    -4.313     3.27    1.65
 180333.356    -4.017     0.79    1.47
 180708.639    -4.135    -0.32    1.54
 181083.909    -4.359    -0.60    1.29
 181459.167    -4.398    -0.10    1.45
 181834.413    -4.133     0.70    1.73
 182209.647    -4.231    -0.26    1.55
 182584.869    -3.984     0.66    1.60
 182960.078    -4.136    -0.40    1.39
 183335.276    -4.064     0.19    1.25
 183710.461    -4.134    -0.19    1.20
 184085.634    -3.969     0.44    1.13
 184460.795    -4.108    -0.37    1.23
 184835.944    -4.062     0.12    1.20
 185211.081    -3.534     1.41    1.67
 185586.205    -3.309     0.60    1.90
 185961.318    -3.208     0.27    1.86
 186336.418    -3.159     0.13    1.78
 186711.506    -3.379    -0.59    1.97
 187086.582    -3.584    -0.55    2.38
 187461.646    -3.755    -0.45    2.57
 187836.698    -4.084    -0.88    2.80
 188211.738    -4.183    -0.26    2.71
 188586.765    -4.379    -0.52    2.33
 188961.781    -3.934     1.19    2.01
 189336.784    -3.434     1.33    1.06
 189711.775    -3.384     0.13    1.10
 190086.755    -3.647    -0.70    1.38
 190461.722    -4.088    -1.18    1.42
 190836.677    -4.672    -1.56    1.63
 191211.620    -5.278    -1.62    2.03
 191586.550    -6.057    -2.08    2.20
 191961.469    -6.916    -2.29    2.43
 192336.376    -7.281    -0.98    3.02
 192711.270    -6.634     1.73    4.28
 193086.153    -4.659     5.27    5.07
 193461.023    -2.423     5.97    4.92
 193835.882    -1.508     2.44    3.70
 194210.728    -2.359    -2.27    3.30
 194585.562    -3.921    -4.17    3.82
 194960.384    -6.445    -6.73    3.02
 195335.195    -7.493    -2.79    2.46
 195709.993    -7.683    -0.51    2.46
 196084.779    -6.877     2.15    2.75
 196459.553    -6.379     1.33    2.80
 196834.315    -5.984     1.05    2.71
 197209.065    -5.306     1.81    2.76
 197583.802    -5.769    -1.24    2.77
 197958.528    -6.184    -1.11    2.83
 198333.242    -6.842    -1.76    2.81
 198707.944    -7.584    -1.98    2.38
 199082.634    -7.755    -0.45    2.21
 199457.311    -7.659     0.25    2.32
 199831.977    -7.612     0.13    2.45
 200206.631    -7.084     1.41    2.84
 200581.272    -6.238     2.26    3.37
 200955.902    -5.159     2.88    3.88
 201330.520    -3.609     4.14    3.97
 201705.125    -2.794     2.18    3.95
 202079.719    -1.818     2.60    3.07
 202454.301    -1.109     1.89    1.41
 202828.870    -2.421    -3.50    3.05
 203203.428    -4.698    -6.08    3.89
 203577.974    -6.864    -5.78    3.43
 203952.507    -7.647    -2.09    2.80
 204327.029    -6.859     2.10    2.91
 204701.539    -5.525     3.56    2.61
 205076.036    -4.396     3.01    1.57
 205450.522    -4.438    -0.11    1.24
 205826.352    -4.709    -0.72    1.26
 206203.231    -5.062    -0.94    1.50
 206580.098    -6.159    -2.91    2.15
 206956.953    -7.313    -3.06    2.03
 207333.796    -8.159    -2.25    1.82
 207710.627    -7.800     0.95    3.21
 208087.446    -5.964     4.87    4.45
 208464.253    -4.306     4.40    4.44
 208841.047    -3.634     1.78    4.08
 209217.829    -4.231    -1.58    4.11
 209594.600    -5.826    -4.23    3.92
 209971.358    -7.623    -4.77    2.96
 210348.104    -8.309    -1.82    2.02
 210724.838    -7.281     2.73    2.69
 211101.560    -6.184     2.91    2.70
 211478.270    -4.826     3.61    2.16
 211854.968    -4.434     1.04    1.40
 212231.653    -5.326    -2.37    2.14
 212608.327    -6.476    -3.05    2.47
 212984.988    -7.598    -2.98    2.35
 213361.638    -8.086    -1.29    2.27
 213738.275    -8.467    -1.01    2.02
 214114.900    -8.009     1.22    2.51
 214491.513    -8.037    -0.07    2.49
 214868.114    -8.281    -0.65    2.25
 215244.704    -8.084     0.52    2.23
 215621.281    -8.034     0.13    2.49
 215997.845    -7.423     1.62    2.97
 216374.398    -7.281     0.37    2.93
 216750.939    -7.306    -0.06    2.87
 217127.468    -7.452    -0.39    2.72
 217503.985    -7.609    -0.42    2.62
 217880.489    -7.712    -0.27    2.64
 218256.982    -8.398    -1.82    2.06
 218633.463    -8.647    -0.66    1.73
 219009.931    -8.734    -0.23    1.53
 219386.388    -9.159    -1.13    0.00
 219762.832    -9.159     0.00    0.00
 220139.265    -9.159     0.00    0.00
 220515.685    -8.980     0.48    1.12
 220892.094    -8.550     1.14    1.90
 221268.490    -7.784     2.03    2.83
 221644.875    -7.684     0.27    2.74
 222021.247    -7.648     0.10    2.57
 222397.608    -7.949    -0.80    2.24
 222773.956    -8.609    -1.75    1.45
 223150.293    -8.794    -0.49    1.34
 223526.617    -8.720     0.19    1.29
 223902.929    -8.184     1.43    1.86
 224279.230    -8.441    -0.68    1.50
 224655.518    -8.484    -0.11    1.58
 225031.795    -8.709    -0.60    1.20
 225408.059    -8.940    -0.61    0.94
 225784.312    -8.964    -0.06    0.75
 226160.552    -9.159    -0.52    0.00
 226536.781    -9.159     0.00    0.00
 226912.997    -9.159     0.00    0.00
 227289.202    -9.159     0.00    0.00
 227665.395    -9.159     0.00    0.00
 228041.575    -9.159     0.00    0.00
 228417.744    -9.159     0.00    0.00
 228793.901    -9.159     0.00    0.00
 229170.046    -9.159     0.00    0.00
 229546.179    -9.159     0.00    0.00
 229922.300    -9.159     0.00    0.00
 230298.409    -9.159     0.00    0.00
 230674.506    -9.159     0.00    0.00
 231050.591    -9.159     0.00    0.00
 231426.664    -9.159     0.00    0.00
 231802.725    -9.159     0.00    0.00
 232178.774    -9.159     0.00    0.00
 232554.812    -9.159     0.00    0.00
 232930.837    -9.159     0.00    0.00
 233306.851    -9.159     0.00    0.00
 233682.853    -9.159     0.00    0.00
 234058.842    -9.159     0.00    0.00
 234434.820    -9.159     0.00    0.00
 234810.786    -9.159     0.00    0.00
 235186.740    -9.159     0.00    0.00
 235562.682    -9.159     0.00    0.00
 235938.612    -9.159     0.00    0.00
 236314.530    -9.159     0.00    0.00
 236690.437    -9.159     0.00    0.00
 237066.331    -9.159     0.00    0.00
 237442.214    -9.159     0.00    0.00
 237818.085    -9.159     0.00    0.00
 238193.944    -9.159     0.00    0.00
 238569.791    -9.159     0.00    0.00
 238945.626    -9.159     0.00    0.00
 239321.449    -9.159     0.00    0.00
 239697.260    -9.159     0.00    0.00
 240073.060    -9.159     0.00    0.00
 240448.847    -9.159     0.00    0.00
 240824.623    -9.159     0.00    0.00
 241200.387    -9.159     0.00    0.00
 241576.139    -9.159     0.00    0.00
 241951.879    -9.159     0.00    0.00
 242327.608    -9.159     0.00    0.00
 242703.324    -9.159     0.00    0.00
 243079.029    -9.159     0.00    0.00
 243454.722    -9.159     0.00    0.00
 243830.403    -9.159     0.00    0.00
 244206.072    -9.159     0.00    0.00
 244581.729    -9.159     0.00    0.00
 244957.375    -9.159     0.00    0.00
 245333.008    -9.159     0.00    0.00
 245708.630    -9.159     0.00    0.00
 246084.240    -9.159     0.00    0.00
 246459.838    -9.159     0.00    0.00
 246835.425    -9.159     0.00    0.00
 247210.999    -9.159     0.00    0.00
 247586.562    -9.159     0.00    0.00
 247962.113    -9.159     0.00    0.00
 248337.652    -9.159     0.00    0.00
 248713.179    -9.159     0.00    0.00
 249088.695    -9.159     0.00    0.00
 249464.199    -9.159     0.00    0.00
 249839.691    -9.159     0.00    0.00
 250215.171    -9.159     0.00    0.00
 250590.639    -9.159     0.00    0.00
 250966.096    -9.159     0.00    0.00
 251341.541    -9.159     0.00    0.00
 251716.974    -9.159     0.00    0.00
 252092.395    -9.159     0.00    0.00
 252467.805    -9.159     0.00    0.00
 252843.202    -9.159     0.00    0.00
 253218.588    -9.159     0.00    0.00
 253593.962    -9.159     0.00    0.00
 253969.325    -9.159     0.00    0.00
 254344.676    -9.159     0.00    0.00
 254720.015    -9.159     0.00    0.00
 255095.342    -9.159     0.00    0.00
 255470.657    -9.159     0.00    0.00
 255845.961    -9.159     0.00    0.00
 256221.253    -9.159     0.00    0.00
 256596.533    -9.159     0.00    0.00
 256971.802    -9.159     0.00    0.00
 257347.058    -9.159     0.00    0.00
 257722.303    -9.159     0.00    0.00
 258097.537    -9.159     0.00    0.00
 258472.758    -9.159     0.00    0.00
 258847.968    -9.159     0.00    0.00
 259223.166    -9.159     0.00    0.00
 259598.353    -9.159     0.00    0.00
 259973.527    -9.159     0.00    0.00
 260348.690    -9.159     0.00    0.00
 260723.842    -9.159     0.00    0.00
 261098.981    -9.159     0.00    0.00
 261474.109    -9.159     0.00    0.00
 261849.225    -9.159     0.00    0.00
 262224.330    -9.159     0.00    0.00
 262599.423    -9.159     0.00    0.00
 262974.504    -9.159     0.00    0.00
 263349.573    -9.159     0.00    0.00
 263724.631    -9.159     0.00    0.00
 264099.677    -9.159     0.00    0.00
 264474.711    -9.159     0.00    0.00
 264849.734    -9.159     0.00    0.00
 265224.745    -9.159     0.00    0.00
 265599.745    -9.159     0.00    0.00
 265974.732    -9.159     0.00    0.00
 266349.708    -9.159     0.00    0.00
 266724.673    -9.159     0.00    0.00
 267099.625    -9.159     0.00    0.00
 267474.566    -9.159     0.00    0.00
 267849.496    -9.159     0.00    0.00
 268224.414    -9.159     0.00    0.00
 268599.320    -9.159     0.00    0.00
 268974.214    -9.159     0.00    0.00
 269349.097    -9.159     0.00    0.00
 269723.968    -9.159     0.00    0.00
 270098.828    -9.159     0.00    0.00
 270473.676    -9.159     0.00    0.00
 270848.512    -9.159     0.00    0.00
 271223.337    -9.159     0.00    0.00
 271598.150    -9.159     0.00    0.00
 271972.951    -9.159     0.00    0.00
 272347.741    -9.159     0.00    0.00
 272722.519    -9.159     0.00    0.00
 273097.286    -9.159     0.00    0.00
 273472.041    -9.159     0.00    0.00
 273846.784    -9.159     0.00    0.00
 274221.516    -9.159     0.00    0.00
 274596.236    -9.159     0.00    0.00
 274970.945    -9.159     0.00    0.00
 275345.642    -9.159     0.00    0.00
 275720.327    -9.159     0.00    0.00
 276095.001    -9.159     0.00    0.00
 276469.663    -9.159     0.00    0.00
 276844.314    -9.159     0.00    0.00
 277218.953    -9.159     0.00    0.00
 277593.580    -9.159     0.00    0.00
 277968.196    -9.159     0.00    0.00
 278342.801    -9.159     0.00    0.00
 278717.393    -9.159     0.00    0.00
 279091.975    -9.159     0.00    0.00
 279466.544    -9.159     0.00    0.00
 279841.102    -9.159     0.00    0.00
 280215.649    -9.159     0.00    0.00
 280590.184    -9.159     0.00    0.00
 280966.526    -9.159     0.00    0.00
 281343.364    -9.159     0.00    0.00
 281720.191    -9.159     0.00    0.00
 282097.006    -9.159     0.00    0.00
 282473.810    -9.159     0.00    0.00
 282850.602    -9.159     0.00    0.00
 283227.382    -9.159     0.00    0.00
 283604.150    -9.159     0.00    0.00
 283980.907    -9.159     0.00    0.00
 284357.652    -9.159     0.00    0.00
 284734.385    -9.159     0.00    0.00
 285111.107    -9.159     0.00    0.00
 285487.817    -9.159     0.00    0.00
 285864.516    -9.159     0.00    0.00
 286241.202    -9.159     0.00    0.00
 286617.877    -9.159     0.00    0.00
 286994.541    -9.159     0.00    0.00
 287371.193    -9.159     0.00    0.00
 287747.833    -9.159     0.00    0.00
 288124.461    -9.159     0.00    0.00
 288501.078    -9.159     0.00    0.00
 288877.683    -9.159     0.00    0.00
 289254.277    -9.159     0.00    0.00
 289630.858    -9.159     0.00    0.00
 290007.429    -9.159     0.00    0.00
 290383.987    -9.159     0.00    0.00
 290760.534    -9.159     0.00    0.00
 291137.070    -9.159     0.00    0.00
 291513.593    -9.159     0.00    0.00
 291890.106    -9.159     0.00    0.00
 292266.606    -9.159     0.00    0.00
 292643.095    -9.159     0.00    0.00
 293019.572    -9.159     0.00    0.00
 293396.038    -9.159     0.00    0.00
 293772.492    -9.159     0.00    0.00
 294148.935    -9.159     0.00    0.00
 294525.365    -9.159     0.00    0.00
 294901.785    -9.159     0.00    0.00
 295278.192    -9.159     0.00    0.00
 295654.588    -9.159     0.00    0.00
 296030.973    -9.159     0.00    0.00
 296407.346    -9.159     0.00    0.00
 296783.707    -9.159     0.00    0.00
 297160.057    -9.159     0.00    0.00
 297536.395    -9.159     0.00    0.00
 297912.722    -9.159     0.00    0.00
 298289.037    -9.159     0.00    0.00
 298665.340    -9.159     0.00    0.00
 299041.632    -9.159     0.00    0.00
 299417.912    -9.159     0.00    0.00
 299794.181    -9.159     0.00    0.00
 300170.438    -9.159     0.00    0.00
 300546.684    -9.159     0.00    0.00
 300922.918    -9.159     0.00    0.00
 301299.141    -9.159     0.00    0.00
 301675.352    -9.159     0.00    0.00
 302051.551    -9.159     0.00    0.00
 302427.739    -9.159     0.00    0.00
 302803.916    -9.159     0.00    0.00
 303180.081    -9.159     0.00    0.00
 303556.234    -9.159     0.00    0.00
 303932.376    -9.159     0.00    0.00
 304308.506    -9.159     0.00    0.00
 304684.625    -9.159     0.00    0.00
 305060.732    -9.159     0.00    0.00
 305436.828    -9.159     0.00    0.00
 305812.912    -9.159     0.00    0.00
 306188.985    -9.159     0.00    0.00
 306565.046    -9.159     0.00    0.00
 306941.096    -9.159     0.00    0.00
 307317.134    -9.159     0.00    0.00
 307693.160    -9.159     0.00    0.00
 308069.176    -9.159     0.00    0.00
 308445.179    -9.159     0.00    0.00
 308821.172    -9.159     0.00    0.00
 309197.152    -9.159     0.00    0.00
 309573.122    -9.159     0.00    0.00
 309949.079    -9.159     0.00    0.00
 310325.026    -9.159     0.00    0.00
 310700.960    -9.159     0.00    0.00
 311076.884    -9.159     0.00    0.00
 311452.796    -9.159     0.00    0.00
 311828.696    -9.159     0.00    0.00
 312204.585    -9.159     0.00    0.00
 312580.462    -9.159     0.00    0.00
 312956.328    -9.159     0.00    0.00
 313332.183    -9.159     0.00    0.00
 313708.026    -9.159     0.00    0.00
 314083.858    -9.159     0.00    0.00
 314459.678    -9.159     0.00    0.00
 314835.487    -9.159     0.00    0.00
 315211.284    -9.159     0.00    0.00
 315587.070    -9.159     0.00    0.00
 315962.844    -9.159     0.00    0.00
 316338.607    -9.159     0.00    0.00
 316714.359    -9.159     0.00    0.00
 317090.099    -9.159     0.00    0.00
