-218083.635    27.431     0.00    1.91
-217708.935    27.699     0.72    2.14
-217334.250    28.135     1.16    2.12
-216959.580    28.175     0.11    2.27
-216584.925    28.199     0.06    2.11
-216210.284    27.368    -2.22    2.41
-215835.658    26.322    -2.79    2.20
-215461.047    25.949    -0.99    1.93
-215086.450    25.601    -0.93    1.74
-214711.869    25.937     0.90    1.82
-214337.301    26.168     0.62    1.86
-213962.749    26.461     0.78    1.64
-213588.211    26.580     0.32    1.63
-213213.688    25.890    -1.84    2.04
-212839.179    24.778    -2.97    3.04
-212464.686    24.199    -1.55    3.06
-212090.206    24.046    -0.41    2.84
-211715.742    24.913     2.32    2.77
-211341.292    26.217     3.48    1.89
-210966.857    26.461     0.65    2.13
-210592.436    26.876     1.11    2.13
-210218.030    26.961     0.23    1.93
-209843.639    26.827    -0.36    1.88
-209469.262    26.386    -1.18    1.93
-209094.900    26.597     0.56    1.86
-208720.553    26.666     0.18    2.30
-208346.220    26.438    -0.61    2.35
-207971.902    26.699     0.70    2.29
-207597.599    26.322    -1.01    2.18
-207223.310    26.461     0.37    1.94
-206849.036    26.566     0.28    1.81
-206474.776    27.143     1.54    1.91
-206100.531    27.538     1.06    1.53
-205726.301    27.318    -0.59    1.69
-205352.085    27.032    -0.76    1.89
-204977.883    27.061     0.08    2.09
-204603.697    27.461     1.07    1.99
-204227.594    27.751     0.77    1.86
-203850.492    27.740    -0.03    1.64
-203473.404    27.880     0.37    1.83
-203096.332    27.842    -0.10    1.87
-202719.274    27.711    -0.35    2.16
-202342.231    27.224    -1.29    2.34
-201965.203    26.787    -1.16    1.91
-201588.189    26.694    -0.25    1.86
-201211.191    26.890     0.52    1.64
-200834.207    27.903     2.69    2.04
-200457.238    28.307     1.07    2.06
-200080.284    27.984    -0.86    2.41
-199703.345    27.583    -1.06    2.32
-199326.420    26.794    -2.09    1.91
-198949.510    26.509    -0.76    1.48
-198572.615    26.561     0.14    1.43
-198195.735    26.916     0.94    1.44
-197818.870    26.486    -1.14    1.87
-197442.019    25.913    -1.52    1.94
-197065.183    25.556    -0.95    1.86
-196688.362    26.071     1.37    2.25
-196311.556    26.601     1.41    2.07
-195934.764    26.861     0.69    1.89
-195557.987    26.652    -0.56    1.88
-195181.225    26.182    -1.25    1.33
-194804.477    26.266     0.22    1.17
-194427.745    25.818    -1.19    2.03
-194051.027    24.998    -2.18    2.65
-193674.324    23.961    -2.75    2.84
-193297.635    23.559    -1.07    2.82
-192920.962    24.032     1.26    2.32
-192544.303    24.705     1.79    2.11
-192167.658    25.827     2.98    2.47
-191791.029    26.242     1.10    2.37
-191414.414    26.510     0.71    2.13
-191037.814    26.556     0.12    1.61
-190661.228    26.294    -0.70    1.78
-190284.657    26.056    -0.63    1.80
-189908.101    25.675    -1.01    1.97
-189531.560    25.717     0.11    1.84
-189155.033    26.046     0.88    1.92
-188778.521    26.318     0.72    1.86
-188402.024    25.771    -1.45    2.11
-188025.541    25.484    -0.76    2.13
-187649.073    25.112    -0.99    1.91
-187272.620    25.046    -0.17    1.95
-186896.182    25.536     1.30    1.82
-186519.758    25.339    -0.52    1.76
-186143.348    25.135    -0.54    1.89
-185766.954    25.298     0.43    2.27
-185390.574    25.318     0.05    2.25
-185014.208    25.104    -0.57    2.09
-184637.858    25.461     0.95    1.95
-184261.522    25.294    -0.44    1.54
-183885.200    24.913    -1.01    1.74
-183508.894    24.604    -0.82    1.83
-183132.601    24.413    -0.51    1.85
-182756.324    24.510     0.26    1.70
-182380.061    24.036    -1.26    1.89
-182003.813    23.876    -0.43    1.82
-181627.579    23.186    -1.83    2.01
-181251.360    22.699    -1.29    1.92
-180875.156    22.556    -0.38    1.90
-180498.966    22.580     0.06    1.95
-180122.791    22.985     1.08    2.07
-179746.630    23.923     2.49    2.22
-179370.484    24.182     0.69    1.97
-178994.353    23.729    -1.20    2.00
-178618.236    23.577    -0.40    1.72
-178242.134    23.032    -1.45    1.38
-177866.046    22.777    -0.68    1.40
-177489.973    22.711    -0.17    1.33
-177113.915    22.583    -0.34    1.29
-176737.871    22.607     0.06    1.33
-176361.841    22.628     0.05    1.29
-175985.827    22.948     0.85    1.55
-175609.826    23.075     0.34    1.60
-175233.841    22.794    -0.75    1.64
-174857.870    23.009     0.57    1.52
-174481.913    23.019     0.03    1.53
-174105.971    23.339     0.85    1.52
-173730.044    23.416     0.20    1.43
-173354.131    23.856     1.17    1.37
-172978.232    23.734    -0.32    1.60
-172602.348    23.842     0.29    1.43
-172226.479    23.461    -1.01    1.56
-171850.624    23.275    -0.50    1.61
-171474.784    22.871    -1.07    1.39
-171098.958    22.529    -0.91    1.66
-170723.147    22.358    -0.45    1.83
-170347.350    22.345    -0.04    1.76
-169971.568    22.437     0.24    1.75
-169595.800    22.487     0.13    1.48
-169220.047    22.666     0.48    1.58
-168844.308    22.856     0.51    1.50
-168468.584    22.583    -0.73    1.55
-168092.875    21.937    -1.72    1.25
-167717.179    22.290     0.94    1.75
-167341.499    23.097     2.15    2.18
-166965.832    23.794     1.86    2.23
-166590.180    23.937     0.38    2.00
-166214.543    23.509    -1.14    2.14
-165838.920    22.437    -2.85    1.99
-165463.312    22.032    -1.08    1.76
-165087.718    21.961    -0.19    1.60
-164712.138    21.266    -1.85    1.90
-164336.573    21.161    -0.28    2.00
-163961.023    20.803    -0.95    1.98
-163585.487    19.998    -2.14    1.63
-163209.965    20.032     0.09    1.52
-162834.458    19.778    -0.68    1.47
-162458.965    19.628    -0.40    1.70
-162083.487    19.271    -0.95    1.66
-161708.023    19.485     0.57    1.46
-161332.573    19.604     0.32    1.37
-160957.138    19.787     0.49    1.39
-160581.718    20.275     1.30    1.65
-160206.311    20.699     1.13    1.61
-159830.919    20.586    -0.30    1.49
-159455.542    20.339    -0.66    1.63
-159080.179    19.856    -1.29    1.59
-158704.830    19.866     0.03    1.61
-158329.496    20.318     1.21    1.76
-157954.176    21.056     1.97    1.73
-157578.871    21.315     0.69    1.56
-157203.580    21.286    -0.08    1.53
-156828.303    21.534     0.66    1.51
-156453.041    21.754     0.59    1.69
-156077.793    21.890     0.36    1.84
-155702.560    21.723    -0.44    1.89
-155327.341    21.556    -0.44    1.59
-154952.136    21.390    -0.44    1.54
-154576.945    21.179    -0.56    1.70
-154201.769    21.159    -0.05    1.92
-153826.608    21.193     0.09    2.31
-153451.460    20.880    -0.83    2.46
-153076.327    20.242    -1.70    2.23
-152701.209    19.724    -1.38    2.01
-152326.104    19.325    -1.07    1.64
-151951.014    19.936     1.63    1.81
-151575.939    20.318     1.02    2.01
-151200.878    20.461     0.38    1.88
-150825.831    20.769     0.82    1.92
-150450.798    20.643    -0.34    1.90
-150075.780    20.666     0.06    1.78
-149700.776    21.318     1.74    1.54
-149325.786    21.461     0.38    1.56
-148950.811    21.128    -0.89    1.92
-148575.850    20.552    -1.54    1.94
-148200.903    20.358    -0.52    2.15
-147825.970    20.438     0.21    2.15
-147451.052    20.607     0.45    2.49
-147076.148    20.413    -0.52    2.68
-146701.259    20.842     1.14    2.84
-146326.384    20.661    -0.48    2.93
-145951.523    20.484    -0.47    3.01
-145576.676    20.711     0.60    2.76
-145201.843    20.242    -1.25    2.51
-144827.025    20.628     1.03    2.61
-144452.221    20.949     0.86    2.13
-144077.432    21.104     0.41    2.37
-143702.656    21.193     0.24    2.77
-143327.895    20.761    -1.15    2.68
-142953.149    20.461    -0.80    2.41
-142578.416    20.019    -1.18    2.38
-142203.698    20.009    -0.03    1.99
-141828.994    20.252     0.65    1.90
-141454.304    20.628     1.00    1.99
-141079.628    20.461    -0.44    2.11
-140704.967    20.510     0.13    2.18
-140330.320    20.509    -0.00    2.13
-139955.687    20.818     0.83    2.25
-139581.068    21.089     0.72    2.04
-139206.464    20.876    -0.57    2.00
-138831.873    21.066     0.51    2.00
-138457.297    20.778    -0.77    2.18
-138082.736    20.890     0.30    2.10
-137708.188    20.911     0.06    1.93
-137333.655    21.032     0.32    1.89
-136959.135    20.632    -1.07    2.14
-136584.630    20.056    -1.54    1.98
-136210.140    19.876    -0.48    1.90
-135835.663    19.514    -0.97    1.90
-135461.200    20.007     1.32    2.20
-135086.752    19.974    -0.09    2.33
-134712.318    19.193    -2.09    2.42
-134337.898    19.252     0.16    1.95
-133963.493    19.436     0.49    1.93
-133589.101    19.143    -0.78    1.84
-133214.724    19.743     1.60    1.61
-132840.360    19.461    -0.75    1.61
-132466.011    19.412    -0.13    2.07
-132091.677    19.205    -0.55    2.41
-131717.356    19.080    -0.33    2.23
-131343.049    19.333     0.68    2.10
-130968.757    18.757    -1.54    2.33
-130594.479    18.666    -0.24    2.48
-130220.214    18.390    -0.74    2.57
-129845.964    18.851     1.23    2.34
-129471.728    19.339     1.30    2.18
-129095.128    20.052     1.89    2.09
-128718.068    20.329     0.74    1.99
-128341.023    20.729     1.06    1.67
-127963.992    21.056     0.87    1.56
-127586.975    20.656    -1.06    1.45
-127209.973    20.740     0.22    1.47
-126832.985    20.794     0.14    1.74
-126456.011    20.390    -1.07    1.83
-126079.052    19.880    -1.35    1.65
-125702.107    19.534    -0.92    1.37
-125325.176    19.652     0.31    1.35
-124948.259    19.761     0.29    1.59
-124571.357    19.652    -0.29    1.69
-124194.469    19.632    -0.05    1.84
-123817.596    19.366    -0.71    2.05
-123440.737    19.095    -0.72    1.77
-123063.892    19.046    -0.13    1.86
-122687.061    18.681    -0.97    1.74
-122310.245    18.363    -0.84    1.48
-121933.443    18.485     0.32    1.30
-121556.655    18.509     0.06    1.51
-121179.882    18.604     0.25    1.70
-120803.123    18.485    -0.32    1.92
-120426.378    18.345    -0.37    1.95
-120049.647    18.120    -0.60    2.02
-119672.931    18.120     0.00    1.73
-119296.229    18.699     1.54    1.53
-118919.541    18.624    -0.20    1.51
-118542.868    18.413    -0.56    1.56
-118166.209    17.771    -1.71    1.37
-117789.564    17.803     0.08    1.65
-117412.933    17.827     0.06    1.37
-117036.316    18.032     0.55    1.61
-116659.714    17.924    -0.29    1.90
-116283.126    17.580    -0.91    1.94
-115906.552    17.046    -1.42    1.80
-115529.993    16.936    -0.29    1.77
-115153.447    16.787    -0.40    1.55
-114776.916    16.937     0.40    1.27
-114400.399    16.778    -0.42    1.29
-114023.897    16.794     0.04    1.41
-113647.408    16.836     0.11    1.71
-113270.934    16.911     0.20    1.91
-112894.474    16.937     0.07    1.77
-112518.028    17.217     0.74    1.58
-112141.597    17.437     0.58    1.75
-111765.179    17.242    -0.52    1.52
-111388.776    17.511     0.72    1.65
-111012.387    17.322    -0.50    1.77
-110636.012    17.384     0.17    1.60
-110259.652    17.747     0.96    1.66
-109883.305    17.556    -0.51    1.56
-109506.973    17.485    -0.19    1.44
-109130.655    17.345    -0.37    1.28
-108754.351    17.102    -0.65    1.14
-108378.061    17.120     0.05    1.20
-108001.786    16.913    -0.55    1.40
-107625.524    16.675    -0.63    1.49
-107249.277    16.903     0.60    1.45
-106873.044    16.514    -1.03    1.49
-106496.825    16.370    -0.38    1.46
-106120.620    16.336    -0.09    1.38
-105744.429    16.205    -0.35    1.53
-105368.253    15.937    -0.71    1.61
-104992.090    16.230     0.78    1.78
-104615.942    16.052    -0.47    1.70
-104239.808    15.897    -0.41    1.55
-103863.688    15.754    -0.38    1.50
-103487.582    15.729    -0.06    1.69
-103111.490    15.811     0.22    1.93
-102735.412    15.711    -0.27    2.02
-102359.349    15.672    -0.10    2.11
-101983.299    15.388    -0.75    1.94
-101607.264    15.652     0.70    1.86
-101231.243    15.559    -0.25    1.50
-100855.236    15.302    -0.68    1.10
-100479.243    15.230    -0.19    1.65
-100103.264    15.247     0.04    1.70
 -99727.299    15.056    -0.51    1.71
 -99351.348    15.056     0.00    1.78
 -98975.411    15.175     0.32    1.64
 -98599.489    15.411     0.63    1.84
 -98223.580    15.559     0.39    1.73
 -97847.686    15.886     0.87    1.92
 -97471.805    16.032     0.39    1.93
 -97095.939    15.461    -1.52    1.45
 -96720.087    15.318    -0.38    1.42
 -96344.248    15.071    -0.66    1.18
 -95968.424    15.223     0.40    1.49
 -95592.614    15.632     1.09    1.80
 -95216.818    15.699     0.18    1.64
 -94841.036    16.199     1.33    1.95
 -94465.268    16.066    -0.36    1.83
 -94089.514    16.080     0.04    1.86
 -93713.774    15.681    -1.06    2.03
 -93338.048    15.286    -1.05    1.85
 -92962.337    14.876    -1.09    2.13
 -92586.639    14.175    -1.86    2.24
 -92210.955    14.071    -0.28    2.64
 -91835.285    13.913    -0.42    2.46
 -91459.629    13.842    -0.19    2.24
 -91083.988    14.071     0.61    1.64
 -90708.360    13.827    -0.65    1.64
 -90332.746    13.485    -0.91    1.79
 -89957.146    13.632     0.39    2.05
 -89581.560    13.095    -1.43    1.96
 -89205.989    13.266     0.45    1.85
 -88830.431    13.686     1.12    1.78
 -88454.887    13.484    -0.54    1.97
 -88079.357    13.000    -1.29    1.92
 -87703.841    12.583    -1.11    2.09
 -87328.340    12.413    -0.45    2.09
 -86952.852    12.536     0.33    1.90
 -86577.378    12.666     0.35    1.71
 -86201.918    12.641    -0.07    1.75
 -85826.472    12.757     0.31    1.75
 -85451.040    12.771     0.04    1.88
 -85075.622    12.842     0.19    1.58
 -84700.218    13.415     1.53    2.02
 -84324.827    13.751     0.90    1.89
 -83949.451    13.688    -0.17    1.93
 -83574.089    13.736     0.13    2.28
 -83198.741    13.391    -0.92    2.23
 -82823.406    12.913    -1.27    2.09
 -82448.086    12.461    -1.21    2.37
 -82072.779    12.575     0.30    2.29
 -81697.486    13.066     1.31    2.11
 -81322.208    13.339     0.73    2.12
 -80946.943    13.794     1.21    2.40
 -80571.692    13.876     0.22    2.01
 -80196.455    13.893     0.05    1.63
 -79821.232    13.589    -0.81    2.02
 -79446.023    13.080    -1.36    2.33
 -79070.828    12.961    -0.32    2.41
 -78695.646    13.071     0.29    2.07
 -78320.479    12.681    -1.04    2.01
 -77945.325    12.986     0.81    2.12
 -77570.186    12.949    -0.10    2.28
 -77195.060    12.580    -0.98    2.30
 -76819.948    12.368    -0.57    2.30
 -76444.850    11.771    -1.59    2.37
 -76069.766    11.556    -0.57    2.34
 -75694.695    11.461    -0.25    2.35
 -75319.639    11.818     0.95    2.14
 -74944.596    11.998     0.48    1.96
 -74569.568    11.961    -0.10    1.96
 -74194.553    11.729    -0.62    1.88
 -73819.552    11.681    -0.13    1.88
 -73444.565    11.388    -0.78    1.66
 -73069.591    11.559     0.46    1.85
 -72694.632    11.461    -0.26    2.06
 -72319.686    11.390    -0.19    2.13
 -71944.755    10.897    -1.31    1.70
 -71569.837    10.604    -0.78    1.76
 -71194.933    11.120     1.38    1.71
 -70820.042    10.890    -0.61    1.98
 -70445.166    10.851    -0.10    1.88
 -70070.303    10.698    -0.41    1.97
 -69695.454    10.984     0.76    2.02
 -69320.619    11.051     0.18    2.19
 -68945.798    10.998    -0.14    2.03
 -68570.991    11.461     1.24    2.40
 -68196.197    11.153    -0.82    2.24
 -67821.417    10.688    -1.24    2.04
 -67446.651    10.435    -0.67    1.97
 -67071.899    10.532     0.26    1.77
 -66697.161    10.532     0.00    1.81
 -66322.436    10.842     0.83    1.96
 -65947.725    10.643    -0.53    2.45
 -65573.028    10.307    -0.90    2.33
 -65198.345    10.847     1.44    2.40
 -64823.675    11.011     0.44    2.34
 -64449.020    10.842    -0.45    2.52
 -64074.378    10.461    -1.02    2.45
 -63699.750    10.411    -0.13    2.14
 -63325.135    10.368    -0.11    2.02
 -62950.534    10.786     1.12    1.99
 -62575.948    11.111     0.87    2.12
 -62201.374    10.937    -0.46    2.25
 -61826.815    10.339    -1.60    2.49
 -61452.269     9.604    -1.96    2.25
 -61077.737     9.009    -1.59    1.94
 -60703.219     8.561    -1.20    1.74
 -60328.715     8.811     0.67    1.63
 -59954.224     8.342    -1.25    1.63
 -59579.747     8.437     0.25    1.63
 -59205.283     8.318    -0.32    1.60
 -58830.834     8.461     0.38    1.93
 -58456.398     8.509     0.13    1.85
 -58081.976     8.876     0.98    1.90
 -57707.567     8.509    -0.98    1.87
 -57333.173     8.534     0.07    1.68
 -56958.792     8.632     0.26    1.70
 -56584.424     8.315    -0.85    1.64
 -56210.071     8.104    -0.56    1.64
 -55835.731     7.851    -0.67    1.43
 -55461.404     7.556    -0.79    1.79
 -55087.092     7.025    -1.42    1.71
 -54712.793     6.973    -0.14    1.68
 -54338.458     6.632    -0.91    1.66
 -53961.428     6.717     0.23    1.42
 -53584.412     6.699    -0.05    1.32
 -53207.409     6.882     0.49    1.35
 -52830.421     6.711    -0.45    1.30
 -52453.447     6.485    -0.60    1.60
 -52076.486     6.556     0.19    1.57
 -51699.539     7.144     1.56    2.48
 -51322.607     7.961     2.17    3.06
 -50945.688     7.984     0.06    3.02
 -50568.783     7.911    -0.19    3.02
 -50191.891     6.949    -2.55    2.62
 -49815.014     5.924    -2.72    1.36
 -49438.150     5.923    -0.00    1.35
 -49061.301     5.961     0.10    1.23
 -48684.465     5.846    -0.31    1.18
 -48307.643     6.217     0.99    1.32
 -47930.835     7.290     2.85    2.44
 -47554.040     8.036     1.98    2.46
 -47177.260     8.143     0.28    2.50
 -46800.493     7.645    -1.32    2.23
 -46423.740     7.046    -1.59    1.99
 -46047.001     6.866    -0.48    1.85
 -45670.276     6.778    -0.23    1.88
 -45293.565     6.688    -0.24    1.68
 -44916.867     6.487    -0.53    1.33
 -44540.183     6.532     0.12    1.50
 -44163.513     6.996     1.23    2.23
 -43786.857     7.388     1.04    2.33
 -43410.215     7.913     1.40    2.13
 -43033.586     7.666    -0.66    1.66
 -42656.971     7.842     0.47    1.95
 -42280.370     8.271     1.14    2.04
 -41903.783     8.390     0.32    2.04
 -41527.210     7.998    -1.04    2.11
 -41150.650     8.161     0.43    2.54
 -40774.104     8.754     1.57    2.89
 -40397.572     8.986     0.62    3.19
 -40021.054     9.508     1.39    3.01
 -39644.549     9.217    -0.77    2.62
 -39268.058     9.128    -0.24    2.35
 -38891.581     9.363     0.63    2.20
 -38515.118     9.818     1.21    2.36
 -38138.668     9.851     0.09    2.27
 -37762.232    10.152     0.80    2.29
 -37385.810    10.175     0.06    2.48
 -37009.402    10.032    -0.38    2.20
 -36633.007     9.818    -0.57    1.91
 -36256.627     9.583    -0.62    2.05
 -35880.259     9.315    -0.71    2.06
 -35503.906     8.436    -2.33    1.79
 -35127.566     8.022    -1.10    1.70
 -34751.240     8.217     0.52    1.83
 -34374.928     8.937     1.91    2.41
 -33998.630     9.510     1.52    2.49
 -33622.345     9.723     0.57    2.21
 -33246.074    10.236     1.36    2.06
 -32869.816     9.998    -0.63    1.85
 -32493.572    10.217     0.58    1.71
 -32117.342    10.294     0.21    1.65
 -31741.126    11.080     2.09    2.25
 -31364.923    11.641     1.49    2.30
 -30988.734    11.597    -0.11    2.38
 -30612.559    11.876     0.74    2.63
 -30236.398    11.961     0.23    2.38
 -29860.250    11.168    -2.11    2.41
 -29484.115    11.461     0.78    2.19
 -29107.995    11.575     0.30    2.24
 -28731.888    11.358    -0.57    2.47
 -28355.795    11.556     0.53    2.48
 -27979.715    11.851     0.78    2.43
 -27603.649    12.128     0.74    2.37
 -27227.597    12.120    -0.02    2.22
 -26851.558    12.410     0.77    2.15
 -26475.533    12.128    -0.75    2.14
 -26099.522    11.723    -1.08    2.29
 -25723.524    11.336    -1.03    1.92
 -25347.540    11.461     0.33    1.88
 -24971.570    11.777     0.84    1.95
 -24595.613    12.390     1.63    2.03
 -24219.670    12.554     0.44    1.90
 -23843.740    12.363    -0.51    1.85
 -23467.824    12.152    -0.56    1.81
 -23091.922    11.076    -2.86    2.15
 -22716.033    10.723    -0.94    2.13
 -22340.158    10.152    -1.52    1.99
 -21964.297     9.532    -1.65    2.32
 -21588.449     9.390    -0.38    2.36
 -21212.614     9.136    -0.67    2.32
 -20836.794     8.705    -1.15    2.07
 -20460.987     8.886     0.48    1.78
 -20085.193     8.876    -0.03    2.02
 -19709.413     9.217     0.91    1.76
 -19333.647     9.413     0.52    1.62
 -18957.894     9.388    -0.07    1.88
 -18582.155     8.699    -1.83    1.69
 -18206.429     8.510    -0.50    1.69
 -17830.717     8.242    -0.71    1.68
 -17455.019     8.604     0.96    1.70
 -17079.334     9.089     1.29    1.83
 -16703.663     9.271     0.48    1.86
 -16328.005     9.247    -0.06    1.91
 -15952.361     8.661    -1.56    1.80
 -15576.730     8.261    -1.06    1.60
 -15201.113     8.120    -0.38    1.73
 -14825.509     8.363     0.65    1.84
 -14449.919     8.071    -0.78    1.45
 -14074.343     8.318     0.66    1.70
 -13698.780     8.851     1.42    1.61
 -13323.230     9.025     0.46    1.90
 -12947.694     9.461     1.16    2.00
 -12572.172     9.949     1.30    2.06
 -12196.663    10.217     0.71    2.14
 -11821.168    10.461     0.65    2.01
 -11445.686    10.435    -0.07    1.79
 -11070.217    10.052    -1.02    1.91
 -10694.763     9.923    -0.34    1.92
 -10319.321    10.223     0.80    2.05
  -9943.894    10.647     1.13    2.20
  -9568.479    11.333     1.83    1.58
  -9193.078    10.779    -1.47    1.91
  -8817.691    10.435    -0.92    1.62
  -8442.317    10.247    -0.50    1.65
  -8066.957    10.604     0.95    1.88
  -7691.610    11.193     1.57    1.90
  -7316.276    11.666     1.26    1.80
  -6940.957    12.025     0.96    1.80
  -6565.650    11.794    -0.61    1.84
  -6190.357    12.080     0.76    1.71
  -5815.078    12.128     0.13    1.65
  -5439.811    11.913    -0.57    1.55
  -5064.559    11.794    -0.32    2.33
  -4689.320    10.723    -2.86    3.77
  -4314.094     9.161    -4.16    5.36
  -3938.882     9.095    -0.18    5.71
  -3563.683     8.681    -1.11    5.88
  -3188.498     9.193     1.37    5.84
  -2813.326     9.217     0.07    5.49
  -2438.167     9.080    -0.37    5.53
  -2063.022     9.025    -0.15    7.00
  -1687.890     7.175    -4.93    7.26
  -1312.772     6.080    -2.92    7.50
   -937.667     4.363    -4.58    7.42
   -562.576     2.390    -5.26    5.11
   -187.498     1.144    -3.32    3.91
    187.566     0.086    -2.82    1.94
    562.618     0.036    -0.13    3.22
    937.655     0.818     2.09    4.45
   1312.680     2.080     3.36    5.48
   1687.691     3.949     4.98    6.93
   2062.688     5.485     4.10    7.01
   2437.672     7.536     5.47    6.85
   2812.643     7.856     0.85    6.93
   3187.600     8.580     1.93    5.63
   3562.544     9.827     3.33    5.06
   3937.475    10.534     1.89    4.69
   4312.392    12.046     4.03    2.47
   4687.296    11.897    -0.40    2.10
   5062.186    11.802    -0.25    1.95
   5437.064    11.512    -0.77    2.01
   5811.927    11.342    -0.45    2.04
   6186.778    10.461    -2.35    1.74
   6561.615    10.261    -0.53    1.52
   6936.438    10.188    -0.19    1.70
   7311.249    10.329     0.38    1.96
   7686.046    10.089    -0.64    2.01
   8060.829     9.886    -0.54    2.09
   8435.600     9.580    -0.82    1.76
   8810.357     9.485    -0.25    2.05
   9185.100     9.230    -0.68    2.13
   9559.831     9.271     0.11    2.21
   9934.547     9.487     0.58    2.35
  10309.251     9.876     1.04    2.47
  10683.941    11.217     3.58    2.96
  11058.618    11.900     1.82    2.98
  11433.282    12.294     1.05    2.76
  11807.932    12.461     0.44    2.62
  12182.570    11.486    -2.60    2.65
  12557.193    10.315    -3.13    2.50
  12931.804     9.652    -1.77    2.27
  13306.401     9.217    -1.16    2.32
  13680.985     9.391     0.46    2.15
  14055.555     9.803     1.10    2.03
  14430.113     9.986     0.49    1.96
  14804.657    10.388     1.07    2.08
  15179.187    10.182    -0.55    1.82
  15553.705    10.412     0.61    1.76
  15928.209    10.827     1.11    2.30
  16302.700    11.261     1.16    2.46
  16677.177    12.361     2.94    2.68
  17051.642    13.236     2.34    2.38
  17426.093    12.890    -0.93    2.37
  17800.531    11.786    -2.95    2.51
  18174.955    10.827    -2.56    2.38
  18549.367     9.842    -2.63    2.29
  18923.765     8.820    -2.73    2.13
  19298.150     8.747    -0.20    2.08
  19672.521     8.641    -0.28    2.05
  20046.879     9.461     2.19    2.20
  20421.225     9.556     0.25    2.41
  20796.111     9.071    -1.29    2.51
  21173.100     8.112    -2.54    2.16
  21550.076     7.829    -0.75    1.53
  21927.038     8.143     0.83    1.44
  22303.987     8.236     0.25    1.73
  22680.922     8.413     0.47    1.86
  23057.844     8.699     0.76    1.88
  23434.752     9.128     1.14    2.24
  23811.648     9.556     1.14    2.07
  24188.529     9.435    -0.32    1.90
  24565.398     9.652     0.57    2.09
  24942.252    10.242     1.57    1.94
  25319.094    10.538     0.79    1.84
  25695.922    10.675     0.36    1.54
  26072.737    10.198    -1.27    1.81
  26449.538     9.534    -1.76    2.09
  26826.326     8.876    -1.75    1.95
  27203.100     8.144    -1.94    1.62
  27579.862     7.924    -0.58    1.83
  27956.609     7.661    -0.70    1.68
  28333.344     7.656    -0.01    1.86
  28710.065     7.911     0.68    2.16
  29086.773     8.485     1.52    2.44
  29463.467     9.168     1.81    2.32
  29840.148    10.390     3.24    2.27
  30216.816    10.538     0.39    1.88
  30593.470    10.144    -1.05    1.69
  30970.111    10.056    -0.23    1.55
  31346.738     9.747    -0.82    1.67
  31723.353     9.580    -0.44    2.06
  32099.954    10.095     1.37    2.41
  32476.541    10.911     2.17    3.04
  32853.115    11.388     1.27    3.05
  33229.676    11.318    -0.19    2.43
  33606.224    11.363     0.12    2.17
  33982.758    10.604    -2.02    1.96
  34359.279    10.538    -0.18    1.84
  34735.787    10.911     0.99    1.99
  35112.281    10.911     0.00    2.02
  35488.762    10.842    -0.18    1.77
  35865.230    11.120     0.74    1.76
  36241.684    11.342     0.59    2.01
  36618.125    12.071     1.94    1.96
  36994.553    12.307     0.63    1.86
  37370.968    12.437     0.35    2.09
  37747.369    11.705    -1.95    2.12
  38123.757    11.223    -1.28    2.08
  38500.132    10.656    -1.51    2.26
  38876.493     9.803    -2.27    1.74
  39252.841     9.597    -0.55    2.02
  39629.176     9.611     0.04    2.27
  40005.498     9.632     0.06    2.27
  40381.806     8.924    -1.88    2.09
  40758.101     8.769    -0.41    1.95
  41134.383     8.393    -1.00    1.61
  41510.651     8.282    -0.30    1.43
  41886.907     8.705     1.13    1.59
  42263.149     8.851     0.39    1.39
  42639.377     9.036     0.49    1.22
  43015.593     8.734    -0.80    1.47
  43391.795     8.514    -0.59    1.51
  43767.984     8.534     0.05    1.84
  44144.160     8.485    -0.13    1.96
  44520.323     8.851     0.97    1.86
  44896.472     9.097     0.65    2.14
  45272.608     8.615    -1.28    2.07
  45648.731     8.628     0.03    1.94
  46024.841     8.294    -0.89    1.58
  46400.938     7.973    -0.85    1.61
  46777.021     7.949    -0.06    1.57
  47153.091     7.661    -0.77    1.57
  47529.148     7.413    -0.66    1.40
  47905.192     7.339    -0.20    1.27
  48281.222     7.681     0.91    1.77
  48657.239     8.242     1.49    2.04
  49033.243     8.559     0.84    1.93
  49409.234     8.936     1.00    2.05
  49785.212     8.986     0.13    2.15
  50161.177     9.388     1.07    2.11
  50537.128     9.556     0.45    2.16
  50913.066     9.532    -0.06    1.99
  51288.991     9.556     0.06    2.12
  51664.903     9.652     0.25    2.20
  52040.802     9.071    -1.54    2.42
  52416.687     9.242     0.45    2.37
  52792.560    10.095     2.27    2.07
  53168.419     9.949    -0.39    2.23
  53544.265     9.973     0.06    2.24
  53920.098     9.937    -0.10    2.23
  54295.918     9.711    -0.60    2.12
  54671.724     9.318    -1.05    1.88
  55047.518     8.769    -1.46    2.18
  55423.298     8.080    -1.83    2.08
  55799.065     7.580    -1.33    2.00
  56174.819     7.205    -1.00    2.36
  56550.560     6.413    -2.11    2.44
  56926.288     6.615     0.54    2.25
  57302.003     6.938     0.86    2.43
  57677.704     6.632    -0.82    2.27
  58053.393     6.604    -0.07    1.91
  58429.068     6.339    -0.70    1.83
  58804.731     6.435     0.25    1.85
  59180.380     6.847     1.10    1.98
  59556.016     7.211     0.97    2.03
  59931.639     7.032    -0.48    2.28
  60307.249     7.009    -0.06    2.27
  60682.845     6.717    -0.78    2.15
  61058.429     6.620    -0.26    1.49
  61434.000     6.769     0.40    1.32
  61809.557     7.436     1.78    1.61
  62185.102     7.778     0.91    1.60
  62560.633     7.510    -0.71    1.90
  62936.151     7.271    -0.64    2.11
  63311.657     6.645    -1.67    1.96
  63687.149     6.736     0.24    2.09
  64062.628     7.175     1.17    2.33
  64438.094     7.876     1.87    1.94
  64813.547     8.032     0.42    1.86
  65188.987     8.128     0.25    1.60
  65564.414     7.861    -0.71    1.46
  65939.827     7.386    -1.27    1.69
  66315.228     6.998    -1.03    2.15
  66690.616     7.080     0.22    2.27
  67065.991     7.363     0.75    2.06
  67441.352     8.437     2.86    1.88
  67816.701     8.836     1.06    1.41
  68192.037     8.786    -0.13    1.91
  68567.359     9.046     0.69    2.18
  68942.669     8.290    -2.01    2.60
  69317.965     7.803    -1.30    2.81
  69693.249     7.412    -1.04    2.61
  70068.519     7.561     0.40    2.34
  70443.777     7.408    -0.41    2.32
  70819.021     6.763    -1.72    2.26
  71194.253     6.290    -1.26    2.26
  71569.471     5.803    -1.30    2.00
  71944.677     5.803     0.00    1.98
  72319.869     6.153     0.94    2.05
  72695.049     6.416     0.70    1.93
  73070.215     6.461     0.12    1.76
  73445.369     6.961     1.33    1.90
  73820.509     7.509     1.46    1.85
  74195.637     7.586     0.21    1.80
  74570.752     8.120     1.42    1.96
  74945.853     7.935    -0.49    1.97
  75320.942     8.128     0.51    1.73
  75696.018     8.342     0.57    1.27
  76071.081     8.461     0.32    1.50
  76446.130     8.794     0.89    1.60
  76821.167     9.205     1.09    1.50
  77196.191     8.652    -1.47    1.85
  77571.202     7.911    -1.97    1.88
  77946.200     7.071    -2.24    1.64
  78321.185     6.936    -0.36    1.75
  78696.157     6.681    -0.68    2.04
  79071.116     6.217    -1.24    2.12
  79446.063     5.661    -1.48    2.05
  79820.996     5.236    -1.13    1.76
  80195.916     4.607    -1.68    1.46
  80570.824     4.818     0.56    1.50
  80945.718     4.794    -0.06    1.90
  81320.600     5.580     2.10    2.29
  81695.469     5.924     0.92    2.44
  82070.324     5.886    -0.10    2.54
  82445.167     5.311    -1.53    2.53
  82819.997     5.111    -0.53    2.43
  83194.814     5.632     1.39    2.18
  83569.619     5.973     0.91    2.04
  83944.410     6.175     0.54    2.05
  84319.188     5.998    -0.47    2.16
  84693.954     5.333    -1.77    2.36
  85068.707     4.926    -1.09    2.36
  85443.446     4.290    -1.70    2.17
  85818.173     4.168    -0.33    2.28
  86192.887     4.388     0.59    2.07
  86567.588     4.487     0.27    2.06
  86942.277     4.120    -0.98    1.90
  87316.952     4.051    -0.19    1.76
  87691.614     3.583    -1.25    2.03
  88066.264     3.607     0.07    2.20
  88440.901     3.861     0.68    2.20
  88815.525     4.007     0.39    2.31
  89190.136     4.145     0.37    2.12
  89564.734     3.705    -1.18    1.97
  89939.320     3.675    -0.08    1.72
  90313.892     3.534    -0.38    1.54
  90688.452     3.866     0.89    1.29
  91062.999     4.564     1.86    2.02
  91437.533     4.937     1.00    2.04
  91812.054     5.111     0.46    1.99
  92186.563     4.973    -0.37    2.15
  92561.058     5.120     0.39    2.07
  92935.541     5.412     0.78    2.24
  93310.011     5.261    -0.40    2.38
  93684.468     5.061    -0.53    2.28
  94058.912     4.729    -0.89    2.24
  94433.344     4.128    -1.61    1.88
  94807.762     4.361     0.62    1.82
  95182.168     4.294    -0.18    1.58
  95556.561     3.851    -1.18    1.55
  95931.984     3.973     0.32    2.05
  96308.933     4.186     0.56    2.43
  96685.870     3.803    -1.02    2.14
  97062.793     3.761    -0.11    1.83
  97439.703     3.315    -1.18    1.53
  97816.601     3.152    -0.43    1.49
  98193.485     3.111    -0.11    1.82
  98570.357     3.152     0.11    1.87
  98947.216     3.076    -0.20    1.43
  99324.061     3.583     1.34    1.98
  99700.894     3.723     0.37    2.13
 100077.714     3.661    -0.16    2.15
 100454.521     3.961     0.80    2.27
 100831.315     4.153     0.51    2.35
 101208.096     4.818     1.76    2.37
 101584.864     5.318     1.33    2.25
 101961.619     5.286    -0.09    2.65
 102338.361     5.531     0.65    2.82
 102715.090     5.698     0.44    2.94
 103091.806     6.182     1.28    2.70
 103468.510     5.827    -0.94    2.30
 103845.200     5.937     0.29    2.35
 104221.878     5.937     0.00    2.07
 104598.542     6.256     0.85    2.34
 104975.194     6.485     0.61    2.23
 105351.833     6.111    -0.99    2.20
 105728.459     5.890    -0.59    2.05
 106105.072     5.851    -0.10    2.57
 106481.672     5.461    -1.04    2.84
 106858.259     4.461    -2.66    3.06
 107234.834     4.681     0.58    3.19
 107611.395     4.961     0.74    2.91
 107987.944     4.681    -0.74    2.70
 108364.479     5.061     1.01    2.50
 108741.002     5.656     1.58    2.49
 109117.512     5.836     0.48    2.36
 109494.009     5.851     0.04    1.91
 109870.494     5.632    -0.58    1.95
 110246.965     4.818    -2.16    2.74
 110623.424     4.411    -1.08    3.11
 110999.869     4.242    -0.45    3.16
 111376.302     4.266     0.06    3.06
 111752.722     4.080    -0.49    2.84
 112129.129     3.998    -0.22    2.73
 112505.523     3.532    -1.24    2.35
 112881.905     3.413    -0.32    2.52
 113258.273     3.586     0.46    2.23
 113634.629     3.315    -0.72    2.35
 114010.972     2.961    -0.94    2.20
 114387.302     3.611     1.73    2.90
 114763.619     4.168     1.48    3.27
 115139.924     5.247     2.87    3.43
 115516.216     5.611     0.97    3.98
 115892.494     5.985     0.99    3.84
 116268.760     6.692     1.88    3.56
 116645.014     6.390    -0.80    3.19
 117021.254     5.937    -1.20    2.63
 117397.482     4.656    -3.40    2.50
 117773.696     3.199    -3.87    2.79
 118149.898     2.358    -2.23    3.00
 118526.088     2.257    -0.27    3.03
 118902.264     3.144     2.36    3.59
 119278.428     4.095     2.53    3.12
 119654.578     3.794    -0.80    3.11
 120030.717     2.251    -4.10    2.94
 120406.842     1.322    -2.47    2.64
 120782.954     0.336    -2.62    1.87
 121159.054     0.461     0.33    2.04
 121535.141     0.818     0.95    2.22
 121911.215     1.128     0.82    2.43
 122287.277     0.961    -0.44    2.29
 122663.325     0.948    -0.03    2.11
 123039.361     0.985     0.10    1.99
 123415.385     1.095     0.29    2.30
 123791.395     1.311     0.57    2.53
 124167.393     1.175    -0.36    2.42
 124543.378     0.948    -0.60    2.34
 124919.350     0.754    -0.52    2.36
 125295.309     0.811     0.15    2.07
 125671.256     0.534    -0.74    2.02
 126047.190     0.363    -0.45    1.84
 126423.111     0.339    -0.06    2.18
 126799.020     0.261    -0.21    2.41
 127174.916     0.363     0.27    2.43
 127550.799     0.485     0.32    2.44
 127926.669     1.315     2.21    2.80
 128302.527     2.485     3.11    3.14
 128678.372     3.211     1.93    3.04
 129054.204     3.692     1.28    2.98
 129430.024     3.636    -0.15    2.80
 129805.830     3.711     0.20    2.86
 130181.625     4.046     0.89    2.91
 130557.406     4.071     0.06    2.97
 130933.175     4.486     1.10    3.54
 131308.931     4.705     0.58    3.37
 131684.674     4.051    -1.74    3.42
 132060.405     4.193     0.38    3.80
 132436.123     3.339    -2.27    3.59
 132811.829     3.056    -0.75    3.79
 133187.521     3.247     0.51    3.92
 133563.201     3.172    -0.20    3.91
 133938.869     3.802     1.68    3.75
 134314.523     4.736     2.49    3.82
 134690.165     5.071     0.89    3.47
 135065.795     4.388    -1.82    3.47
 135441.412     3.153    -3.29    3.40
 135817.016     1.961    -3.17    2.50
 136192.607     0.897    -2.83    2.22
 136568.186     0.561    -0.89    2.30
 136943.752     0.607     0.12    2.59
 137319.306     0.076    -1.41    2.28
 137694.847    -0.399    -1.27    2.19
 138070.375     0.093     1.31    2.95
 138445.890     1.111     2.71    3.46
 138821.393     1.729     1.65    3.14
 139196.884     1.876     0.39    2.93
 139572.362     1.412    -1.23    2.51
 139947.827     0.897    -1.37    2.22
 140323.279     0.911     0.04    2.35
 140698.719     1.211     0.80    2.58
 141074.147     1.729     1.38    3.11
 141449.561     2.656     2.47    3.46
 141824.963     2.754     0.26    3.04
 142200.353     2.681    -0.19    3.25
 142575.730     0.986    -4.51    4.07
 142951.094    -1.124    -5.62    3.56
 143326.446    -1.051     0.19    3.76
 143701.785     0.071     2.99    4.30
 144077.112     1.803     4.61    3.75
 144452.426     3.611     4.82    3.23
 144827.727     3.876     0.71    3.11
 145203.016     3.564    -0.83    3.12
 145578.292     2.913    -1.73    3.08
 145953.556     1.388    -4.06    3.23
 146328.807     0.437    -2.53    3.42
 146704.046    -0.014    -1.20    3.08
 147079.272     0.198     0.56    3.23
 147454.485    -0.584    -2.08    2.93
 147829.686     0.211     2.12    2.84
 148204.875     0.911     1.87    2.98
 148580.051     0.754    -0.42    2.77
 148955.214     0.564    -0.51    2.63
 149330.365     0.688     0.33    2.34
 149705.503     1.384     1.85    2.26
 150080.629     2.388     2.68    2.57
 150455.742     2.461     0.20    2.58
 150830.842     2.876     1.11    2.34
 151205.930     3.166     0.77    2.34
 151581.006     2.593    -1.53    2.38
 151956.069     2.583    -0.03    2.26
 152331.120     2.056    -1.40    2.20
 152706.158     1.851    -0.55    2.25
 153081.183     2.193     0.91    2.57
 153456.196     1.436    -2.02    2.73
 153831.197     1.586     0.40    3.01
 154206.185     1.230    -0.95    2.79
 154581.161     1.266     0.10    3.30
 154956.124     1.534     0.72    3.21
 155331.074     1.534     0.00    2.64
 155706.012     2.363     2.21    2.83
 156080.938     2.769     1.08    2.44
 156455.851     3.794     2.74    2.79
 156830.752     4.699     2.41    2.72
 157205.640     4.266    -1.16    2.86
 157580.515     4.022    -0.65    3.15
 157955.379     4.011    -0.03    3.26
 158330.229     3.811    -0.53    3.59
 158705.068     3.803    -0.02    3.40
 159079.894     3.628    -0.47    3.57
 159454.707     2.261    -3.65    2.42
 159829.508     2.607     0.92    3.06
 160204.296     3.803     3.19    3.36
 160579.072     4.102     0.80    3.38
 160953.836     2.866    -3.30    3.50
 161328.587     1.692    -3.13    3.11
 161703.326     1.080    -1.63    2.26
 162078.052     1.266     0.50    2.27
 162452.766     1.661     1.05    2.29
 162827.467     2.066     1.08    2.25
 163202.156     1.974    -0.25    2.30
 163576.833     1.271    -1.88    2.32
 163951.497     1.315     0.12    2.45
 164326.149     1.128    -0.50    2.54
 164700.788     1.022    -0.28    2.57
 165075.415     1.011    -0.03    2.61
 165450.030     0.827    -0.49    2.28
 165824.632     0.061    -2.04    2.24
 166199.221    -0.417    -1.28    2.36
 166573.799     0.193     1.63    2.51
 166948.364     0.175    -0.05    2.76
 167322.916     0.161    -0.04    2.99
 167697.456    -0.634    -2.12    2.68
 168071.984    -1.929    -3.46    1.97
 168446.499    -1.914     0.04    2.82
 168821.002    -3.139    -3.27    2.50
 169195.493    -4.089    -2.54    2.30
 169569.971    -4.441    -0.94    2.25
 169944.437    -4.124     0.85    2.71
 170318.890    -4.257    -0.35    2.62
 170693.331    -4.182     0.20    2.64
 171069.269    -4.231    -0.13    2.19
 171446.177    -4.222     0.02    1.98
 171823.073    -4.149     0.19    2.06
 172199.956    -3.658     1.30    2.29
 172576.827    -3.968    -0.82    1.90
 172953.685    -3.565     1.07    2.06
 173330.531    -2.539     2.72    2.58
 173707.364    -1.954     1.55    2.54
 174084.185    -1.880     0.19    2.66
 174460.993    -1.991    -0.29    2.86
 174837.789    -2.855    -2.29    2.74
 175214.572    -3.120    -0.70    2.68
 175591.342    -2.989     0.35    2.61
 175968.101    -2.825     0.44    2.79
 176344.846    -1.968     2.27    2.78
 176721.579    -1.590     1.00    2.48
 177098.300    -1.015     1.53    2.61
 177475.008    -1.314    -0.79    2.48
 177851.704    -1.539    -0.60    2.74
 178228.387    -1.783    -0.65    3.07
 178605.058    -1.642     0.38    3.20
 178981.716    -1.848    -0.55    2.75
 179358.362    -1.490     0.95    2.71
 179734.995    -1.587    -0.26    2.69
 180111.616    -1.880    -0.78    2.45
 180488.225    -2.189    -0.82    2.36
 180864.821    -2.139     0.13    2.26
 181241.404    -2.239    -0.27    2.14
 181617.975    -2.027     0.56    2.17
 181994.534    -1.954     0.19    2.09
 182371.080    -2.253    -0.80    1.94
 182747.614    -2.889    -1.69    1.76
 183124.135    -3.139    -0.66    1.53
 183500.644    -3.173    -0.09    1.58
 183877.140    -3.396    -0.59    1.46
 184253.624    -3.314     0.22    1.75
 184630.096    -2.801     1.36    2.04
 185006.555    -2.464     0.89    2.10
 185383.002    -1.758     1.87    2.26
 185759.436    -1.314     1.18    2.27
 186135.858    -1.539    -0.60    2.62
 186512.267    -1.710    -0.45    2.52
 186888.664    -2.489    -2.07    1.92
 187265.049    -2.914    -1.13    1.71
 187641.421    -2.539     1.00    2.17
 188017.781    -1.968     1.52    2.10
 188394.129    -1.821     0.39    2.00
 188770.464    -1.929    -0.29    1.87
 189146.786    -2.339    -1.09    1.45
 189523.097    -2.334     0.01    1.69
 189899.395    -2.301     0.09    1.69
 190275.680    -2.257     0.12    1.61
 190651.953    -2.563    -0.81    1.59
 191028.214    -2.807    -0.65    1.32
 191404.462    -2.739     0.18    1.45
 191780.698    -2.857    -0.31    1.39
 192156.922    -2.434     1.13    1.43
 192533.133    -1.905     1.41    1.73
 192909.332    -1.880     0.06    1.71
 193285.519    -1.832     0.13    1.60
 193661.693    -1.471     0.96    1.80
 194037.855    -1.513    -0.11    1.78
 194414.005    -1.490     0.06    1.76
 194790.142    -1.468     0.06    1.69
 195166.267    -1.758    -0.77    1.59
 195542.379    -2.197    -1.17    1.44
 195918.479    -1.989     0.55    1.50
 196294.567    -1.814     0.47    1.66
 196670.643    -1.334     1.28    2.00
 197046.706    -1.319     0.04    1.98
 197422.757    -1.295     0.06    1.88
 197798.795    -1.490    -0.52    1.83
 198174.822    -1.364     0.34    1.96
 198550.836    -1.489    -0.33    1.91
 198926.837    -1.539    -0.13    2.17
 199302.827    -1.832    -0.78    2.18
 199678.804    -2.344    -1.36    1.71
 200054.768    -2.588    -0.65    1.40
 200430.721    -2.614    -0.07    1.47
 200806.661    -2.714    -0.27    1.50
 201182.589    -2.744    -0.08    1.34
 201558.504    -2.734     0.03    1.35
 201934.407    -1.978     2.01    1.86
 202310.298    -1.173     2.14    2.51
 202686.177    -0.414     2.02    2.65
 203062.043     0.014     1.14    2.69
 203437.898    -0.818    -2.21    2.82
 203813.739    -1.847    -2.74    2.30
 204189.569    -2.271    -1.13    1.98
 204565.386    -2.189     0.22    1.61
 204941.191    -2.000     0.50    1.54
 205316.984    -2.107    -0.28    1.32
 205692.765    -2.283    -0.47    1.23
 206068.533    -2.271     0.03    1.28
 206444.289    -2.364    -0.25    1.52
 206820.033    -1.964     1.06    1.50
 207195.764    -1.630     0.89    1.39
 207571.484    -1.618     0.03    1.42
 207947.191    -1.239     1.01    1.83
 208322.886    -0.944     0.79    2.02
 208698.568    -0.856     0.23    2.09
 209074.239    -0.706     0.40    2.15
 209449.897    -1.488    -2.08    1.50
 209825.543    -1.685    -0.53    1.70
 210201.176    -1.295     1.04    1.97
 210576.798    -1.441    -0.39    2.19
 210952.407    -1.889    -1.19    2.06
 211328.004    -2.124    -0.63    1.40
 211703.589    -2.539    -1.10    1.47
 212079.162    -2.189     0.93    1.39
 212454.722    -2.076     0.30    1.42
 212830.270    -2.100    -0.06    1.86
 213205.806    -1.814     0.76    2.03
 213581.330    -1.588     0.60    1.86
 213956.842    -1.417     0.45    1.79
 214332.341    -1.173     0.65    1.62
 214707.829    -1.513    -0.91    1.27
 215083.304    -1.658    -0.39    1.29
 215458.767    -1.124     1.42    1.53
 215834.218    -0.661     1.23    1.57
 216209.656    -0.689    -0.07    1.66
 216585.083    -0.434     0.68    1.54
 216960.497    -0.516    -0.22    1.63
 217335.899    -0.664    -0.39    1.38
 217711.289    -0.389     0.73    1.25
 218086.667    -0.295     0.25    1.20
 218462.032    -0.411    -0.31    1.26
 218837.386    -0.334     0.20    1.09
 219212.727    -0.513    -0.48    1.29
 219588.056    -0.807    -0.78    1.40
 219963.373    -0.539     0.71    1.66
 220338.678    -0.589    -0.13    1.88
 220713.971    -0.213     1.00    1.92
 221089.252     0.093     0.82    1.95
 221464.520    -0.314    -1.08    1.72
 221839.776    -0.368    -0.14    1.63
 222215.021    -0.222     0.39    1.46
 222590.253    -0.491    -0.72    1.31
 222965.473    -0.411     0.21    1.26
 223340.681    -0.214     0.52    1.44
 223715.877    -0.206     0.02    1.51
 224091.060    -0.039     0.44    1.47
 224466.232    -0.239    -0.53    1.77
 224841.391    -0.661    -1.12    1.69
 225216.539    -0.905    -0.65    1.46
 225591.674    -0.964    -0.16    1.47
 225966.797    -1.039    -0.20    1.54
 226341.908    -1.139    -0.27    1.71
 226717.007    -1.051     0.23    1.34
 227092.094    -1.100    -0.13    1.48
 227467.169    -1.182    -0.22    1.50
 227842.232    -1.064     0.31    1.47
 228217.282    -1.118    -0.14    1.52
 228592.321    -1.167    -0.13    1.40
 228967.347    -1.197    -0.08    1.42
 229342.362    -1.271    -0.20    1.14
 229717.364    -1.164     0.28    1.21
 230092.355    -1.000     0.44    1.29
 230467.333    -0.834     0.44    1.41
 230842.299    -0.821     0.04    1.45
 231217.253    -0.856    -0.09    1.42
 231592.195    -1.039    -0.49    1.24
 231967.125    -1.064    -0.07    1.20
 232342.043    -0.865     0.53    1.34
 232716.949    -0.855     0.03    1.40
 233091.843    -0.814     0.11    1.65
 233466.725    -0.758     0.15    1.74
 233841.595    -1.027    -0.72    1.73
 234216.453    -0.729     0.79    1.89
 234591.299    -1.231    -1.34    1.78
 234966.133    -1.139     0.25    1.78
 235340.954    -1.436    -0.79    1.82
 235715.764    -1.637    -0.53    1.45
 236090.562    -1.839    -0.54    1.30
 236465.348    -1.807     0.08    1.43
 236840.121    -1.726     0.22    1.38
