-152416.649    49.472     0.00    1.56
-152040.443    48.835    -1.70    1.72
-151664.253    48.362    -1.26    1.75
-151288.078    47.298    -2.83    1.78
-150911.919    46.430    -2.31    1.89
-150535.775    45.273    -3.08    1.96
-150159.647    44.298    -2.59    1.49
-149783.534    44.133    -0.44    1.93
-149407.437    43.941    -0.51    2.04
-149031.356    43.941     0.00    2.18
-148655.290    43.784    -0.42    2.33
-148279.240    43.322    -1.23    1.99
-147903.205    43.084    -0.63    1.92
-147527.185    43.060    -0.06    1.73
-147151.182    42.846    -0.57    1.45
-146775.193    42.319    -1.40    1.68
-146399.220    41.761    -1.48    1.69
-146023.263    41.060    -1.86    1.56
-145647.321    40.593    -1.24    1.73
-145271.395    40.250    -0.91    1.95
-144895.484    39.910    -0.90    2.00
-144519.589    39.370    -1.44    1.81
-144143.709    39.084    -0.76    2.06
-143767.845    38.653    -1.15    1.91
-143391.996    38.271    -1.02    1.86
-143016.163    37.753    -1.38    1.63
-142640.345    37.465    -0.77    1.58
-142264.543    36.965    -1.33    1.39
-141888.756    36.901    -0.17    1.34
-141512.984    36.870    -0.08    1.22
-141137.228    36.793    -0.20    1.09
-140761.488    36.703    -0.24    1.34
-140385.763    36.618    -0.23    1.56
-140010.053    36.436    -0.48    2.18
-139634.359    35.251    -3.15    2.31
-139258.680    34.478    -2.06    2.21
-138883.017    33.453    -2.73    1.56
-138507.369    32.921    -1.42    1.52
-138131.736    33.505     1.56    1.86
-137756.119    33.505     0.00    2.14
-137380.518    33.552     0.12    2.18
-137004.932    33.476    -0.20    1.87
-136629.361    33.335    -0.38    1.79
-136253.805    33.226    -0.29    1.73
-135878.266    33.008    -0.58    1.71
-135502.741    32.854    -0.41    1.76
-135127.232    32.703    -0.40    1.84
-134751.738    32.536    -0.44    2.00
-134376.260    32.180    -0.95    2.03
-134000.797    31.613    -1.51    1.87
-133625.349    31.417    -0.52    1.77
-133249.917    31.226    -0.51    1.95
-132874.500    30.478    -1.99    2.05
-132499.099    30.226    -0.67    2.52
-132123.713    30.045    -0.48    2.84
-131748.342    30.385     0.91    2.86
-131372.987    29.645    -1.97    3.17
-130997.647    29.203    -1.18    3.06
-130622.322    28.878    -0.87    2.90
-130247.013    28.716    -0.43    2.75
-129871.719    28.703    -0.03    2.63
-129496.441    28.593    -0.29    2.39
-129121.177    28.179    -1.10    1.72
-128745.929    28.040    -0.37    1.68
-128370.697    27.667    -1.00    1.58
-127995.480    27.635    -0.08    1.58
-127620.278    27.767     0.35    1.54
-127245.091    27.465    -0.81    1.52
-126869.920    27.133    -0.88    1.28
-126494.764    27.084    -0.13    1.13
-126119.623    26.822    -0.70    1.10
-125744.498    26.378    -1.18    1.50
-125369.388    25.854    -1.40    1.89
-124994.293    25.603    -0.67    2.26
-124619.214    25.655     0.14    2.34
-124244.150    25.831     0.47    2.79
-123869.101    25.520    -0.83    2.54
-123494.067    25.132    -1.04    2.56
-123119.049    24.775    -0.95    2.44
-122744.046    24.775     0.00    1.64
-122369.058    25.036     0.70    1.64
-121994.086    25.319     0.75    1.82
-121619.129    25.715     1.06    1.93
-121244.187    25.691    -0.06    2.14
-120869.260    25.465    -0.60    2.25
-120494.349    24.862    -1.61    2.28
-120119.453    24.679    -0.49    2.27
-119744.572    24.084    -1.59    1.97
-119369.706    24.017    -0.18    1.79
-118994.856    23.521    -1.32    1.34
-118620.021    23.226    -0.79    1.32
-118245.201    23.250     0.06    1.29
-117870.396    23.276     0.07    1.40
-117495.606    22.813    -1.24    1.26
-117120.832    22.738    -0.20    1.59
-116746.073    22.589    -0.40    1.67
-116371.329    22.155    -1.16    1.89
-115996.601    22.203     0.13    1.89
-115621.887    22.227     0.06    1.49
-115247.189    22.618     1.04    1.96
-114872.506    22.667     0.13    2.31
-114497.838    22.275    -1.05    2.43
-114123.185    21.894    -1.02    2.35
-113748.548    21.703    -0.51    1.93
-113373.926    21.441    -0.70    1.61
-112999.319    20.917    -1.40    1.27
-112624.727    21.057     0.37    1.46
-112250.150    20.715    -0.91    1.68
-111875.589    20.471    -0.65    1.60
-111501.042    20.655     0.49    1.67
-111126.511    20.465    -0.51    1.59
-110751.995    20.103    -0.97    1.82
-110377.494    19.476    -1.68    1.52
-110003.008    19.203    -0.73    1.52
-109628.538    19.343     0.37    1.87
-109254.082    19.036    -0.82    1.83
-108879.642    19.110     0.20    1.89
-108505.217    18.971    -0.37    1.85
-108130.807    18.572    -1.07    1.51
-107756.412    18.226    -0.92    1.34
-107382.032    18.177    -0.13    1.44
-107007.667    17.894    -0.76    1.51
-106633.318    17.635    -0.69    1.74
-106258.983    17.753     0.32    1.71
-105884.664    17.749    -0.01    1.85
-105510.360    17.466    -0.75    1.46
-105136.071    17.635     0.45    1.28
-104761.797    17.622    -0.04    1.40
-104387.538    17.645     0.06    1.37
-104013.294    17.715     0.19    1.45
-103639.065    17.742     0.07    1.43
-103264.851    18.453     1.90    1.84
-102890.653    18.753     0.80    1.99
-102516.469    18.727    -0.07    1.99
-102142.301    18.608    -0.32    1.84
-101768.148    18.325    -0.76    1.40
-101394.009    18.180    -0.39    1.47
-101019.886    17.742    -1.17    1.55
-100645.778    18.013     0.72    1.84
-100271.685    18.013     0.00    1.85
 -99897.607    17.775    -0.64    1.82
 -99521.553    17.655    -0.32    1.58
 -99144.469    17.398    -0.68    1.42
 -98767.399    16.798    -1.59    1.47
 -98390.345    16.878     0.21    1.79
 -98013.307    16.837    -0.11    1.79
 -97636.283    16.679    -0.42    1.88
 -97259.275    16.322    -0.95    1.58
 -96882.283    16.346     0.06    1.79
 -96505.305    15.917    -1.14    1.70
 -96128.343    15.817    -0.27    1.69
 -95751.396    15.691    -0.33    1.83
 -95374.464    15.155    -1.42    1.36
 -94997.548    15.132    -0.06    1.57
 -94620.647    14.994    -0.37    1.41
 -94243.761    15.346     0.93    1.76
 -93866.890    15.417     0.19    1.92
 -93490.035    15.808     1.04    2.12
 -93113.195    15.798    -0.02    2.14
 -92736.370    15.513    -0.76    1.88
 -92359.560    14.941    -1.52    1.82
 -91982.766    14.489    -1.20    1.55
 -91605.987    14.203    -0.76    1.48
 -91229.223    14.608     1.07    1.80
 -90852.474    14.878     0.72    1.58
 -90475.741    14.658    -0.58    1.56
 -90099.022    14.622    -0.10    1.59
 -89722.319    14.822     0.53    1.45
 -89345.631    14.447    -1.00    1.39
 -88968.959    14.417    -0.08    1.35
 -88592.301    14.203    -0.57    1.35
 -88215.659    14.017    -0.49    1.35
 -87839.032    14.252     0.62    1.36
 -87462.420    14.253     0.00    1.28
 -87085.823    14.325     0.19    1.40
 -86709.242    14.575     0.66    1.46
 -86332.676    14.726     0.40    1.53
 -85956.124    14.632    -0.25    1.64
 -85579.589    14.489    -0.38    1.53
 -85203.068    14.349    -0.37    1.62
 -84826.562    14.110    -0.64    1.57
 -84450.072    14.108    -0.01    1.71
 -84073.596    14.040    -0.18    1.43
 -83697.136    14.084     0.12    1.66
 -83320.691    14.157     0.19    2.02
 -82944.261    14.084    -0.19    1.97
 -82567.846    13.394    -1.83    1.82
 -82191.447    12.798    -1.58    1.53
 -81815.062    12.788    -0.03    1.52
 -81438.693    12.878     0.24    1.49
 -81062.339    12.846    -0.08    1.61
 -80686.000    12.965     0.32    1.61
 -80309.676    13.040     0.20    1.70
 -79933.367    12.775    -0.71    1.88
 -79557.073    12.584    -0.51    1.75
 -79180.795    12.513    -0.19    1.80
 -78804.531    12.227    -0.76    1.59
 -78428.283    12.228     0.00    1.72
 -78052.049    12.036    -0.51    1.78
 -77675.831    11.325    -1.89    1.33
 -77299.628    10.894    -1.15    1.24
 -76923.440    10.536    -0.95    1.10
 -76547.267    10.423    -0.30    1.26
 -76171.109    10.412    -0.03    1.32
 -75794.967    10.306    -0.28    1.43
 -75418.839     9.917    -1.03    1.42
 -75042.726    10.084     0.44    1.50
 -74666.629    10.273     0.50    1.87
 -74290.546    10.489     0.57    1.77
 -73914.479    10.729     0.64    1.97
 -73538.426    10.771     0.11    2.16
 -73162.389    10.862     0.24    2.32
 -72786.366    11.465     1.60    2.31
 -72410.359    11.679     0.57    2.55
 -72034.367    11.598    -0.22    2.58
 -71658.390    11.430    -0.45    2.70
 -71282.428    10.844    -1.56    2.41
 -70906.480    11.064     0.58    2.40
 -70530.548    11.087     0.06    2.38
 -70154.631    10.989    -0.26    2.28
 -69778.729     9.794    -3.18    2.83
 -69402.842     8.440    -3.60    3.06
 -69026.970     7.749    -1.84    2.58
 -68651.113     7.703    -0.12    2.56
 -68275.271     8.040     0.90    2.34
 -67899.444     8.529     1.30    1.80
 -67523.632     7.972    -1.48    1.65
 -67147.835     8.067     0.25    1.68
 -66772.053     8.665     1.59    1.89
 -66396.286     9.389     1.93    1.82
 -66020.534    10.227     2.23    1.47
 -65644.796    10.280     0.14    1.48
 -65269.074    10.089    -0.51    1.45
 -64893.367     9.835    -0.68    1.62
 -64517.675     9.513    -0.86    1.58
 -64141.998     8.971    -1.44    1.48
 -63766.335     8.989     0.05    1.65
 -63390.688     8.930    -0.16    1.53
 -63015.056     9.306     1.00    1.50
 -62639.438     9.158    -0.39    1.67
 -62263.836     8.870    -0.77    1.57
 -61888.248     8.608    -0.70    1.61
 -61512.676     8.275    -0.89    1.58
 -61137.118     8.153    -0.32    1.52
 -60761.575     8.089    -0.17    1.63
 -60386.047     7.903    -0.50    1.68
 -60010.534     7.513    -1.04    1.81
 -59635.036     6.941    -1.52    1.29
 -59259.553     6.691    -0.67    1.12
 -58884.085     6.761     0.19    1.12
 -58508.632     6.862     0.27    1.30
 -58133.194     6.775    -0.23    1.38
 -57757.770     6.489    -0.76    1.22
 -57382.362     6.691     0.54    1.42
 -57006.968     7.057     0.97    1.44
 -56631.589     7.751     1.85    2.13
 -56256.225     8.227     1.27    2.14
 -55880.876     8.276     0.13    2.08
 -55505.542     8.036    -0.64    2.02
 -55130.223     7.822    -0.57    1.92
 -54754.919     7.180    -1.71    2.17
 -54379.629     7.226     0.12    2.56
 -54004.354     7.110    -0.31    2.67
 -53629.095     6.870    -0.64    2.39
 -53253.850     7.374     1.34    1.51
 -52878.620     7.374     0.00    1.24
 -52503.404     6.924    -1.20    1.35
 -52128.204     6.668    -0.68    1.39
 -51753.019     6.465    -0.54    1.29
 -51377.848     6.325    -0.37    1.29
 -51002.692     6.060    -0.71    1.20
 -50627.551     6.036    -0.06    1.23
 -50252.425     5.965    -0.19    1.30
 -49877.313     5.870    -0.25    1.24
 -49502.217     5.679    -0.51    1.25
 -49127.135     5.632    -0.13    1.38
 -48752.068     6.618     2.63    2.54
 -48377.016     7.655     2.77    2.75
 -48001.979     8.703     2.79    2.34
 -47626.956     8.917     0.57    1.85
 -47251.949     7.727    -3.17    1.88
 -46876.956     6.971    -2.02    1.80
 -46501.978     6.251    -1.92    1.45
 -46127.014     5.782    -1.25    1.35
 -45752.066     5.771    -0.03    1.35
 -45377.132     5.740    -0.08    1.29
 -45002.213     5.642    -0.26    1.29
 -44627.309     5.727     0.23    1.25
 -44252.420     5.928     0.54    1.52
 -43877.545     6.999     2.86    2.42
 -43502.685     8.229     3.28    2.54
 -43127.840     9.110     2.35    2.21
 -42753.009     9.645     1.43    2.00
 -42378.194     9.584    -0.16    1.64
 -42003.393     8.726    -2.29    1.62
 -41628.607     8.229    -1.32    1.62
 -41253.835     7.453    -2.07    1.91
 -40879.079     6.328    -3.00    1.73
 -40504.337     6.366     0.10    1.57
 -40129.610     7.179     2.17    1.89
 -39754.897     7.921     1.98    2.18
 -39380.200     8.749     2.21    1.85
 -39005.517     9.098     0.93    1.89
 -38630.848     9.447     0.93    1.68
 -38256.195     9.668     0.59    1.70
 -37881.556     9.423    -0.66    2.10
 -37506.932     8.976    -1.19    2.00
 -37132.322     8.921    -0.15    1.88
 -36757.727     8.917    -0.01    1.86
 -36383.147     9.036     0.32    1.77
 -36008.582     8.941    -0.25    1.86
 -35634.031     9.108     0.44    2.15
 -35259.495     9.057    -0.14    2.16
 -34884.974     9.132     0.20    1.85
 -34510.467     8.965    -0.45    1.49
 -34135.975     9.032     0.18    1.39
 -33761.498     8.761    -0.72    1.55
 -33387.036     8.798     0.10    1.70
 -33012.588     8.788    -0.03    1.73
 -32638.154     8.971     0.49    1.60
 -32263.736     9.252     0.75    1.55
 -31889.332     8.813    -1.17    1.63
 -31514.942     8.655    -0.42    1.63
 -31140.568     8.482    -0.46    1.55
 -30766.208     8.040    -1.18    1.66
 -30391.862     7.989    -0.14    1.59
 -30017.531     8.108     0.32    1.61
 -29643.215     8.040    -0.18    1.62
 -29268.914     7.798    -0.65    1.81
 -28894.627     7.349    -1.20    1.89
 -28520.355     6.536    -2.17    1.46
 -28146.097     6.398    -0.37    1.47
 -27771.854     6.642     0.65    1.61
 -27397.625     6.808     0.44    1.64
 -27023.412     7.513     1.88    1.72
 -26649.212     7.953     1.18    1.82
 -26275.028     8.158     0.55    1.57
 -25900.858     8.276     0.32    1.72
 -25526.702     8.276     0.00    1.56
 -25152.561     7.878    -1.07    2.09
 -24778.435     7.057    -2.19    2.36
 -24401.866     6.476    -1.54    2.13
 -24024.823     6.049    -1.13    1.68
 -23647.795     6.133     0.22    1.56
 -23270.782     6.346     0.56    1.57
 -22893.783     5.971    -1.00    1.91
 -22516.799     5.589    -1.01    1.98
 -22139.831     4.914    -1.79    1.52
 -21762.876     4.771    -0.38    1.13
 -21385.937     4.679    -0.24    1.78
 -21009.013     3.878    -2.13    2.52
 -20632.103     2.108    -4.70    2.83
 -20255.208     1.019    -2.89    2.63
 -19878.328     1.658     1.69    3.02
 -19501.462     2.478     2.18    2.73
 -19124.612     3.476     2.65    2.32
 -18747.776     4.251     2.06    1.36
 -18370.955     3.972    -0.74    0.99
 -17994.149     4.317     0.91    1.50
 -17617.357     4.434     0.31    1.81
 -17240.580     4.346    -0.23    2.08
 -16863.818     4.135    -0.56    2.27
 -16487.071     3.403    -1.94    2.30
 -16110.339     3.135    -0.71    2.19
 -15733.621     2.835    -0.80    2.15
 -15356.918     2.436    -1.06    2.07
 -14980.230     2.482     0.12    1.93
 -14603.556     1.727    -2.01    1.69
 -14226.897     1.203    -1.39    1.33
 -13850.253     1.203     0.00    1.19
 -13473.624     1.135    -0.18    1.09
 -13097.009     1.505     0.98    1.08
 -12720.409     1.513     0.02    0.92
 -12343.824     1.298    -0.57    1.03
 -11967.253     1.434     0.36    0.93
 -11590.697     1.385    -0.13    0.84
 -11214.156     1.353    -0.08    0.86
 -10837.630     1.536     0.49    0.95
 -10461.118     1.642     0.28    1.00
 -10084.621     1.862     0.58    1.04
  -9708.139     2.885     2.72    1.86
  -9331.671     3.728     2.24    2.15
  -8955.218     4.618     2.36    1.99
  -8578.780     5.679     2.82    1.81
  -8202.356     6.349     1.78    1.39
  -7825.947     6.784     1.16    1.33
  -7449.553     6.903     0.32    1.52
  -7073.173     6.275    -1.67    1.80
  -6696.808     6.203    -0.19    1.89
  -6320.458     6.203     0.00    1.89
  -5944.122     6.496     0.78    1.78
  -5567.801     6.301    -0.52    1.92
  -5191.495     5.447    -2.27    2.14
  -4815.203     4.322    -2.99    2.28
  -4438.926     3.552    -2.05    2.48
  -4062.664     2.727    -2.19    3.06
  -3686.416     1.703    -2.72    3.39
  -3310.182     0.275    -3.80    3.63
  -2933.964    -1.297    -4.18    3.29
  -2557.760    -2.138    -2.24    2.77
  -2181.570    -1.773     0.97    3.02
  -1805.396    -0.559     3.23    3.44
  -1429.236     0.831     3.69    3.32
  -1053.090     2.017     3.15    2.43
   -676.959     2.322     0.81    2.00
   -300.843     0.953    -3.64    3.39
     75.259    -1.382    -6.21    3.78
    451.346    -2.797    -3.76    3.16
    827.419    -3.083    -0.76    3.15
   1203.477    -0.964     5.63    4.20
   1579.520     1.346     6.14    4.30
   1955.549     3.727     6.33    3.29
   2331.563     5.251     4.05    2.95
   2707.563     6.513     3.36    2.95
   3083.548     6.917     1.08    2.35
   3459.519     6.917     0.00    2.11
   3835.475     6.349    -1.51    1.54
   4211.416     6.103    -0.66    1.41
   4587.343     5.545    -1.49    1.39
   4963.255     5.303    -0.64    1.32
   5339.153     4.917    -1.03    1.40
   5715.037     4.584    -0.89    1.45
   6090.905     4.941     0.95    1.61
   6466.759     6.798     4.94    3.51
   6842.599     8.203     3.74    3.23
   7218.424     9.017     2.17    2.99
   7594.235     8.374    -1.71    2.84
   7970.031     6.784    -4.23    2.88
   8345.813     5.727    -2.81    2.02
   8721.580     5.677    -0.13    1.69
   9097.332     5.658    -0.05    1.52
   9473.070     5.678     0.05    1.52
   9848.794     5.398    -0.74    1.57
  10224.503     4.984    -1.10    1.46
  10600.198     4.895    -0.23    1.54
  10975.878     4.612    -0.75    1.47
  11351.543     4.075    -1.43    1.22
  11727.194     3.822    -0.67    0.94
  12102.831     3.575    -0.66    0.76
  12478.453     3.453    -0.33    0.90
  12854.061     3.817     0.97    1.08
  13229.654     4.045     0.61    1.26
  13605.233     4.180     0.36    1.30
  13980.797     4.560     1.01    1.21
  14356.347     4.775     0.57    1.09
  14731.882     4.971     0.52    1.11
  15107.403     5.434     1.23    1.20
  15482.910     5.589     0.41    0.99
  15858.402     5.503    -0.23    1.02
  16233.879     5.322    -0.48    1.11
  16609.342     5.227    -0.25    1.11
  16984.791     5.349     0.32    1.13
  17360.225     5.817     1.24    1.19
  17735.645     6.045     0.61    1.82
  18111.050     6.715     1.78    2.63
  18486.441     6.584    -0.35    2.85
  18861.818     6.227    -0.95    2.79
  19237.180     5.465    -2.03    1.23
  19612.528     5.103    -0.96    0.98
  19987.861     4.775    -0.88    1.09
  20363.180     5.032     0.69    1.48
  20738.485     5.157     0.33    1.65
  21113.775     5.374     0.58    1.72
  21489.051     5.203    -0.45    1.25
  21864.312     4.846    -0.95    0.82
  22239.559     4.989     0.38    0.95
  22614.792     5.057     0.18    1.04
  22990.010     5.013    -0.12    0.97
  23365.214     5.155     0.38    0.91
  23740.403     5.343     0.50    1.19
  24115.578     5.608     0.71    1.25
  24490.739     5.878     0.72    1.27
  24865.885     6.013     0.36    1.02
  25241.017     6.374     0.96    1.12
  25616.135     6.505     0.35    1.08
  25991.238     6.740     0.62    1.03
  26366.327     6.846     0.28    1.03
  26741.402     6.513    -0.89    1.20
  27116.462     6.764     0.67    1.32
  27491.508     6.447    -0.85    1.37
  27866.540     6.346    -0.27    1.49
  28241.557     6.715     0.98    1.34
  28616.560     6.513    -0.54    1.09
  28991.549     6.593     0.22    1.02
  29366.523     6.903     0.83    1.38
  29741.483     7.017     0.30    1.55
  30116.429     7.101     0.22    1.86
  30491.360     7.017    -0.22    1.84
  30866.277     7.560     1.45    1.74
  31241.180     7.691     0.35    1.47
  31616.069     7.668    -0.06    1.28
  31990.943     7.993     0.87    1.21
  32365.803     8.249     0.68    1.36
  32740.648     8.753     1.35    1.36
  33115.480     8.999     0.65    1.30
  33490.297     9.060     0.16    1.39
  33865.099     9.485     1.13    1.54
  34239.888     9.521     0.10    1.51
  34614.662     9.844     0.86    1.80
  34989.422    10.691     2.26    1.78
  35364.168    10.994     0.81    1.81
  35738.899    11.227     0.62    1.65
  36113.616    10.930    -0.79    1.62
  36488.319    10.460    -1.26    1.53
  36863.008     9.894    -1.51    1.00
  37237.682    10.013     0.32    1.04
  37612.342    10.179     0.44    1.14
  37986.988    10.251     0.19    1.06
  38361.620    10.403     0.41    1.09
  38736.238    10.560     0.42    1.12
  39110.841    10.878     0.85    1.19
  39485.430    11.764     2.37    1.75
  39860.005    12.513     2.00    1.84
  40234.565    12.965     1.21    1.82
  40609.111    13.632     1.78    1.64
  40983.644    13.552    -0.21    1.73
  41358.162    13.618     0.18    1.69
  41732.665    13.503    -0.31    1.76
  42107.155    13.465    -0.10    1.50
  42481.630    13.017    -1.20    1.37
  42856.091    12.831    -0.50    1.31
  43230.538    12.370    -1.23    1.36
  43604.971    12.575     0.55    2.01
  43979.390    12.618     0.11    1.75
  44353.794    12.632     0.04    1.04
  44728.184    12.764     0.35    1.03
  45102.560    13.013     0.66    0.86
  45476.922    13.108     0.25    1.08
  45851.270    13.346     0.64    1.28
  46225.603    13.471     0.34    1.36
  46599.923    13.465    -0.02    1.27
  46974.228    13.793     0.88    1.21
  47348.519    13.947     0.41    1.09
  47722.796    14.130     0.49    0.96
  48097.059    14.482     0.94    1.01
  48471.307    14.740     0.69    1.07
  48845.542    15.098     0.96    1.11
  49219.762    15.362     0.71    1.14
  49593.968    15.767     1.08    1.31
  49968.160    16.346     1.55    1.52
  50342.395    16.901     1.48    1.81
  50719.407    16.844    -0.15    2.24
  51096.405    16.703    -0.37    2.38
  51473.388    16.588    -0.31    2.39
  51850.357    16.655     0.18    2.62
  52227.312    17.227     1.52    2.35
  52604.252    17.253     0.07    1.81
  52981.178    17.180    -0.19    1.65
  53358.090    17.229     0.13    1.37
  53734.987    17.668     1.16    1.52
  54111.870    17.941     0.72    1.64
  54488.739    18.632     1.83    1.91
  54865.593    19.296     1.76    1.80
  55242.433    19.434     0.37    1.72
  55619.259    19.658     0.59    1.68
  55996.070    19.691     0.09    1.87
  56372.867    19.655    -0.09    1.78
  56749.650    19.775     0.32    1.71
  57126.419    19.818     0.12    1.70
  57503.173    19.953     0.36    1.45
  57879.913    20.453     1.33    1.56
  58256.639    21.008     1.47    1.69
  58633.350    21.398     1.04    1.76
  59010.047    21.569     0.45    1.73
  59386.730    21.808     0.63    1.83
  59763.399    21.678    -0.34    1.65
  60140.053    21.578    -0.27    1.46
  60516.693    21.584     0.02    1.74
  60893.319    21.935     0.93    1.82
  61269.931    21.846    -0.24    1.46
  61646.528    22.328     1.28    1.81
  62023.111    22.642     0.83    1.98
  62399.680    22.655     0.04    2.28
  62776.235    22.751     0.25    2.31
  63152.775    22.788     0.10    2.43
  63529.301    23.179     1.04    2.11
  63905.813    23.203     0.06    1.92
  64282.311    23.060    -0.38    1.69
  64658.794    23.645     1.55    1.97
  65035.264    24.203     1.48    1.96
  65411.719    24.854     1.73    1.99
  65788.159    25.398     1.44    1.82
  66164.586    25.953     1.47    1.89
  66540.998    26.154     0.53    1.86
  66917.397    25.989    -0.44    2.04
  67293.781    26.389     1.06    2.24
  67670.150    27.155     2.04    2.72
  68046.506    27.894     1.96    2.93
  68422.847    28.751     2.28    2.42
  68799.175    28.984     0.62    2.23
  69175.488    29.252     0.71    2.10
  69551.787    29.941     1.83    2.13
  69928.071    30.179     0.63    2.20
  70304.342    30.489     0.82    2.09
  70680.598    30.349    -0.37    1.81
  71056.840    30.584     0.62    1.51
  71433.068    30.678     0.25    1.47
  71809.282    31.447     2.04    1.59
  72185.482    31.691     0.65    1.60
  72561.668    32.084     1.05    1.78
  72937.839    32.703     1.65    1.77
  73313.996    32.895     0.51    1.45
  73690.139    33.249     0.94    1.76
  74066.268    33.642     1.05    1.80
  74442.383    34.084     1.17    1.80
  74818.484    34.764     1.81    1.70
  75194.571    35.229     1.24    1.79
  75570.643    35.794     1.50    1.94
  75946.702    36.229     1.16    1.87
  76322.746    36.349     0.32    1.85
  76698.776    36.513     0.43    2.01
  77074.792    35.895    -1.64    2.39
  77450.794    35.544    -0.93    2.36
  77826.782    35.434    -0.29    2.40
  78202.756    36.108     1.79    2.90
  78578.715    37.412     3.47    2.98
  78954.661    38.593     3.14    2.44
  79330.592    40.089     3.98    2.94
  79706.510    40.650     1.49    2.62
  80082.413    40.999     0.93    2.11
  80458.302    40.894    -0.28    1.62
  80834.177    41.251     0.95    1.70
  81210.038    41.645     1.05    1.89
  81585.885    42.665     2.71    1.98
  81961.718    43.680     2.70    2.03
  82337.537    44.653     2.59    1.93
  82713.342    45.227     1.53    1.84
  83089.133    45.423     0.52    1.82
  83464.909    45.423     0.00    1.71
  83840.672    45.878     1.21    1.73
  84216.421    45.940     0.17    2.09
  84592.155    46.653     1.90    2.49
  84967.876    47.441     2.10    2.31
  85343.582    47.788     0.92    2.30
  85719.275    48.275     1.29    2.09
  86094.953    49.053     2.07    1.78
  86470.618    49.642     1.57    1.79
  86846.268    50.081     1.17    1.93
  87221.905    50.513     1.15    2.03
  87597.527    50.886     0.99    2.37
  87973.135    51.132     0.65    2.27
  88348.730    50.837    -0.78    2.41
  88724.310    50.349    -1.30    2.78
  89099.877    49.608    -1.97    2.74
  89475.429    48.584    -2.73    2.43
  89850.967    48.459    -0.33    2.14
  90226.492    48.298    -0.43    1.99
  90602.002    48.727     1.14    1.82
  90977.499    49.837     2.96    2.12
  91352.981    50.447     1.62    2.24
  91728.449    52.008     4.16    2.51
  92103.904    54.084     5.53    6.28
  92479.345    54.862     2.07    6.24
  92854.771    54.727    -0.36    1.86
  93230.184    55.349     1.66    1.84
  93605.582    55.536     0.50    1.68
  93980.967    56.203     1.78    1.84
  94356.338    57.417     3.23    2.37
  94731.695    58.569     3.07    2.28
  95107.037    59.560     2.64    2.12
  95482.366    60.632     2.85    2.18
  95857.681    61.098     1.24    2.09
  96232.982    61.521     1.13    2.36
  96608.269    61.984     1.23    2.32
  96983.543    61.618    -0.97    2.65
  97358.802    60.984    -1.69    2.63
  97734.047    60.536    -1.19    2.20
  98109.279    60.771     0.63    2.16
  98484.496    61.126     0.95    1.91
  98859.700    61.989     2.30    1.63
  99234.889    62.808     2.18    1.87
  99610.065    63.528     1.92    2.03
  99985.227    64.658     3.01    2.08
 100360.375    65.572     2.44    2.01
 100735.509    66.715     3.05    1.74
 101110.629    67.679     2.57    1.58
 101485.736    68.346     1.78    1.30
 101860.828    68.924     1.54    1.30
 102235.906    69.126     0.54    1.35
 102610.971    69.013    -0.30    1.82
 102986.022    69.179     0.44    2.17
 103361.059    69.520     0.91    2.21
 103736.082    69.935     1.11    2.30
 104111.091    70.374     1.17    2.08
 104486.086    70.655     0.75    2.18
 104861.068    70.403    -0.67    2.00
 105236.035    70.528     0.33    2.19
 105610.989    70.465    -0.17    2.37
 105985.929    71.132     1.78    1.90
 106360.855    72.036     2.41    1.99
 106735.767    73.110     2.86    2.06
 107110.666    73.959     2.26    2.11
 107485.550    74.578     1.65    2.50
 107860.421    74.642     0.17    2.81
 108235.278    75.133     1.31    3.11
 108610.121    75.179     0.12    2.83
 108984.950    75.203     0.06    2.84
 109359.766    75.545     0.91    3.04
 109734.568    75.727     0.49    3.11
 110109.355    76.703     2.60    3.18
 110484.129    78.910     5.89   10.34
 110858.890    79.106     0.52   10.21
 111233.636    79.608     1.34   10.02
 111608.369    77.370    -5.97    2.52
 111983.087    77.778     1.09    2.78
 112357.792    78.536     2.02    2.94
 112732.484    79.485     2.53    2.85
 113107.161    80.584     2.93    2.76
 113481.825    81.965     3.69    2.60
 113856.475    83.343     3.68    2.76
 114231.111    85.132     4.77    2.35
 114605.733    86.308     3.14    1.87
 114980.342    87.385     2.87    1.81
 115354.937    88.253     2.32    1.93
 115729.518    88.740     1.30    2.10
 116104.085    89.989     3.33    2.20
 116478.639    90.203     0.57    2.44
 116853.179    90.794     1.58    2.73
 117227.705    91.434     1.71    2.52
 117602.217    92.106     1.79    2.26
 117976.716    92.441     0.90    2.32
 118351.200    92.935     1.32    2.25
 118725.671    93.408     1.26    2.58
 119100.129    94.280     2.33    2.59
 119474.573    95.441     3.10    2.56
 119849.002    96.036     1.59    2.19
 120223.419    96.417     1.02    2.26
 120597.821    96.108    -0.83    2.91
 120972.210    95.078    -2.75    3.59
 121346.585    93.349    -4.62    4.54
 121720.946    91.403    -5.20    3.82
 122095.294    91.155    -0.66    3.76
 122469.628    91.298     0.38    3.81
 122843.948    91.298     0.00    3.21
 123218.255    92.412     2.98    3.44
 123592.548    93.370     2.56    3.23
 123966.827    94.569     3.20    3.17
 124341.093    95.703     3.03    3.42
 124715.344    96.520     2.18    3.17
 125089.583    96.560     0.11    3.01
 125464.385    96.886     0.87    3.50
 125841.358    97.520     1.68    3.45
 126218.318    98.536     2.70    3.33
 126595.263   100.106     4.16    3.44
 126972.194   101.378     3.38    2.99
 127349.112   101.989     1.62    2.46
 127726.016   101.935    -0.14    2.75
 128102.906   102.346     1.09    2.87
 128479.782   104.278     5.13    3.52
 128856.644   106.808     6.71    3.74
 129233.492   109.947     8.33    5.11
 129610.327   111.520     4.17    4.44
 129987.147   111.203    -0.84    4.94
 130363.954   109.853    -3.58    4.60
 130740.747   108.045    -4.80    2.88
 131117.526   108.180     0.36    2.66
 131494.292   108.690     1.35    2.69
 131871.043   109.910     3.24    2.69
 132247.781   110.984     2.85    2.45
 132624.504   111.921     2.49    2.32
 133001.214   112.680     2.02    2.30
 133377.911   113.639     2.54    2.11
 133754.593   114.513     2.32    2.50
 134131.261   115.394     2.34    2.78
 134507.916   116.303     2.41    3.27
 134884.557   118.271     5.23    3.91
 135261.184   120.387     5.62    4.00
 135637.797   122.250     4.94    3.88
 136014.397   124.513     6.01    3.88
 136390.983   126.798     6.07    4.30
 136767.555   129.021     5.90    3.22
 137144.113   129.895     2.32    2.98
 137520.657   129.784    -0.29    3.53
 137897.188   129.423    -0.96    3.90
 138273.705   128.060    -3.62    4.35
 138650.208   127.751    -0.82    4.10
 139026.697   127.818     0.18    2.92
 139403.173   128.831     2.69    3.22
 139779.634   130.953     5.64    3.13
 140156.082   132.179     3.26    3.00
 140532.517   133.496     3.50    3.21
 140908.937   134.691     3.17    3.15
 141285.344   135.459     2.04    3.30
 141661.737   136.328     2.31    3.10
 142038.116   136.227    -0.27    3.50
 142414.482   136.667     1.17    3.57
 142790.834   138.032     3.63    3.89
 143167.172   138.822     2.10    4.10
 143543.496   139.910     2.89    4.50
 143919.807   139.928     0.05    3.86
 144296.104   140.154     0.60    3.48
 144672.387   140.941     2.09    2.90
 145048.656   142.084     3.04    3.28
 145424.912   142.971     2.36    3.18
 145801.154   144.691     4.57    3.62
 146177.383   146.378     4.48    4.46
 146553.597   149.349     7.90    5.16
 146929.798   154.087    12.59    8.27
 147305.986   158.965    12.97   12.61
 147682.159   158.584    -1.01    7.77
 148058.319   158.528    -0.15    4.31
 148434.465   158.788     0.69    5.11
 148810.598   158.947     0.42    5.89
 149186.717   158.751    -0.52    6.15
 149562.822   157.569    -3.14    6.51
 149938.913   156.227    -3.57    6.45
 150314.991   154.837    -3.70    5.97
 150691.055   152.828    -5.34    3.59
 151067.106   152.520    -0.82    3.22
 151443.143   151.984    -1.43    2.56
 151819.166   153.057     2.85    3.76
 152195.176   155.667     6.94    4.40
 152571.172   158.978     8.81    4.61
 152947.154   161.560     6.87    5.26
 153323.123   165.716    11.05    7.09
 153699.078   174.370    23.02   18.61
 154075.019   195.060    55.03   38.07
 154450.947   213.301    48.52   41.40
 154826.861   219.087    15.39   38.72
 155202.761   216.895    -5.83   40.46
 155578.648   203.021   -36.91   38.25
 155954.521   184.346   -49.68   20.00
 156330.381   181.727    -6.97   21.36
 156706.227   180.668    -2.82   16.13
 157082.060   184.572    10.38   17.69
 157457.878   204.408    52.77   37.34
 157833.684   229.403    66.50   44.92
 158209.475   247.227    47.42   45.47
 158585.253   269.870    60.25   36.47
 158961.018   279.895    26.68   26.94
 159336.769   287.499    20.23   26.78
 159712.506   295.101    20.23   26.84
 160088.230   293.378    -4.58   40.76
 160463.940   274.471   -50.32   60.11
 160839.636   250.252   -64.46   65.61
 161215.319   224.831   -67.66   56.22
 161590.989   199.861   -66.46   30.60
 161966.645   202.378     6.70   26.62
 162342.287   219.632    45.93   38.22
 162717.916   247.642    74.56   45.88
 163093.531   279.536    84.90   33.97
 163469.132   297.910    48.91   24.31
 163844.721   309.078    29.73   14.90
 164220.295   314.428    14.24   10.86
 164595.856   316.227     4.79    9.79
 164971.404   315.227    -2.66    8.36
 165346.938   313.489    -4.63    9.54
 165722.458   308.642   -12.90   10.92
 166097.965   301.528   -18.94   11.94
 166473.458   294.984   -17.43   13.59
 166848.938   292.947    -5.42   15.79
 167224.404   296.740    10.10   18.25
 167599.857   305.513    23.36   22.64
 167975.296   311.837    16.84   23.93
 168350.722   315.667    10.20   23.29
 168726.134   314.053    -4.30   22.95
 169101.533   313.130    -2.46   16.15
 169476.919   312.764    -0.97   13.00
 169852.290   315.679     7.77   13.92
 170227.649   322.965    19.41   13.82
 170602.993   333.593    28.31   14.05
 170978.325   344.251    28.39   13.37
 171353.643   351.229    18.59   11.73
 171728.947   354.346     8.30    9.69
 172104.238   356.370     5.39   10.04
 172479.515   355.727    -1.71    9.82
 172854.779   356.798     2.85   12.04
 173230.030   358.572     4.72   11.08
 173605.267   363.544    13.25   11.41
 173980.490   364.578     2.76   10.99
 174355.701   364.110    -1.25   10.37
 174730.897   368.298    11.16   12.93
 175106.080   371.639     8.90   13.77
 175481.250   375.794    11.07   11.08
 175856.407   374.639    -3.08   11.57
 176231.549   370.642   -10.65   13.30
 176606.679   369.057    -4.23   12.72
 176981.795   370.471     3.77   12.47
 177356.897   374.930    11.89   11.45
 177731.987   380.203    14.06    8.30
 178107.062   383.837     9.69    8.42
 178482.125   388.513    12.46    8.19
 178857.174   390.349     4.90    7.11
 179232.209   394.536    11.16    9.35
 179607.231   397.253     7.24   10.21
 179982.240   401.903    12.40    9.35
 180357.235   407.278    14.33    8.38
 180732.217   411.822    12.12    7.57
 181107.186   418.203    17.01    8.26
 181482.141   424.642    17.17   11.15
 181857.082   431.423    18.08   11.90
 182232.011   434.178     7.35   10.89
 182606.926   431.106    -8.19   12.50
 182981.827   423.155   -21.20   12.20
 183356.716   416.862   -16.79    9.10
 183731.590   409.275   -20.24    8.33
 184106.452   405.886    -9.04    8.56
 184481.300   400.837   -13.47    9.07
 184856.135   395.653   -13.83    7.75
 185230.956   390.870   -12.76    9.81
 185605.764   383.978   -18.38    9.90
 185980.559   377.632   -16.93   10.57
 186355.340   369.798   -20.90   11.50
 186730.108   366.319    -9.28   12.23
 187104.862   368.465     5.72   15.07
 187479.604   373.126    12.44   12.96
 187854.332   374.771     4.39   11.28
 188229.046   369.203   -14.86   11.63
 188603.747   365.008   -11.19   12.88
 188978.435   358.423   -17.57   13.75
 189353.110   359.280     2.29   14.64
 189727.771   365.749    17.26   15.44
 190102.419   374.870    24.34   12.73
 190477.054   382.008    19.05    8.66
 190851.675   386.959    13.21    7.50
 191226.283   393.153    16.53    7.88
 191600.878   402.953    26.16   12.76
 191975.460   411.466    22.72   13.29
 192350.028   421.423    26.58   13.67
 192724.582   430.775    24.96   12.53
 193099.124   439.764    24.00   14.32
 193473.652   446.593    18.23   12.52
 193848.167   450.460    10.32    8.88
 194222.669   450.394    -0.18    7.49
 194597.157   446.837    -9.50    6.19
 194971.633   447.036     0.53    5.78
 195346.094   447.642     1.62    5.23
 195720.543   448.775     3.02    7.03
 196094.978   451.578     7.49    7.12
 196469.400   450.569    -2.69    7.75
 196843.809   451.106     1.43    8.61
 197218.205   451.203     0.26    9.10
 197592.587   449.703    -4.01    8.44
 197966.956   448.322    -3.69    8.06
 198341.312   445.618    -7.22    7.04
 198715.654   441.513   -10.96    6.58
 199089.984   437.130   -11.71    5.65
 199464.300   434.679    -6.55    5.13
 199838.603   434.280    -1.07    5.58
 200212.892   435.618     3.57    6.28
 200588.253   438.642     8.06    6.83
 200965.184   441.108     6.54    6.71
 201342.101   444.727     9.60    5.95
 201719.005   448.414     9.78    5.85
 202095.896   451.749     8.85    5.38
 202472.773   453.959     5.86    4.90
 202849.637   454.441     1.28    6.13
 203226.488   453.764    -1.80    6.21
 203603.325   453.887     0.33    5.62
 203980.149   454.408     1.38    6.31
 204356.959   453.553    -2.27    7.77
 204733.756   451.155    -6.36   10.49
 205110.539   443.862   -19.36   13.15
 205487.309   436.331   -19.98   13.99
 205864.066   426.408   -26.34   11.83
 206240.810   418.177   -21.84    8.18
 206617.540   413.471   -12.49    8.33
 206994.256   412.465    -2.67   12.46
 207370.959   414.306     4.89   19.54
 207747.649   417.680     8.96   27.14
 208124.326   416.387    -3.43   28.35
 208500.989   409.301   -18.81   28.08
 208877.639   397.154   -32.24   19.70
 209254.275   390.569   -17.48    6.36
 209630.898   390.784     0.57    6.46
 210007.508   392.598     4.81    6.17
 210384.105   391.528    -2.84    6.87
 210760.688   387.727   -10.09    7.83
 211137.257   382.935   -12.72    7.71
 211513.814   379.989    -7.82    6.29
 211890.357   378.485    -3.99    6.45
 212266.887   376.667    -4.83    7.07
 212643.403   374.441    -5.91    6.12
 213019.906   372.959    -3.94    4.14
 213396.396   375.959     7.97    6.14
 213772.872   379.349     9.00    7.29
 214149.336   381.153     4.79    7.53
 214525.785   381.428     0.73    7.75
 214902.222   378.632    -7.43    6.74
 215278.645   376.394    -5.94    5.79
 215655.055   375.536    -2.28    5.09
 216031.452   374.691    -2.25    4.62
 216407.835   375.028     0.90    4.01
 216784.205   377.520     6.62    6.84
 217160.562   383.180    15.04   13.60
 217536.906   384.301     2.98    8.23
 217913.236   385.084     2.08    5.56
 218289.553   385.403     0.85    5.77
 218665.856   382.678    -7.24    6.49
 219042.147   378.520   -11.05    5.47
 219418.424   376.130    -6.35    4.34
 219794.688   374.569    -4.15    3.73
 220170.939   373.788    -2.07    4.34
 220547.176   374.862     2.85    5.45
 220923.400   376.308     3.84    5.80
 221299.611   375.632    -1.80    8.81
 221675.809   377.690     5.47    5.60
 222051.993   377.032    -1.75    4.90
 222428.164   377.489     1.21    5.31
 222804.322   377.716     0.60    5.51
 223180.467   376.846    -2.31    6.19
 223556.598   374.306    -6.75    6.08
 223932.716   374.060    -0.65    5.05
 224308.821   374.608     1.46    5.06
 224684.913   377.078     6.57    4.72
 225060.992   380.064     7.94    4.43
 225437.057   381.914     4.92    4.69
 225813.109   384.250     6.21    4.61
 226189.148   386.301     5.45    4.85
 226565.174   387.465     3.10    4.57
 226941.186   389.203     4.62    6.31
 227317.186   393.203    10.64   11.63
 227693.172   395.894     7.15   11.55
 228069.145   401.653    15.32   16.41
 228445.105   403.560     5.07   15.48
 228821.051   413.227    25.71   22.53
 229196.985   428.049    39.42   30.15
 229572.905   432.703    12.38   28.08
 229948.812   437.978    14.03   26.04
 230324.706   439.032     2.80   24.62
 230700.586   434.653   -11.65    9.96
 231076.454   442.520    20.93   15.51
 231452.308   478.813    96.54   64.65
 231828.150   539.837   162.34   96.68
 232203.978   611.813   191.48   95.93
 232579.793   660.374   129.19   62.24
 232955.594   672.536    32.36   44.22
 233331.383   673.106     1.51   40.48
 233707.158   677.703    12.23   50.01
 234082.921   700.545    60.78   68.23
 234458.670   733.328    87.23   83.98
 234834.406   732.678    -1.73   82.26
 235210.129   724.642   -21.38   68.37
 235585.839   729.520    12.98   61.72
 235961.536   734.520    13.31   61.94
 236337.219   762.978    75.74   80.63
 236712.890   816.593   142.69   86.66
 237088.547   864.793   128.28   86.65
 237464.191   903.203   102.23   59.24
 237839.822   918.252    40.06   46.82
 238215.440   915.060    -8.50   45.81
 238591.045   906.228   -23.51   27.41
 238966.637   920.966    39.23   37.85
 239342.216   946.089    66.88   42.69
 239717.781   932.740   -35.54   66.32
 240093.334   889.130  -116.10   93.08
 240468.873   825.593  -169.16   93.14
 240844.400   773.665  -138.26   61.64
 241219.913   739.749   -90.30   47.19
 241595.413   714.742   -66.58   26.41
 241970.900   705.252   -25.27   13.81
 242346.375   709.935    12.47   22.77
 242721.836   721.453    30.67   29.12
 243097.284   728.839    19.67   25.18
 243472.718   735.993    19.05   27.28
 243848.140   742.032    16.09   40.79
 244223.549   749.417    19.67   63.49
 244598.945   749.008    -1.09   66.09
 244974.328   742.294   -17.88   56.44
 245349.697   735.742   -17.45   32.82
 245725.054   752.679    45.12   49.54
 246100.397   773.984    56.75   52.76
 246475.728   787.593    36.25   51.26
 246851.045   787.545    -0.13   49.89
 247226.350   775.378   -32.41   28.10
 247601.641   772.803    -6.86   19.46
 247976.920   785.728    34.43   26.02
 248352.185   814.668    77.10   52.11
 248727.438   863.632   130.46   74.36
 249102.677   909.132   121.23   70.10
 249477.904   932.910    63.36   49.77
 249853.117   934.846     5.16   48.69
 250228.317   911.667   -61.77   48.92
 250603.505   898.252   -35.75   45.89
 250978.679   904.862    17.61   48.45
 251353.840   911.106    16.64   47.04
 251728.989   912.154     2.80   54.73
 252104.124   911.447    -1.89   61.11
 252479.247   901.178   -27.37   66.06
 252854.356   893.536   -20.37   65.09
 253229.453   875.742   -47.43   55.57
 253604.536   853.608   -59.00   51.77
 253979.607   839.132   -38.59   51.42
 254354.664   821.179   -47.86   49.63
 254729.709   825.179    10.66   42.50
 255104.741   827.624     6.52   35.79
 255479.759   819.067   -22.81   39.15
 255854.765   804.828   -37.96   51.70
 256229.758   791.989   -34.23   64.96
 256604.738   798.106    16.31   64.74
 256979.705   798.177     0.19   68.09
 257354.658   787.499   -28.48   74.19
 257729.599   769.562   -47.83   75.36
 258104.528   741.053   -76.02   69.17
 258479.443   719.106   -58.53   55.74
 258854.345   722.511     9.08   52.65
 259229.234   748.203    68.52   70.03
 259604.111   808.124   159.81   88.58
 259978.974   863.778   148.44   88.83
 260353.825   903.740   106.59   57.87
 260728.662   923.984    54.00   35.41
 261103.487   932.751    23.39   33.63
 261478.299   932.767     0.04   37.93
 261853.098   894.428  -102.27   77.95
 262227.884   828.972  -174.61  104.54
 262602.657   750.179  -210.20   95.31
 262977.417   687.569  -167.03   55.11
 263352.164   659.276   -75.48   28.92
 263726.899   644.496   -39.43   13.27
 264101.620   638.728   -15.39    6.37
 264476.329   636.803    -5.14    5.55
 264851.025   636.298    -1.35    6.59
 265225.708   636.740     1.18    7.36
 265600.378   634.423    -6.18    7.25
 265975.035   632.128    -6.12    6.91
 266349.679   627.153   -13.28    7.38
 266724.311   622.361   -12.79    6.86
 267098.929   619.513    -7.60    6.15
 267473.535   616.328    -8.50    4.75
 267848.128   615.374    -2.55    5.11
 268222.708   613.935    -3.84    4.95
 268597.275   611.562    -6.33    4.43
 268971.829   609.489    -5.53    4.78
 269346.371   605.613   -10.35    5.08
 269720.899   602.227    -9.04    5.09
 270095.415   600.691    -4.10    4.68
 270469.918   598.878    -4.84    4.35
 270844.408   597.296    -4.22    4.62
 271218.886   596.024    -3.40    4.45
 271593.350   594.798    -3.27    3.71
 271967.802   596.895     5.60    4.41
 272342.241   601.298    11.76    6.12
 272716.667   605.862    12.18    6.40
 273091.080   609.803    10.52    6.04
 273465.480   612.465     7.11    5.01
 273839.868   614.353     5.04    4.97
 274214.243   613.910    -1.18    5.12
 274588.605   614.053     0.38    4.74
 274962.954   615.788     4.63    5.33
 275337.291   619.032     8.66    7.44
 275713.183   623.226    11.16    8.29
 276090.074   628.303    13.47    7.09
 276466.951   633.485    13.75   14.10
 276843.815   634.179     1.84   15.97
 277220.666   628.465   -15.16   13.94
 277597.505   622.632   -15.48    9.38
 277974.330   618.788   -10.20    8.43
 278351.142   615.628    -8.39    7.67
 278727.942   612.478    -8.36    8.11
 279104.728   610.128    -6.24    7.50
 279481.502   608.057    -5.50    6.78
 279858.262   603.520   -12.04    7.04
 280235.010   598.828   -12.45    6.86
 280611.745   593.886   -13.12    6.24
 280988.467   588.921   -13.18    5.75
 281365.175   587.813    -2.94    6.19
 281741.871   588.618     2.14    6.84
 282118.554   591.132     6.67    7.55
 282495.224   597.227    16.18    7.09
 282871.882   599.972     7.29    6.33
 283248.526   601.158     3.15    5.79
 283625.157   599.935    -3.25    5.83
 284001.776   596.325    -9.58    5.07
 284378.381   595.060    -3.36    5.60
 284754.974   594.835    -0.60    5.16
 285131.554   596.908     5.50    5.55
 285508.121   600.178     8.68    6.17
 285884.675   604.106    10.43    6.59
 286261.216   609.374    13.99    8.19
 286637.744   612.383     7.99    8.31
 287014.259   612.999     1.64   11.60
 287390.762   609.665    -8.85   10.18
 287767.251   602.878   -18.02    8.38
 288143.728   598.632   -11.28    5.76
 288520.192   597.511    -2.98    4.63
 288896.643   598.668     3.07    6.05
 289273.081   602.331     9.73    6.34
 289649.506   605.303     7.89    7.64
 290025.919   610.032    12.56   10.91
 290402.318   620.618    28.12   27.68
 290778.705   644.132    62.46   52.23
 291155.079   681.808   100.08   72.42
 291531.440   712.353    81.14   79.70
 291907.788   752.103   105.60   84.21
 292284.123   795.203   114.50   77.21
 292660.446   826.374    82.81   61.24
 293036.755   849.886    62.47   44.02
 293413.052   875.998    69.38   33.54
 293789.336   874.520    -3.93   37.43
 294165.608   854.822   -52.34   70.87
 294541.866   810.227  -118.50   99.40
 294918.111   779.965   -80.42   92.49
 295294.344   774.959   -13.30   75.54
 295670.564   791.453    43.83   63.84
 296046.771   808.878    46.31   40.74
 296422.966   824.276    40.92   23.25
 296799.147   827.886     9.59   25.18
 297175.316   838.691    28.72   39.43
 297551.472   851.703    34.58   40.58
 297927.615   853.545     4.89   35.08
 298303.746   850.870    -7.11   31.58
 298679.863   844.788   -16.17   27.43
 299055.968   852.569    20.68   30.12
 299432.060   855.751     8.46   39.60
 299808.139   835.608   -53.55   53.75
 300184.206   803.742   -84.72   64.54
 300560.259   761.635  -111.94   62.78
 300936.300   725.008   -97.38   51.95
 301312.329   697.032   -74.38   38.45
 301688.344   674.032   -61.15   10.83
 302064.347   666.861   -19.07    6.59
 302440.337   663.589    -8.70    6.51
 302816.314   661.658    -5.14    7.24
