# NaN NaN NaN ;Mean Elev.(m), Avg Gradient(m/km), RMS Gradient(m/km) - SRTM1     
#   36.482   0.060   1.652 ;Mean Elev.(m), Avg Gradient(m/km), RMS Gradient(m/km) - ASTER GDEM
#   41.784   0.054   1.763 ;Mean Elev.(m), Avg Gradient(m/km), RMS Gradient(m/km) - GMTED2010 
  8    43.690 52479.66786453 29.21  85.509723  25.476274 33.296
  8    43.661 52479.66786518 26.10  85.508883  25.479564 33.296
  8    43.598 52479.66786582 30.65  85.508043  25.482864 33.296
  9    43.513 52514.66781000 23.72  85.524608  25.470208 27.366
  9    43.394 52514.66781064 22.56  85.523778  25.473498 27.366
 10    44.647 52549.66785657 43.59  85.508072  25.475643 29.334
 10    44.410 52549.66785721 35.72  85.507232  25.478943 29.334
 10    44.261 52549.66785786 35.30  85.506392  25.482233 29.334
 10    44.247 52549.66785850 36.60  85.505552  25.485523 29.334
 11    41.353 52584.66783971 47.96  85.521919  25.472252 35.959
 11    41.541 52584.66784036 47.66  85.521089  25.475542 35.959
 12    40.537 52619.66781911 54.27  85.514505  25.474648 34.758
 12    40.567 52619.66781976 51.62  85.513665  25.477948 34.758
 12    40.596 52619.66782040 52.16  85.512825  25.481238 34.758
 13    39.490 52654.66780455 52.41  85.521944  25.470545 36.207
 13    39.589 52654.66780519 41.55  85.521104  25.473835 36.207
 16    40.153 52759.66786427 27.97  85.504804  25.478223 20.988
 16    39.915 52759.66786491 27.24  85.503964  25.481513 20.988
 16    39.974 52759.66786556 32.96  85.503134  25.484803 20.988
 16    40.139 52759.66786620 30.84  85.502294  25.488093 20.988
 17    39.879 52794.66781855 38.26  85.517105  25.472753 22.154
 17    39.898 52794.66781919 30.68  85.516265  25.476043 22.154
 17    39.912 52794.66781984 29.06  85.515435  25.479333 22.154
 18    43.354 52829.66788546 29.74  85.518864  25.472760 26.578
 18    43.610 52829.66788610 35.62  85.518024  25.476050 26.578
 19    45.505 52864.66792958 25.57  85.522286  25.471942 27.443
 19    45.754 52864.66793022 22.57  85.521446  25.475242 27.443
 20    48.331 52899.66795963 20.34  85.514050  25.475959 24.439
 20    48.129 52899.66796028 20.48  85.513220  25.479249 24.439
 21    43.267 52934.66790250 41.24  85.515446  25.473820 25.655
 21    43.254 52934.66790315 38.37  85.514616  25.477110 25.655
 23    42.223 53004.66793705 42.48  85.508726  25.475142 24.133
 23    42.164 53004.66793769 36.87  85.507896  25.478432 24.133
 23    41.978 53004.66793834 24.42  85.507056  25.481722 24.133
 23    40.493 53004.66793898 26.06  85.506216  25.485022 24.133
 24    42.214 53039.66788709 39.78  85.507570  25.476304 20.904
 24    40.928 53039.66788774 26.21  85.506730  25.479604 20.904
 24    40.303 53039.66788838 25.99  85.505890  25.482894 20.904
 24    40.629 53039.66788903 30.40  85.505050  25.486184 20.904
 25    39.523 53074.66791753 42.57  85.512588  25.475138 21.079
 25    39.667 53074.66791818 33.86  85.511748  25.478428 21.079
 25    39.420 53074.66791882 26.20  85.510908  25.481728 21.079
 26    40.012 53109.66788849 25.04  85.504744  25.479514 17.539
 26    39.324 53109.66788913 24.05  85.503904  25.482804 17.539
 26    39.443 53109.66788978 27.12  85.503064  25.486094 17.539
 27    39.324 53144.66792903 27.13  85.511618  25.475155 14.603
 27    39.387 53144.66792968 23.01  85.510778  25.478445 14.603
 27    39.280 53144.66793032 18.54  85.509938  25.481735 14.603
 27    39.693 53144.66793097 16.76  85.509104  25.485029 20.312
 28    41.664 53179.66794235 22.65  85.518753  25.471905 10.217
 28    41.706 53179.66794299 23.65  85.517913  25.475205 10.217
 28    41.778 53179.66794363 21.15  85.517073  25.478495 10.217
 29    45.032 53214.66796448 21.64  85.513250  25.473703 26.451
 29    43.786 53214.66796513 32.32  85.512410  25.477003 26.451
 29    43.708 53214.66796577 32.90  85.511570  25.480293 26.451
 29    43.818 53214.66796642 32.23  85.510740  25.483583 26.451
 30    46.102 53249.66793410 34.57  85.517656  25.473141 28.514
 30    46.084 53249.66793475 37.10  85.516826  25.476431 28.514
 31    44.080 53284.66793145 30.59  85.506677  25.477833 18.424
 31    44.110 53284.66793209 30.60  85.505837  25.481123 18.424
 31    44.133 53284.66793274 27.01  85.505007  25.484413 18.424
 32    41.587 53319.66791752 48.27  85.520996  25.473120 35.120
 32    41.745 53319.66791816 51.53  85.520166  25.476410 35.120
 33    40.318 53354.66788458 44.04  85.523887  25.471049 29.475
 33    40.484 53354.66788523 44.46  85.523057  25.474339 29.475
 34    39.751 53389.66789060 33.69  85.511068  25.475501 20.668
 34    39.699 53389.66789124 26.24  85.510228  25.478801 20.668
 34    39.650 53389.66789189 24.27  85.509388  25.482091 20.668
 35    39.729 53424.66788753 47.63  85.522688  25.470252 29.698
 35    39.785 53424.66788818 47.85  85.521848  25.473542 29.698
 36    39.507 53459.66789311 54.05  85.518885  25.472555 29.722
 36    39.529 53459.66789375 45.68  85.518055  25.475845 29.722
 37    39.451 53494.66798001 24.91  85.505710  25.478316 17.770
 37    39.041 53494.66798065 24.75  85.504870  25.481606 17.770
 37    39.768 53494.66798130 24.34  85.504040  25.484896 17.770
 38    39.338 53529.66795372 46.97  85.521958  25.472804 27.089
 38    39.331 53529.66795436 53.29  85.521118  25.476094 27.089
 39    46.140 53564.66798476 31.61  85.510106  25.473844 27.147
 39    46.224 53564.66798541 39.04  85.509276  25.477134 27.147
 39    46.204 53564.66798605 48.49  85.508436  25.480424 27.147
 39    46.269 53564.66798670 44.43  85.507596  25.483724 27.147
 40    46.563 53599.66792554 19.91  85.520977  25.470027 18.979
 40    46.279 53599.66792618 19.11  85.520137  25.473317 18.979
 40    45.298 53599.66792683 19.15  85.519307  25.476607 18.979
 41    44.785 53634.66792368 28.28  85.508177  25.476443 21.280
 41    45.027 53634.66792432 27.94  85.507337  25.479743 21.280
 41    45.086 53634.66792497 24.98  85.506497  25.483033 21.280
 41    44.692 53634.66792561 23.26  85.505667  25.486323 21.280
 42    43.471 53669.66794492 49.61  85.509140  25.475880 24.644
 42    43.884 53669.66794557 34.86  85.508300  25.479170 24.644
 42    43.655 53669.66794621 44.31  85.507460  25.482470 24.644
 42    43.520 53669.66794686 39.24  85.506620  25.485760 24.644
 43    41.326 53704.66788122 51.90  85.523518  25.471793 36.192
 43    41.280 53704.66788187 52.76  85.522688  25.475083 36.192
 45    39.337 53774.66781072 49.31  85.521164  25.470309 32.628
 45    39.402 53774.66781136 50.83  85.520324  25.473599 32.628
 45    39.468 53774.66781200 41.62  85.519484  25.476899 32.628
 46    39.113 53809.66779438 51.64  85.522092  25.472144 32.673
 46    39.258 53809.66779502 50.27  85.521262  25.475434 32.673
 47    38.798 53844.66783754 21.22  85.510412  25.475886 20.660
 47    38.380 53844.66783818 24.34  85.509572  25.479186 20.660
 47    39.006 53844.66783882 24.78  85.508732  25.482476 20.660
 48    39.476 53879.66786521 44.24  85.518764  25.470611 22.423
 48    39.507 53879.66786586 37.63  85.517924  25.473901 22.423
 48    39.299 53879.66786650 30.28  85.517094  25.477191 22.423
 49    41.374 53914.66792301 24.35  85.507252  25.476687 23.680
 49    41.240 53914.66792366 21.38  85.506412  25.479987 23.680
 49    40.469 53914.66792430 24.52  85.505572  25.483277 23.680
 49    40.912 53914.66792495 30.85  85.504742  25.486567 23.680
 50    45.870 53949.66793361 36.75  85.505988  25.477880 26.270
 50    45.945 53949.66793425 35.28  85.505148  25.481170 26.270
 50    45.960 53949.66793490 31.41  85.504308  25.484470 26.270
 50    46.027 53949.66793554 32.29  85.503468  25.487760 26.270
 51    47.062 53984.66787049 52.18  85.517267  25.474127 42.995
 51    47.147 53984.66787114 51.54  85.516427  25.477417 42.995
 52    42.746 54019.66790601 48.29  85.514935  25.472786 29.162
 52    42.712 54019.66790665 44.31  85.514105  25.476076 29.162
 52    43.711 54019.66790730 39.61  85.513265  25.479366 29.162
 53    41.291 54054.66789586 48.02  85.525022  25.470525 36.699
 53    41.288 54054.66789650 48.55  85.524182  25.473825 36.699
 54    39.888 54089.66788561 41.84  85.519521  25.471603 36.355
 54    40.713 54089.66788626 31.98  85.518691  25.474893 36.355
 55    40.466 54124.66781222 40.00  85.513611  25.475215 22.544
 55    42.583 54124.66781287 23.07  85.512771  25.478505 22.544
 55    38.868 54124.66781351 26.15  85.511931  25.481805 22.544
 56    40.751 54159.66785274 39.19  85.514907  25.473987 27.205
 56    42.456 54159.66785339 23.67  85.514067  25.477287 27.205
 56    39.140 54159.66785403 25.83  85.513227  25.480577 27.205
 57    40.443 54194.66781377 39.78  85.513932  25.473329 26.823
 57    40.132 54194.66781441 22.27  85.513092  25.476619 26.823
 57    38.989 54194.66781506 24.87  85.512252  25.479909 26.823
 57    39.479 54194.66781570 25.95  85.511412  25.483209 26.823
 58    40.016 54229.66786498 39.73  85.515475  25.472433 20.902
 58    39.241 54229.66786562 23.78  85.514635  25.475723 20.902
 58    38.913 54229.66786627 24.83  85.513805  25.479013 20.902
 59    40.104 54264.66788360 28.12  85.515536  25.474673 12.235
 59    39.615 54264.66788425 21.01  85.514696  25.477963 12.235
 60    44.781 54299.66788704 38.38  85.517106  25.474089 36.110
 60    44.643 54299.66788769 44.26  85.516266  25.477389 36.110
 61    47.425 54334.66787645 52.22  85.518452  25.472107 49.881
 61    47.274 54334.66787710 52.92  85.517612  25.475397 49.881
 63    43.079 54404.66782044 41.61  85.516838  25.472291 34.496
 63    43.444 54404.66782109 31.23  85.515998  25.475581 34.496
 63    43.634 54404.66782173 36.29  85.515168  25.478871 34.496
 64    42.591 54439.66777848 26.51  85.512033  25.475074 21.307
 64    40.093 54439.66777912 25.78  85.511193  25.478364 21.307
 64    40.756 54439.66777977 26.77  85.510353  25.481664 21.307
 65    41.715 54474.66780702 37.77  85.517582  25.471525 30.358
 65    41.508 54474.66780766 28.43  85.516752  25.474815 30.358
 65    43.153 54474.66780831 32.71  85.515912  25.478105 30.358
 66    41.232 54509.66779168 40.30  85.513477  25.475262 18.963
 66    40.453 54509.66779232 21.09  85.512647  25.478552 18.963
 66    39.171 54509.66779297 23.10  85.511807  25.481852 18.963
 67    40.990 54544.66782136 38.25  85.517593  25.471768 24.105
 67    41.351 54544.66782201 22.99  85.516753  25.475058 24.105
 67    38.236 54544.66782265 21.55  85.515913  25.478358 24.105
 68    41.037 54579.66778963 39.46  85.516496  25.472149 22.942
 68    41.159 54579.66779028 25.99  85.515666  25.475439 22.942
 68    38.112 54579.66779092 25.40  85.514826  25.478729 22.942
 69    40.580 54614.66781190 22.61  85.517183  25.473852 21.985
 69    38.287 54614.66781254 23.12  85.516343  25.477152 21.985
 70    45.769 54649.66782231 26.45  85.513841  25.473623 31.477
 70    46.093 54649.66782296 40.15  85.513011  25.476913 31.477
 70    46.122 54649.66782360 42.65  85.512171  25.480213 31.477
 70    46.160 54649.66782425 41.56  85.511331  25.483503 31.477
 71    46.701 54684.66781815 22.17  85.516972  25.473912 27.886
 71    46.532 54684.66781879 24.88  85.516132  25.477202 27.886
 72    45.742 54719.66776677 30.85  85.514357  25.473541 27.218
 72    46.046 54719.66776742 31.92  85.513527  25.476831 27.218
 72    45.998 54719.66776806 37.71  85.512687  25.480121 27.218
 72    46.120 54719.66776871 38.12  85.511847  25.483421 27.218
 73    44.237 54754.66779175 51.38  85.515384  25.473478 32.090
 73    44.377 54754.66779240 38.05  85.514544  25.476778 32.090
 73    45.007 54754.66779304 41.18  85.513704  25.480068 32.090
 74    42.996 54789.66775991 31.34  85.512263  25.474283 22.518
 74    43.522 54789.66776056 23.32  85.511423  25.477573 22.518
 74    41.753 54789.66776120 27.24  85.510593  25.480863 22.518
 74    42.207 54789.66776185 34.05  85.509753  25.484163 22.518
 75    42.708 54824.66778757 37.27  85.515445  25.473506 31.434
 75    39.557 54824.66778821 20.72  85.514605  25.476796 31.434
 75    40.093 54824.66778886 25.54  85.513775  25.480086 31.434
 76    41.470 54859.66775334 28.33  85.514397  25.474241 31.388
 76    39.390 54859.66775399 23.43  85.513567  25.477541 31.388
 76    39.665 54859.66775463 24.24  85.512727  25.480831 31.388
 77    37.745 54894.66778879 22.60  85.515509  25.473617 24.946
 77    38.610 54894.66778944 23.40  85.514669  25.476917 24.946
 77    39.118 54894.66779008 27.41  85.513829  25.480207 24.946
 78    38.331 54929.66775279 21.82  85.511598  25.475994 14.806
 78    38.890 54929.66775343 24.10  85.510758  25.479284 14.806
 78    39.437 54929.66775407 30.59  85.509918  25.482574 14.806
 79    39.942 54964.66778953 11.96  85.514998  25.473484  6.848
 79    41.366 54964.66779018 12.08  85.514158  25.476784  6.848
 79    42.010 54964.66779082 10.68  85.513328  25.480074  6.848
 80    38.064 54999.66780995 20.21  85.512854  25.474998 16.884
 80    38.584 54999.66781060 24.48  85.512014  25.478288 16.884
 80    39.416 54999.66781124 26.98  85.511184  25.481578 16.884
 81    42.340 55034.66779537 28.55  85.516309  25.471942 12.137
 81    46.987 55034.66779602 21.25  85.515469  25.475232 12.137
 81    47.647 55034.66779666 18.06  85.514629  25.478532 12.137
 82    46.579 55069.66778515 21.58  85.518393  25.471164 25.370
 82    46.238 55069.66778580 23.78  85.517563  25.474454 25.370
 82    46.396 55069.66778644 30.16  85.516723  25.477744 25.370
 83    44.272 55104.66772699 39.58  85.511400  25.476088 24.242
 83    44.920 55104.66772763 38.39  85.510560  25.479378 24.242
 83    44.903 55104.66772828 39.44  85.509720  25.482668 24.242
 84    43.706 55139.66773247 35.11  85.516321  25.473529 32.747
 84    44.415 55139.66773311 27.91  85.515481  25.476819 32.747
 85    43.022 55174.66769372 39.81  85.513856  25.475132 30.831
 85    42.807 55174.66769437 26.82  85.513016  25.478432 30.831
 85    40.557 55174.66769501 28.83  85.512176  25.481722 30.831
 86    42.946 55209.66772834 26.55  85.515420  25.473204 26.900
 86    42.562 55209.66772899 20.00  85.514580  25.476504 26.900
 86    39.365 55209.66772963 22.50  85.513740  25.479794 26.900
 87    43.988 55244.66770011 17.31  85.512870  25.475687 15.489
 87    38.880 55244.66770075 19.19  85.512030  25.478987 15.489
 87    39.289 55244.66770140 20.71  85.511190  25.482277 15.489
 88    37.095 55279.66772185 19.53  85.516391  25.473212 20.809
 88    37.580 55279.66772250 20.46  85.515551  25.476512 20.809
 88    38.172 55279.66772314 23.88  85.514711  25.479802 20.809
 89    37.292 55314.66768733 17.16  85.514671  25.473722 11.432
 89    38.068 55314.66768798 17.08  85.513831  25.477012 11.432
 89    38.636 55314.66768862 21.22  85.513001  25.480302 11.432
 90    37.844 55349.66769342 13.33  85.517085  25.473640  8.909
 90    38.162 55349.66769407 17.61  85.516245  25.476930  8.909
 91    39.636 55384.66768624 18.18  85.512558  25.474142  9.919
 91    40.428 55384.66768688 16.59  85.511718  25.477432  9.919
 91    40.918 55384.66768753 18.20  85.510888  25.480732  9.919
 91    41.272 55384.66768817 22.36  85.510048  25.484022  9.919
 92    45.268 55419.66771220 41.92  85.516004  25.474423 30.101
 92    45.410 55419.66771284 42.87  85.515164  25.477723 30.101
 93    46.986 55454.66768929 21.91  85.519004  25.470632 22.296
 93    46.676 55454.66768994 25.33  85.518164  25.473922 22.296
 93    46.846 55454.66769058 31.33  85.517334  25.477212 22.296
 94    43.224 55489.66760801 51.00  85.521990  25.469999 34.204
 94    43.144 55489.66760866 42.26  85.521150  25.473289 34.204
 94    44.751 55489.66760930 40.18  85.520320  25.476579 34.204
