-195852.275  1100.128     0.00  116.62
-195475.997  1159.938   158.98  150.72
-195099.733  1228.517   182.29  154.66
-194723.485  1307.079   208.84  168.13
-194347.253  1408.075   268.48  171.35
-193971.037  1485.688   206.33  149.68
-193594.836  1592.878   284.97  139.55
-193218.650  1678.357   227.26  123.70
-192842.480  1730.034   137.40  125.23
-192466.326  1768.986   103.57  139.67
-192090.187  1783.597    38.85  166.31
-191714.063  1800.063    43.78  139.69
-191337.956  1781.574   -49.16  127.87
-190961.863  1702.261  -210.92  162.14
-190585.786  1586.228  -308.59  172.03
-190209.725  1447.852  -368.02  183.19
-189833.680  1295.973  -403.95  170.60
-189457.649  1189.993  -281.89  136.06
-189081.635  1074.473  -307.27  125.26
-188705.636   977.175  -258.81  117.83
-188329.652   919.011  -154.72  101.08
-187953.684   866.909  -138.60   89.43
-187577.731   844.545   -59.50  103.73
-187201.794   849.557    13.33  112.50
-186825.872   865.221    41.68  114.32
-186449.966   891.648    70.31  123.26
-186074.075   929.544   100.83  116.32
-185698.200   990.307   161.68   98.58
-185322.340  1045.497   146.86   89.97
-184946.496  1100.528   146.44  105.45
-184570.667  1169.352   183.16  120.99
-184194.854  1233.807   171.53  132.14
-183819.056  1331.398   259.73  174.38
-183443.274  1451.482   319.61  185.98
-183067.507  1546.875   253.90  169.90
-182691.755  1612.926   175.81  140.09
-182316.019  1623.407    27.90  131.46
-181940.298  1622.943    -1.23  101.65
-181564.593  1646.465    62.62   90.67
-181188.903  1704.690   155.01  110.37
-180813.229  1799.109   251.37  132.13
-180437.570  1901.259   271.96  148.11
-180061.927  2009.784   288.95  121.92
-179686.298  2052.140   112.78   88.49
-179310.686  2035.125   -45.31   94.83
-178935.089  1964.926  -186.93  127.09
-178559.507  1850.086  -305.81  152.05
-178183.940  1732.759  -312.45  162.50
-177808.389  1633.709  -263.78  150.48
-177432.854  1524.807  -290.03   91.34
-177057.333  1475.882  -130.31   88.42
-176681.828  1422.259  -142.82  111.76
-176306.339  1362.923  -158.05  115.88
-175930.865  1290.368  -193.26  129.78
-175555.406  1177.946  -299.47  137.95
-175179.963  1073.532  -278.15  144.78
-174804.535   986.831  -230.97  129.84
-174429.122   931.246  -148.08  106.82
-174053.725   867.926  -168.70  120.58
-173678.343   818.212  -132.46  136.24
-173302.977   748.735  -185.12  124.31
-172927.625   695.759  -141.16  124.75
-172552.290   641.734  -143.96  101.90
-172176.969   584.712  -151.95  100.40
-171801.664   535.102  -132.20   78.46
-171426.374   499.235   -95.58   64.76
-171051.100   474.140   -66.88   55.06
-170675.840   464.109   -26.73   58.02
-170300.597   443.854   -53.99   56.97
-169925.368   426.212   -47.03   55.26
-169550.155   400.970   -67.28   53.07
-169174.957   377.086   -63.67   48.84
-168799.774   351.249   -68.88   37.84
-168424.607   329.249   -58.65   33.31
-168049.455   313.016   -43.28   26.32
-167674.319   293.709   -51.47   20.35
-167299.197   278.592   -40.30   15.88
-166924.091   265.179   -35.76   15.19
-166549.000   254.365   -28.83   13.81
-166173.925   243.760   -28.28   12.25
-165798.865   235.021   -23.30    9.47
-165423.820   226.807   -21.91    7.15
-165048.790   220.021   -18.10    7.80
-164673.776   214.249   -15.39    7.23
-164298.776   209.402   -12.93    6.44
-163923.793   203.569   -15.56    6.48
-163548.824   199.259   -11.49    6.02
-163173.871   192.973   -16.77    7.43
-162798.933   187.417   -14.82    7.34
-162424.010   183.212   -11.22    7.91
-162049.102   178.057   -13.75    7.36
-161674.210   174.997    -8.16    7.73
-161299.333   170.783   -11.24    8.36
-160924.471   167.272    -9.37    7.82
-160549.624   163.569    -9.88    7.71
-160174.792   160.732    -7.57    6.78
-159799.976   157.829    -7.74    7.00
-159425.175   153.173   -12.43    7.00
-159050.389   149.426   -10.00    6.27
-158675.619   145.926    -9.34    5.62
-158300.863   142.099   -10.21    5.59
-157926.123   137.761   -11.58    6.03
-157551.398   134.986    -7.41    5.72
-157176.688   131.625    -8.97    5.83
-156801.994   128.259    -8.98    7.19
-156427.314   125.690    -6.86    7.08
-156052.650   122.039    -9.75    7.48
-155678.001   119.465    -6.87    8.56
-155303.367   113.443   -16.08   10.02
-154928.749   106.422   -18.74    9.37
-154554.145   101.473   -13.21    7.11
-154179.557    97.534   -10.52    4.98
-153804.983    94.657    -7.68    4.91
-153430.425    92.170    -6.64    4.48
-153055.883    89.965    -5.89    4.27
-152681.355    87.670    -6.13    5.06
-152306.842    84.574    -8.27    4.86
-151932.345    82.249    -6.21    4.38
-151557.862    80.923    -3.54    3.94
-151183.395    80.371    -1.47    3.85
-150808.943    79.420    -2.54    3.16
-150434.506    78.157    -3.38    2.39
-150060.085    76.712    -3.86    2.12
-149685.678    75.283    -3.82    2.29
-149311.286    73.782    -4.01    2.45
-148936.910    72.648    -3.03    2.39
-148562.549    71.707    -2.51    1.93
-148188.202    70.664    -2.79    1.79
-147813.871    69.592    -2.86    1.91
-147439.555    68.521    -2.86    2.26
-147065.254    67.235    -3.44    2.15
-146690.968    66.045    -3.18    2.50
-146316.698    64.735    -3.50    2.83
-145942.442    63.465    -3.39    2.84
-145568.201    62.140    -3.54    2.08
-145193.976    61.079    -2.83    2.20
-144819.766    60.164    -2.45    2.01
-144445.570    59.435    -1.95    1.99
-144071.390    58.528    -2.42    1.93
-143697.225    57.953    -1.54    2.15
-143323.075    57.092    -2.30    2.11
-142948.939    56.212    -2.35    1.89
-142574.819    55.272    -2.51    1.97
-142200.714    54.597    -1.80    1.91
-141824.851    53.807    -2.10    1.77
-141447.741    53.235    -1.52    1.94
-141070.646    52.331    -2.40    2.16
-140693.566    51.426    -2.40    2.09
-140316.502    50.473    -2.53    1.72
-139939.452    49.481    -2.63    1.54
-139562.419    49.164    -0.84    1.62
-139185.400    48.551    -1.63    1.53
-138808.397    48.116    -1.15    1.55
-138431.409    47.950    -0.44    1.77
-138054.436    47.574    -1.00    2.20
-137677.478    46.929    -1.71    2.30
-137300.536    45.926    -2.66    2.05
-136923.609    45.179    -1.98    1.59
-136546.697    44.783    -1.05    1.57
-136169.801    44.235    -1.45    1.48
-135792.920    43.640    -1.58    1.41
-135416.054    43.212    -1.14    1.42
-135039.203    42.831    -1.01    1.42
-134662.368    42.497    -0.88    1.52
-134285.547    41.856    -1.70    1.92
-133908.742    40.807    -2.78    1.77
-133531.952    40.045    -2.02    2.03
-133155.178    39.712    -0.88    1.97
-132778.418    39.735     0.06    1.85
-132401.674    39.368    -0.98    2.07
-132024.945    38.902    -1.24    2.09
-131648.231    38.465    -1.16    1.64
-131271.533    38.473     0.02    1.48
-130894.849    37.950    -1.39    1.82
-130518.181    37.435    -1.37    1.86
-130141.528    36.878    -1.48    1.77
-129764.890    36.709    -0.45    1.96
-129388.268    37.225     1.37    1.93
-129011.660    36.929    -0.79    1.76
-128635.068    36.497    -1.15    1.91
-128258.491    36.188    -0.82    1.83
-127881.929    35.707    -1.28    1.53
-127505.382    35.420    -0.76    1.45
-127128.851    35.407    -0.04    1.72
-126752.334    35.021    -1.02    1.63
-126375.833    34.307    -1.90    1.42
-125999.347    34.164    -0.38    1.56
-125622.876    33.966    -0.53    1.46
-125246.420    33.781    -0.49    1.25
-124869.979    33.761    -0.05    1.18
-124493.553    34.092     0.88    1.60
-124117.143    34.458     0.97    1.89
-123740.748    34.225    -0.62    2.06
-123364.367    34.096    -0.34    2.17
-122988.002    33.670    -1.13    1.91
-122611.652    33.557    -0.30    1.55
-122235.317    33.318    -0.63    1.55
-121858.998    33.021    -0.79    1.62
-121482.693    32.576    -1.18    1.61
-121106.403    32.079    -1.32    1.42
-120730.129    31.730    -0.93    1.36
-120353.870    31.450    -0.74    1.27
-119977.625    31.435    -0.04    1.27
-119601.396    31.092    -0.91    1.31
-119225.182    30.807    -0.76    1.20
-118848.983    30.649    -0.42    1.37
-118472.799    30.534    -0.31    1.50
-118096.630    30.331    -0.54    1.50
-117720.476    29.993    -0.90    1.85
-117344.338    29.644    -0.93    1.80
-116968.214    29.191    -1.20    1.95
-116592.105    28.466    -1.93    1.66
-116216.012    28.217    -0.66    1.57
-115839.933    27.923    -0.78    1.33
-115463.870    27.878    -0.12    1.55
-115087.821    27.935     0.15    2.03
-114711.788    28.102     0.44    1.92
-114335.769    28.201     0.26    1.90
-113959.766    28.441     0.64    1.80
-113583.778    28.667     0.60    1.64
-113207.804    28.465    -0.54    1.85
-112831.846    28.102    -0.97    1.66
-112455.903    27.832    -0.72    1.55
-112079.975    27.569    -0.70    1.46
-111704.061    27.402    -0.44    1.31
-111328.163    27.116    -0.76    1.24
-110952.280    27.116     0.00    1.20
-110576.412    26.907    -0.56    1.17
-110200.559    27.016     0.29    1.15
-109824.720    27.182     0.44    1.31
-109448.897    27.246     0.17    1.14
-109073.089    27.092    -0.41    0.99
-108697.295    27.075    -0.05    0.90
-108321.517    27.212     0.36    1.19
-107945.754    27.051    -0.43    1.36
-107570.005    27.307     0.68    1.53
-107194.272    26.830    -1.27    1.88
-106818.554    26.283    -1.46    1.97
-106442.850    25.782    -1.33    1.84
-106067.162    25.473    -0.82    1.65
-105691.488    25.378    -0.25    1.55
-105315.829    25.854     1.27    1.85
-104940.186    26.365     1.36    1.71
-104564.557    26.307    -0.15    1.93
-104188.943    25.504    -2.14    1.78
-103813.344    25.188    -0.84    1.82
-103437.760    24.877    -0.83    1.80
-103062.191    24.880     0.01    1.62
-102686.637    25.902     2.72    2.37
-102311.098    26.354     1.20    2.34
-101935.574    26.644     0.77    2.17
-101560.064    26.342    -0.81    2.29
-101184.570    25.854    -1.30    1.87
-100809.090    26.002     0.39    1.79
-100433.625    26.221     0.58    1.40
-100058.176    26.551     0.88    1.33
 -99682.741    26.854     0.81    1.58
 -99307.321    27.212     0.95    1.70
 -98931.916    27.079    -0.35    1.76
 -98556.526    27.307     0.61    1.69
 -98181.150    26.929    -1.01    1.76
 -97805.790    26.545    -1.02    1.98
 -97430.444    25.782    -2.03    1.89
 -97055.113    25.331    -1.20    1.85
 -96679.798    24.807    -1.40    1.82
 -96304.497    24.402    -1.08    1.65
 -95929.210    23.950    -1.21    1.44
 -95553.939    23.602    -0.93    1.75
 -95178.683    23.063    -1.44    1.62
 -94803.441    22.441    -1.66    1.64
 -94428.214    21.714    -1.94    1.36
 -94053.002    21.807     0.25    1.60
 -93677.805    21.833     0.07    1.53
 -93302.623    21.829    -0.01    1.53
 -92927.456    21.602    -0.61    1.34
 -92552.303    21.295    -0.82    1.08
 -92177.165    21.086    -0.56    1.05
 -91802.042    21.032    -0.14    1.53
 -91426.934    20.625    -1.08    1.51
 -91051.841    20.602    -0.06    1.95
 -90676.762    20.398    -0.54    1.91
 -90301.698    20.388    -0.03    1.84
 -89926.649    20.235    -0.41    1.70
 -89551.615    19.831    -1.08    1.92
 -89176.596    19.396    -1.16    1.82
 -88801.591    19.034    -0.97    1.41
 -88426.602    19.012    -0.06    1.32
 -88051.627    18.807    -0.55    1.31
 -87676.666    18.473    -0.89    1.22
 -87301.721    18.207    -0.71    1.13
 -86926.790    18.329     0.33    1.69
 -86551.874    18.544     0.57    1.78
 -86176.973    18.545     0.00    1.74
 -85802.087    18.900     0.95    1.60
 -85427.215    19.116     0.58    1.54
 -85052.358    19.188     0.19    1.48
 -84677.516    19.191     0.01    1.43
 -84302.689    18.760    -1.15    1.33
 -83927.876    18.232    -1.41    1.24
 -83553.078    17.878    -0.94    1.24
 -83178.295    17.712    -0.44    1.12
 -82803.527    17.685    -0.07    1.25
 -82428.773    17.878     0.52    1.69
 -82054.034    17.831    -0.13    1.56
 -81679.310    18.378     1.46    1.71
 -81304.600    18.458     0.21    1.59
 -80929.905    18.402    -0.15    1.36
 -80555.225    18.368    -0.09    1.40
 -80180.560    17.970    -1.06    1.15
 -79805.909    17.973     0.01    1.15
 -79431.273    18.140     0.44    1.22
 -79056.651    18.212     0.19    1.40
 -78682.045    18.156    -0.15    1.41
 -78307.453    17.690    -1.24    1.73
 -77932.876    16.783    -2.42    1.67
 -77558.313    16.069    -1.91    1.27
 -77183.765    15.597    -1.26    1.37
 -76809.232    15.331    -0.71    1.19
 -76434.713    15.592     0.70    1.47
 -76060.209    15.450    -0.38    1.62
 -75685.720    15.563     0.30    1.67
 -75311.245    15.259    -0.81    1.56
 -74936.785    14.854    -1.08    1.31
 -74562.340    14.521    -0.89    1.11
 -74187.910    14.685     0.44    1.45
 -73813.494    14.759     0.20    1.78
 -73439.092    14.782     0.06    1.86
 -73064.705    15.378     1.59    2.64
 -72690.333    15.402     0.06    2.54
 -72315.976    16.075     1.80    2.63
 -71941.633    17.079     2.68    2.76
 -71567.305    17.884     2.15    2.13
 -71192.991    17.989     0.28    1.98
 -70818.692    17.688    -0.80    1.90
 -70444.408    17.411    -0.74    1.55
 -70070.138    16.950    -1.23    1.35
 -69695.883    16.386    -1.51    1.13
 -69321.643    16.170    -0.58    1.28
 -68947.417    16.012    -0.42    1.34
 -68573.205    15.712    -0.80    1.46
 -68199.009    15.579    -0.35    1.57
 -67824.826    15.607     0.07    1.77
 -67450.659    15.625     0.05    1.88
 -67076.506    15.701     0.20    1.77
 -66700.178    15.690    -0.03    1.84
 -66323.113    15.411    -0.74    1.59
 -65946.063    15.521     0.29    1.44
 -65569.028    15.875     0.94    1.32
 -65192.008    16.191     0.84    1.55
 -64815.003    15.739    -1.20    1.76
 -64438.012    15.235    -1.33    1.68
 -64061.036    14.735    -1.33    1.74
 -63684.075    14.450    -0.76    1.43
 -63307.129    14.320    -0.34    1.47
 -62930.197    14.329     0.03    1.45
 -62553.280    14.332     0.01    1.50
 -62176.379    13.973    -0.95    1.19
 -61799.491    13.929    -0.12    1.19
 -61422.619    13.636    -0.78    1.22
 -61045.761    13.170    -1.24    1.20
 -60668.918    13.007    -0.43    1.16
 -60292.090    12.612    -1.05    1.12
 -59915.277    12.521    -0.24    1.22
 -59538.478    12.465    -0.15    1.24
 -59161.695    12.574     0.29    1.32
 -58784.925    13.107     1.41    1.40
 -58408.171    13.045    -0.16    1.30
 -58031.431    12.783    -0.70    1.26
 -57654.707    12.441    -0.91    1.43
 -57277.996    11.807    -1.68    1.38
 -56901.301    11.685    -0.32    1.35
 -56524.620    11.343    -0.91    1.32
 -56147.954    10.950    -1.05    1.09
 -55771.303    10.597    -0.94    1.08
 -55394.666    10.490    -0.29    1.04
 -55018.045    10.521     0.08    1.13
 -54641.437    10.929     1.08    1.03
 -54264.845    11.221     0.78    1.12
 -53888.267    11.569     0.92    1.30
 -53511.704    11.497    -0.19    1.28
 -53135.156    11.616     0.32    1.42
 -52758.622    11.551    -0.17    1.54
 -52382.103    11.388    -0.43    1.65
 -52005.599    11.331    -0.15    1.63
 -51629.109    11.197    -0.35    1.55
 -51252.634    10.664    -1.42    1.34
 -50876.174    10.435    -0.61    1.22
 -50499.729    10.109    -0.86    0.99
 -50123.298     9.831    -0.74    0.98
 -49746.881     9.832     0.00    1.21
 -49370.480     9.636    -0.52    1.22
 -48994.093     9.644     0.02    1.27
 -48617.721     9.831     0.50    1.18
 -48241.363     9.783    -0.13    0.95
 -47865.020    10.079     0.79    1.09
 -47488.691     9.878    -0.53    1.11
 -47112.378     9.712    -0.44    1.10
 -46736.079     9.616    -0.25    1.17
 -46359.794     9.545    -0.19    1.15
 -45983.524     9.735     0.51    1.54
 -45607.269     9.880     0.38    1.56
 -45231.028     9.932     0.14    1.62
 -44854.802     9.854    -0.21    1.51
 -44478.591     9.782    -0.19    1.59
 -44102.394     9.712    -0.19    1.53
 -43726.212     9.973     0.70    1.36
 -43350.044    10.092     0.32    1.31
 -42973.891     9.997    -0.25    1.35
 -42597.753     9.986    -0.03    1.43
 -42221.629     9.853    -0.35    1.23
 -41845.520     9.953     0.27    1.26
 -41469.425     9.993     0.11    1.28
 -41093.345     9.904    -0.24    1.28
 -40717.280     9.833    -0.19    1.20
 -40341.229     9.670    -0.43    1.15
 -39965.192     9.856     0.49    1.16
 -39589.170     9.660    -0.52    1.13
 -39213.163     9.664     0.01    1.09
 -38837.171     9.653    -0.03    1.04
 -38461.192     9.125    -1.40    1.18
 -38085.229     8.909    -0.57    1.12
 -37709.280     8.831    -0.21    1.16
 -37333.345     8.667    -0.43    1.15
 -36957.425     8.735     0.18    1.05
 -36581.520     8.375    -0.96    0.82
 -36205.629     8.465     0.24    0.88
 -35829.753     8.239    -0.60    1.04
 -35453.891     8.045    -0.52    1.25
 -35078.043     7.923    -0.32    1.43
 -34702.211     7.735    -0.50    1.58
 -34326.392     7.961     0.60    1.79
 -33950.589     8.216     0.68    1.62
 -33574.799     8.448     0.62    1.25
 -33199.025     8.116    -0.88    1.24
 -32823.264     7.660    -1.21    1.06
 -32447.519     7.507    -0.41    0.99
 -32071.787     7.489    -0.05    1.14
 -31696.071     7.491     0.01    1.12
 -31320.368     7.124    -0.98    1.25
 -30944.680     7.069    -0.15    1.45
 -30569.007     7.026    -0.11    1.49
 -30193.348     7.063     0.10    1.53
 -29817.704     7.499     1.16    1.75
 -29442.074     7.545     0.12    1.74
 -29066.458     7.045    -1.33    1.71
 -28690.857     6.973    -0.19    1.74
 -28315.271     6.783    -0.51    1.65
 -27939.699     6.382    -1.07    1.72
 -27564.141     6.075    -0.82    1.69
 -27188.598     5.856    -0.58    1.63
 -26813.069     5.997     0.38    1.95
 -26437.555     6.069     0.19    1.99
 -26062.055     5.997    -0.19    2.13
 -25686.570     5.807    -0.51    2.21
 -25311.099     5.388    -1.11    2.04
 -24935.642     4.854    -1.42    1.55
 -24560.200     4.657    -0.53    1.37
 -24184.772     4.854     0.53    1.72
 -23809.359     4.877     0.06    1.87
 -23433.960     4.970     0.25    1.96
 -23058.576     4.854    -0.31    1.96
 -22683.206     4.307    -1.46    1.63
 -22307.850     4.368     0.16    1.72
 -21932.509     4.714     0.92    1.70
 -21557.182     4.783     0.18    2.12
 -21181.869     5.164     1.02    1.85
 -20806.571     5.069    -0.25    1.82
 -20431.287     4.587    -1.28    2.03
 -20056.018     3.532    -2.81    2.69
 -19680.763     3.026    -1.35    2.60
 -19305.522     2.332    -1.85    2.75
 -18930.296     1.378    -2.54    2.60
 -18555.084     0.997    -1.02    2.75
 -18179.887     0.378    -1.65    2.80
 -17804.704     0.235    -0.38    2.91
 -17429.535     0.525     0.77    2.90
 -17054.380     0.966     1.18    2.68
 -16679.240     1.465     1.33    2.69
 -16304.115     1.365    -0.27    2.56
 -15929.003     1.538     0.46    2.72
 -15553.906     2.096     1.49    2.79
 -15178.823     2.648     1.47    2.44
 -14803.755     3.550     2.41    2.02
 -14428.701     4.283     1.95    1.21
 -14053.661     4.592     0.83    1.12
 -13678.636     4.755     0.43    1.17
 -13303.625     4.807     0.14    1.18
 -12928.628     4.859     0.14    1.11
 -12553.645     5.225     0.98    1.45
 -12178.677     5.272     0.12    1.91
 -11803.723     5.116    -0.41    2.21
 -11428.784     5.034    -0.22    2.12
 -11053.859     4.832    -0.54    1.94
 -10678.948     4.670    -0.43    1.68
 -10304.051     4.929     0.69    1.38
  -9929.169     4.926    -0.01    1.25
  -9554.301     5.378     1.21    1.42
  -9179.447     5.636     0.69    1.58
  -8804.607     5.714     0.21    1.62
  -8429.782     5.782     0.18    1.56
  -8054.971     5.857     0.20    1.41
  -7680.174     5.926     0.18    1.35
  -7305.392     6.490     1.50    1.21
  -6930.623     6.616     0.34    1.17
  -6555.869     6.521    -0.25    1.61
  -6181.130     6.932     1.10    2.19
  -5806.404     7.283     0.94    2.68
  -5431.693     7.225    -0.15    2.73
  -5056.996     7.854     1.68    2.64
  -4682.313     7.621    -0.62    2.68
  -4307.645     6.644    -2.61    2.31
  -3932.991     6.592    -0.14    2.33
  -3558.350     6.587    -0.01    2.03
  -3183.725     6.331    -0.69    1.80
  -2809.113     6.521     0.51    1.63
  -2434.516     6.235    -0.76    1.85
  -2059.932     5.538    -1.86    2.25
  -1685.364     5.016    -1.39    2.17
  -1310.809     4.709    -0.82    1.77
   -936.268     3.188    -4.06    2.95
   -561.742     1.627    -4.17    3.52
   -187.230     0.045    -4.23    3.17
    187.268    -1.120    -3.11    2.23
    561.752    -1.241    -0.32    1.89
    936.222    -0.583     1.76    2.21
   1310.677     0.544     3.01    3.32
   1685.118     2.489     5.19    3.04
   2059.545     4.063     4.21    1.74
   2433.958     3.514    -1.47    2.19
   2808.357     2.597    -2.45    2.43
   3182.741     2.319    -0.74    2.48
   3557.112     2.966     1.73    2.59
   3931.468     4.070     2.95    2.20
   4305.810     4.329     0.69    2.06
   4680.138     4.807     1.28    1.53
   5054.452     5.132     0.87    1.38
   5428.751     5.021    -0.30    1.34
   5803.037     4.935    -0.23    1.38
   6177.308     4.716    -0.59    1.58
   6551.565     5.114     1.07    2.00
   6925.808     5.545     1.15    2.50
   7300.037     6.002     1.22    2.54
   7674.252     7.002     2.67    2.79
   8048.453     8.852     4.94    2.89
   8425.240    10.096     3.30    3.20
   8802.269    10.354     0.68    2.72
   9179.284     9.235    -2.97    3.05
   9556.285     7.904    -3.53    3.28
   9933.271     5.783    -5.63    2.80
  10310.243     4.345    -3.82    2.05
  10687.201     3.616    -1.93    1.82
  11064.144     3.497    -0.32    1.83
  11441.073     3.497     0.00    1.14
  11817.988     3.660     0.43    1.20
  12194.888     3.857     0.52    1.06
  12571.774     4.295     1.16    1.21
  12948.646     4.612     0.84    1.35
  13325.503     4.970     0.95    1.46
  13702.347     5.880     2.42    1.60
  14079.175     6.997     2.96    2.33
  14455.990     8.368     3.64    2.57
  14832.790     9.685     3.50    2.45
  15209.576    10.045     0.96    1.99
  15586.348     9.735    -0.82    1.40
  15963.105     9.307    -1.14    1.49
  16339.849     8.621    -1.82    1.59
  16716.578     8.109    -1.36    1.52
  17093.292     8.417     0.82    1.76
  17469.993     8.929     1.36    1.75
  17846.679     9.612     1.81    1.82
  18223.350    10.481     2.31    1.86
  18600.008    10.783     0.80    1.70
  18976.651    11.045     0.70    1.65
  19353.281    10.856    -0.50    1.48
  19729.895    10.660    -0.52    1.39
  20106.496    10.664     0.01    1.46
  20483.082    10.660    -0.01    1.46
  20859.655    11.307     1.72    1.53
  21236.212    11.636     0.87    1.43
  21612.756    11.856     0.58    1.38
  21989.286    12.490     1.68    1.37
  22365.801    12.854     0.97    1.53
  22742.302    13.221     0.97    1.40
  23118.789    13.592     0.99    1.51
  23495.261    14.099     1.35    1.49
  23871.720    14.907     2.14    1.86
  24248.164    15.621     1.90    1.83
  24624.594    16.441     2.18    1.53
  25001.010    16.977     1.43    1.53
  25377.411    17.490     1.36    1.39
  25753.799    18.382     2.37    1.68
  26130.172    19.435     2.80    1.65
  26506.531    19.986     1.47    1.48
  26882.876    20.212     0.60    1.78
  27259.207    20.259     0.13    2.23
  27635.523    20.272     0.03    2.42
  28011.826    20.411     0.37    2.31
  28388.114    20.550     0.37    2.15
  28764.388    20.557     0.02    1.74
  29140.648    20.926     0.98    1.55
  29516.894    21.069     0.38    1.70
  29893.125    21.318     0.66    1.67
  30269.343    21.359     0.11    1.52
  30645.546    21.716     0.95    1.83
  31021.735    22.232     1.37    2.04
  31397.910    22.667     1.16    2.24
  31774.071    23.592     2.46    2.50
  32150.218    23.858     0.71    2.32
  32526.351    24.352     1.31    2.24
  32902.469    25.166     2.16    1.86
  33278.574    26.099     2.48    2.05
  33654.664    26.977     2.33    2.48
  34030.740    27.977     2.66    2.50
  34406.802    28.670     1.84    2.47
  34782.850    29.307     1.69    2.32
  35158.884    29.831     1.39    1.84
  35534.904    30.331     1.33    1.93
  35910.910    30.173    -0.42    1.95
  36286.901    29.923    -0.66    2.18
  36662.879    29.602    -0.85    1.95
  37038.842    30.092     1.31    1.95
  37414.792    30.878     2.09    2.39
  37790.727    31.616     1.96    2.52
  38166.648    32.926     3.48    2.21
  38542.555    33.757     2.21    2.21
  38918.448    34.929     3.12    2.12
  39294.327    36.182     3.33    2.40
  39670.192    37.124     2.51    2.17
  40046.043    38.319     3.18    2.12
  40421.880    39.426     2.94    2.26
  40797.703    40.831     3.74    2.15
  41173.511    41.640     2.15    1.64
  41549.306    42.563     2.46    1.62
  41925.087    43.490     2.47    1.99
  42300.853    44.735     3.31    2.13
  42676.606    46.272     4.09    2.64
  43052.344    48.140     4.97    2.97
  43428.069    49.116     2.60    2.64
  43803.779    50.207     2.90    2.51
  44179.476    50.270     0.17    2.83
  44555.158    49.831    -1.17    2.95
  44930.827    49.636    -0.52    3.30
  45306.481    49.002    -1.69    3.03
  45682.122    48.878    -0.33    2.40
  46057.748    49.465     1.56    2.24
  46433.361    50.232     2.04    2.58
  46808.959    51.973     4.64    2.67
  47184.544    53.490     4.04    2.53
  47560.114    54.538     2.79    2.76
  47935.670    56.075     4.09    3.07
  48311.213    57.032     2.55    2.85
  48686.741    57.853     2.19    2.80
  49062.256    58.653     2.13    2.89
  49437.757    58.563    -0.24    2.72
  49813.243    58.997     1.16    2.62
  50188.716    59.295     0.79    2.76
  50564.175    59.284    -0.03    2.49
  50939.619    59.602     0.85    2.59
  51315.050    60.829     3.27    3.05
  51690.467    61.307     1.27    3.01
  52065.870    61.831     1.40    2.27
  52441.259    62.354     1.40    2.75
  52816.634    63.320     2.57    2.84
  53191.995    64.170     2.27    2.64
  53567.342    64.961     2.11    2.64
  53942.675    65.249     0.77    2.61
  54317.994    65.688     1.17    2.32
  54693.300    66.396     1.89    2.22
  55068.591    67.420     2.73    2.26
  55443.868    68.228     2.15    2.26
  55819.132    68.880     1.74    2.32
  56194.382    70.307     3.80    3.09
  56569.617    72.148     4.91    4.22
  56944.839    75.016     7.64    4.73
  57320.047    76.755     4.64    4.29
  57695.241    79.069     6.17    4.41
  58070.421    81.051     5.28    4.07
  58445.588    85.221    11.12    6.09
  58820.740    87.368     5.72    5.48
  59195.879    88.221     2.28    5.20
  59571.003    90.197     5.27    5.40
  59946.114    89.831    -0.98    5.21
  60321.211    90.411     1.55    4.81
  60696.294    91.497     2.89    3.92
  61071.363    92.426     2.48    3.89
  61446.418    93.621     3.19    4.38
  61821.460    94.545     2.46    4.27
  62196.487    96.904     6.29    4.91
  62571.501    99.319     6.44    5.93
  62946.501   102.465     8.39    6.61
  63321.487   105.490     8.06    5.13
  63696.459   108.319     7.54    4.72
  64071.417   111.465     8.39    5.29
  64446.362   116.441    13.27    7.70
  64821.293   121.235    12.79   10.39
  65196.209   125.884    12.40   12.37
  65571.112   127.378     3.99   11.93
  65946.002   127.490     0.30    7.79
  66320.877   130.402     7.77    7.20
  66695.739   133.904     9.34    6.18
  67070.586   136.096     5.85    5.01
  67445.420   137.443     3.59    4.43
  67820.240   137.807     0.97    4.24
  68195.047   139.173     3.64    4.36
  68569.839   141.473     6.14    5.55
  68944.618   144.807     8.89    5.51
  69319.383   146.693     5.03    5.86
  69694.134   148.576     5.02    5.43
  70068.871   150.545     5.25    5.71
  70443.595   155.426    13.02    8.32
  70818.305   158.569     8.39   13.76
  71193.001   158.852     0.76   15.40
  71567.683   154.576   -11.41    8.95
  71942.351   153.109    -3.91    6.26
  72317.006   153.732     1.66    5.06
  72691.647   154.878     3.06    4.12
  73066.274   156.782     5.08    3.69
  73440.888   158.382     4.27    3.75
  73815.487   158.249    -0.36    4.01
  74190.073   158.707     1.22    4.54
  74564.646   158.957     0.67    4.84
  74939.204   158.640    -0.85    4.67
  75313.749   160.417     4.74    4.30
  75688.280   162.378     5.24    4.50
  76062.797   163.902     4.07    4.82
  76437.301   166.832     7.82    4.99
  76811.790   170.057     8.61    5.58
  77186.266   172.378     6.20    5.61
  77560.729   173.902     4.07    5.40
  77935.177   173.690    -0.56    6.00
  78309.612   173.902     0.56    5.66
  78684.033   174.283     1.02    5.46
  79058.441   175.173     2.38    5.75
  79432.835   176.878     4.56    5.74
  79807.215   178.099     3.26    6.25
  80181.581   179.173     2.87    6.22
  80555.934   182.197     8.08    6.00
  80930.273   183.450     3.35    5.65
  81304.598   184.882     3.83    5.23
  81678.910   185.188     0.82    4.99
  82053.208   185.499     0.83    4.66
  82427.492   186.235     1.97    4.51
  82801.763   187.246     2.70    4.42
  83176.254   187.202    -0.12    4.15
  83553.251   187.688     1.29    4.16
  83930.235   189.044     3.60    4.66
  84307.205   191.761     7.21    6.33
  84684.160   193.807     5.43    5.49
  85061.102   192.521    -3.41    5.31
  85438.030   189.977    -6.75    5.97
  85814.944   186.627    -8.89    5.10
  86191.845   184.375    -5.98    4.84
  86568.731   182.320    -5.45    4.90
  86945.604   180.099    -5.89    5.75
  87322.462   176.997    -8.23    6.41
  87699.307   172.448   -12.07    5.68
  88076.138   169.829    -6.95    5.59
  88452.955   168.832    -2.65    4.82
  88829.759   169.563     1.94    4.53
  89206.548   172.221     7.06    4.74
  89583.324   175.407     8.45    4.73
  89960.086   176.466     2.81    3.93
  90336.834   178.359     5.03    4.08
  90713.568   180.246     5.01    5.03
  91090.289   181.616     3.64    5.27
  91466.995   184.977     8.92    5.19
  91843.688   188.329     8.90    7.88
  92220.367   191.089     7.32   13.05
  92597.033   193.140     5.45   12.34
  92973.684   197.132    10.60   14.00
  93350.322   199.295     5.74   15.01
  93726.945   204.497    13.81   20.58
  94103.556   202.294    -5.85   17.51
  94480.152   201.569    -1.93   15.12
  94856.734   200.685    -2.35   11.07
  95233.303   201.331     1.71    6.31
  95609.858   205.904    12.15    6.72
  95986.399   209.107     8.50    5.93
  96362.927   212.270     8.40    5.82
  96739.440   214.904     7.00    4.81
  97115.940   217.069     5.75    4.55
  97492.426   219.212     5.69    4.62
  97868.899   220.902     4.49    4.71
  98245.357   223.712     7.46    6.51
  98621.802   229.441    15.22   15.12
  98998.234   230.709     3.37   14.71
  99374.651   228.902    -4.80   15.63
  99751.055   226.148    -7.32   16.33
 100127.445   221.140   -13.30   10.25
 100503.821   220.450    -1.83   15.02
 100880.183   219.737    -1.89   20.78
 101256.532   212.929   -18.09   19.42
 101632.867   206.124   -18.08    8.67
 102009.189   201.392   -12.57    6.59
 102385.496   198.197    -8.49    6.93
 102761.790   196.426    -4.71    6.56
 103138.070   195.538    -2.36    6.27
 103514.337   198.878     8.88    8.24
 103890.590   203.243    11.60    8.19
 104266.829   206.977     9.93    6.34
 104643.054   209.441     6.55    4.68
 105019.266   210.092     1.73    5.17
 105395.464   211.164     2.85    6.08
 105771.649   211.886     1.92    6.03
 106147.819   213.739     4.93    5.43
 106523.976   216.417     7.12    5.32
 106900.120   219.378     7.87    5.09
 107276.249   223.343    10.54    6.06
 107652.365   227.938    12.22    6.01
 108028.468   230.648     7.20    5.54
 108404.557   232.320     4.45    5.17
 108780.632   229.878    -6.49    6.78
 109156.693   225.221   -12.38    5.37
 109532.741   222.166    -8.13    5.21
 109908.775   219.920    -5.97    6.34
 110284.795   217.166    -7.33    6.70
 110660.802   215.709    -3.87    7.30
 111036.795   212.758    -7.85    7.30
 111412.775   210.557    -5.85    6.76
 111788.741   208.329    -5.92    6.85
 112164.693   205.096    -8.60    6.74
 112540.632   202.069    -8.05    7.22
 112916.557   199.481    -6.88    5.82
 113292.468   198.953    -1.40    5.50
 113668.366   200.354     3.73    5.99
 114044.250   203.602     8.64    5.84
 114420.121   208.426    12.83    6.36
 114795.978   214.973    17.42    8.05
 115171.822   218.164     8.49    7.06
 115547.651   218.807     1.71    6.45
 115923.468   216.757    -5.45    7.85
 116299.270   213.343    -9.08    7.79
 116675.059   210.457    -7.68    7.20
 117050.835   209.782    -1.79    6.14
 117426.597   211.880     5.58    8.82
 117802.345   214.378     6.65   15.96
 118178.080   218.685    11.46   26.02
 118553.801   219.156     1.25   32.34
 118929.509   213.197   -15.86   18.19
 119305.203   211.002    -5.84   13.15
 119680.883   208.099    -7.73    6.48
 120056.550   208.644     1.45    5.81
 120432.204   208.283    -0.96    5.36
 120807.844   206.331    -5.20    5.06
 121183.470   203.075    -8.67    5.73
 121559.083   200.832    -5.97    4.88
 121934.682   200.982     0.40    5.17
 122310.268   201.782     2.13    5.32
 122685.840   201.734    -0.13    5.16
 123061.398   201.021    -1.90    5.84
 123436.943   199.343    -4.47    6.18
 123812.475   199.755     1.10    6.51
 124187.993   199.569    -0.50    6.22
 124563.498   196.343    -8.59    8.23
 124938.989   192.514   -10.20    7.78
 125314.466   187.295   -13.90    6.20
 125689.930   185.307    -5.29    6.61
 126065.381   186.989     4.48    8.45
 126440.818   187.448     1.22    7.50
 126816.241   186.831    -1.64    6.52
 127191.651   187.878     2.79    6.28
 127567.048   188.679     2.13    6.33
 127942.431   189.420     1.98    5.92
 128317.800   189.359    -0.16    5.05
 128693.157   187.235    -5.66    6.49
 129068.499   186.283    -2.54    5.65
 129443.828   189.026     7.31    6.70
 129819.144   193.079    10.80    7.51
 130194.446   196.217     8.36    4.96
 130569.735   196.854     1.70    4.10
 130945.010   194.481    -6.32    4.16
 131320.272   192.283    -5.86    5.08
 131695.520   189.021    -8.69    5.94
 132070.755   187.207    -4.83    6.81
 132445.977   184.521    -7.16    6.53
 132821.185   182.282    -5.97    7.14
 133196.379   180.051    -5.95    7.84
 133571.561   176.636    -9.10    9.73
 133946.728   170.490   -16.38   10.22
 134321.883   163.929   -17.49    8.21
 134697.024   159.140   -12.76    7.72
 135072.151   154.685   -11.88    6.80
 135447.265   151.319    -8.97    6.04
 135822.366   149.283    -5.43    6.47
 136197.453   147.450    -4.89    6.47
 136572.527   145.497    -5.20    5.34
 136947.587   144.782    -1.91    5.21
 137322.634   145.782     2.66    6.75
 137697.667   149.982    11.20    7.87
 138072.688   153.973    10.64    6.83
 138447.694   156.402     6.48    6.16
 138822.688   156.563     0.43    5.39
 139197.668   155.950    -1.64    6.17
 139572.634   153.282    -7.11    6.82
 139947.588   151.096    -5.83    7.53
 140322.528   148.690    -6.42    6.97
 140697.454   145.977    -7.24    6.82
 141072.367   143.441    -6.77    7.57
 141447.267   139.685   -10.02    7.48
 141822.153   137.422    -6.03    6.47
 142197.026   135.534    -5.04    6.05
 142571.886   136.294     2.03    5.97
 142946.732   137.735     3.84    5.42
 143321.565   135.973    -4.70    5.79
 143696.385   133.832    -5.71    7.16
 144071.191   129.489   -11.59    7.59
 144445.984   127.280    -5.89    6.83
 144820.763   126.783    -1.33    6.60
 145195.530   127.782     2.67    7.30
 145570.283   128.712     2.48    6.82
 145945.022   128.545    -0.44    6.14
 146319.748   126.576    -5.25    6.49
 146694.461   124.188    -6.37    5.91
 147069.161   123.448    -1.97    5.67
 147443.847   122.441    -2.69    5.46
 147818.520   120.368    -5.53    5.51
 148193.180   120.514     0.39    5.86
 148567.826   122.538     5.40    7.22
 148942.459   126.197     9.76    8.99
 149317.079   133.507    19.51    9.99
 149691.685   138.270    12.71    7.67
 150066.279   140.973     7.22    6.58
 150440.858   142.107     3.03    6.28
 150815.425   140.621    -3.97    6.64
 151189.978   140.270    -0.94    7.13
 151564.518   141.382     2.97    8.13
 151939.045   143.538     5.76    7.51
 152313.559   145.354     4.85    8.20
 152688.059   148.854     9.34    7.78
 153062.546   152.514     9.77    7.40
 153437.019   154.538     5.41    5.75
 153811.480   154.557     0.05    4.65
 154185.927   154.114    -1.18    4.66
 154560.361   152.388    -4.61    5.36
 154934.781   150.343    -5.46    5.62
 155309.189   148.441    -5.08    6.76
 155683.583   147.831    -1.63    6.73
 156057.964   148.268     1.17    7.37
 156432.332   155.854    20.26   26.03
 156806.686   157.909     5.49   27.26
 157181.027   155.450    -6.57   27.16
 157555.355   153.759    -4.52   26.14
 157929.670   148.831   -13.16    9.29
 158304.674   149.365     1.42    5.90
 158681.631   152.070     7.18    8.71
 159058.574   152.411     0.91   12.68
 159435.503   151.282    -3.00   17.71
 159812.419   144.759   -17.30   17.80
 160189.322   139.783   -13.20   15.63
 160566.212   140.243     1.22   22.87
 160943.087   140.997     2.00   27.13
 161319.950   144.653     9.70   28.95
 161696.799   139.259   -14.31   28.21
 162073.635   127.514   -31.16    9.20
 162450.457   124.371    -8.34    7.07
 162827.266   121.545    -7.50    5.45
 163204.062   119.532    -5.34    2.14
 163580.844   119.002    -1.41    1.25
 163957.613   118.807    -0.52    0.00
 164334.368   118.807     0.00    0.00
 164711.110   118.807     0.00    0.00
 165087.839   118.807     0.00    0.00
 165464.555   118.953     0.39    0.94
 165841.257   120.407     3.86    6.93
 166217.945   120.929     1.39    7.62
 166594.621   120.929     0.00    7.62
 166971.283   119.878    -2.79    4.12
 167347.931   118.807    -2.84    0.00
 167724.566   118.807     0.00    0.00
 168101.188   119.092     0.76    1.57
 168477.797   119.140     0.13    1.59
 168854.392   119.188     0.13    1.61
 169230.974   119.270     0.22    1.67
 169607.543   119.007    -0.70    0.65
 169984.098   120.148     3.03    3.86
 170360.640   122.173     5.38    5.59
 170737.169   123.709     4.08    6.24
 171113.684   123.392    -0.84    6.44
 171490.186   120.657    -7.26    6.20
 171866.675   116.882   -10.03    6.67
 172243.150   113.707    -8.43    6.16
 172619.613   109.782   -10.42    5.94
 172996.061   107.343    -6.48    5.95
 173372.497   106.307    -2.75    5.68
 173748.919   104.904    -3.73    5.49
 174125.328   103.653    -3.32    4.58
 174501.724   103.164    -1.30    4.63
 174878.106   102.173    -2.63    4.91
 175254.475   102.021    -0.40    5.58
 175630.831    99.831    -5.82    5.77
 176007.174    98.096    -4.61    5.70
 176383.503    96.852    -3.31    5.15
 176759.819    94.032    -7.49    6.51
 177136.122    91.051    -7.92    6.01
 177512.411    86.051   -13.29    6.77
 177888.688    82.499    -9.44    6.22
 178264.951    79.739    -7.34    6.42
 178641.201    76.961    -7.38    5.34
 179017.437    74.904    -5.46    3.93
 179393.660    76.709     4.80    6.74
 179769.870    79.982     8.70    9.38
 180146.067    87.170    19.11   11.36
 180522.251    94.280    18.90   10.11
 180898.421    97.295     8.01    8.03
 181274.578    96.021    -3.39    8.45
 181650.722    92.197   -10.17   10.24
 182026.853    83.898   -22.06   13.81
 182402.970    78.602   -14.08   12.54
 182779.075    76.497    -5.59    9.77
 183155.166    79.069     6.84   10.21
 183531.244    86.831    20.64   11.05
 183907.308    93.953    18.94    9.30
 184283.360    98.807    12.91    9.20
 184659.398   104.417    14.92    8.55
 185035.423   108.182    10.01    6.53
 185411.435   112.368    11.13    6.53
 185787.434   116.417    10.77    6.48
 186163.419   121.002    12.19    8.02
 186539.392   134.982    37.18   29.43
 186915.351   168.422    88.93   73.30
 187291.297   229.319   161.96  115.15
 187667.229   298.807   184.81  125.05
 188043.149   337.664   103.35  108.20
 188419.056   346.116    22.48   87.29
 188794.949   318.521   -73.40   77.88
 189170.829   280.332  -101.59   77.02
 189546.696   231.904  -128.82   73.77
 189922.550   181.099  -135.15   46.79
 190298.391   147.904   -88.31   30.30
 190674.218   128.051   -52.82   16.58
 191050.033   118.734   -24.79    7.95
 191425.834   113.832   -13.04    5.29
 191801.622   112.354    -3.93    4.28
 192177.397   113.038     1.82    4.52
 192553.159   113.378     0.91    5.43
 192928.908   114.212     2.22    5.05
 193304.643   115.246     2.75    4.52
 193680.366   115.878     1.68    4.39
 194056.075   117.166     3.43    4.45
 194431.772   120.852     9.81    7.02
 194807.455   125.612    12.67    9.28
 195183.125   130.378    12.69   13.18
 195558.782   134.063     9.81   12.45
 195934.426   134.228     0.44   11.15
 196310.057   134.716     1.30    5.90
 196685.674   136.982     6.03    5.56
 197061.279   139.450     6.57    5.38
 197436.870   142.831     9.00    6.40
 197812.449   144.473     4.37    6.10
 198188.014   145.760     3.43    5.08
 198563.566   147.602     4.90    4.79
 198939.106   149.632     5.41    5.60
 199314.632   152.368     7.28    5.91
 199690.145   155.636     8.70    5.26
 200065.645   156.878     3.31    4.11
 200441.132   155.307    -4.18    4.16
 200816.606   154.482    -2.20    3.91
 201192.067   155.538     2.81    4.87
 201567.514   157.563     5.39    5.79
 201942.949   159.319     4.68    5.57
 202318.371   158.688    -1.68    6.02
 202693.779   158.432    -0.68    5.81
 203069.175   160.682     5.99    5.84
 203444.558   161.807     3.00    4.91
 203819.927   160.904    -2.40    4.81
 204195.284   156.997   -10.41    5.92
 204570.627   153.592    -9.07    5.70
 204945.958   149.707   -10.35    5.52
 205321.275   147.432    -6.06    5.53
 205696.579   146.124    -3.48    5.20
 206071.871   144.045    -5.54    5.74
 206447.149   141.929    -5.64    6.01
 206822.415   140.563    -3.64    6.09
 207197.667   137.907    -7.08    4.56
 207572.906   136.517    -3.70    3.81
 207948.133   134.249    -6.05    5.19
 208323.346   130.660    -9.56    5.35
 208698.547   127.465    -8.51    5.25
 209073.734   123.307   -11.08    5.00
 209448.908   121.807    -4.00    4.12
 209824.070   121.148    -1.76    4.44
 210199.218   121.089    -0.16    5.04
 210574.354   120.926    -0.43    4.31
 210949.476   121.997     2.86    4.61
 211324.586   124.357     6.29    5.83
 211699.682   127.943     9.56    5.88
 212074.766   132.649    12.54    5.40
 212449.837   136.926    11.40    6.74
 212824.894   141.307    11.68    5.85
 213199.939   142.465     3.09    4.93
 213574.971   141.950    -1.37    5.97
 213949.990   137.730   -11.25    6.15
 214324.996   136.021    -4.56    5.68
 214699.989   136.660     1.70    7.15
 215074.969   138.212     4.14    7.32
 215449.936   141.246     8.09    6.67
 215824.890   142.880     4.36    6.42
 216199.831   141.051    -4.88    6.45
 216574.760   140.457    -1.58    6.12
 216949.675   139.032    -3.80    6.18
 217324.578   136.854    -5.81    6.39
 217699.467   135.402    -3.87    6.11
 218074.344   134.283    -2.98    4.85
 218449.208   135.021     1.97    4.27
 218824.058   137.688     7.11    6.23
 219198.896   141.755    10.85    7.76
 219573.721   146.807    13.47    6.92
 219948.533   149.607     7.47    5.25
 220323.333   149.173    -1.16    5.78
 220698.119   147.758    -3.77    6.06
 221072.893   146.026    -4.62    6.35
 221447.653   144.402    -4.33    7.33
 221822.401   143.679    -1.93    7.35
 222197.136   142.272    -3.75    6.02
 222571.858   141.441    -2.22    4.58
 222946.567   143.450     5.36    5.23
 223321.263   146.685     8.63    6.33
 223695.946   150.438    10.02    5.79
 224070.617   152.329     5.05    5.42
 224445.274   153.473     3.05    4.70
 224819.919   154.417     2.52    4.42
 225194.551   157.929     9.37    5.56
 225569.170   160.704     7.41    5.65
 225943.776   162.534     4.88    5.09
 226318.370   162.675     0.38    5.32
 226692.950   159.856    -7.53    6.15
 227067.518   157.069    -7.44    4.78
 227442.073   157.417     0.93    5.18
 227816.615   159.759     6.25    5.50
 228191.144   161.704     5.19    5.33
 228565.661   164.782     8.22    5.77
 228940.164   166.953     5.80    5.46
 229314.655   168.124     3.13    5.31
 229689.133   168.490     0.98    5.45
 230063.598   167.026    -3.91    6.45
 230438.050   165.307    -4.59    6.21
 230812.490   165.576     0.72    7.02
 231186.917   168.343     7.39    6.29
 231561.330   170.283     5.18    5.96
 231935.732   170.758     1.27    5.97
 232310.120   173.473     7.25    7.38
 232684.495   177.026     9.49    6.67
 233058.858   177.636     1.63    5.83
 233434.362   176.107    -4.07    6.09
 233811.277   175.417    -1.83    5.66
 234188.179   174.907    -1.35    5.66
 234565.068   177.282     6.30    6.16
 234941.945   177.685     1.07    5.13
 235318.808   176.832    -2.26    4.97
 235695.658   174.235    -6.89    6.36
 236072.496   170.550    -9.78    5.30
 236449.320   166.538   -10.64    5.15
 236826.132   163.497    -8.07    5.87
 237202.930   161.038    -6.53    5.41
 237579.716   159.307    -4.59    6.21
 237956.488   156.807    -6.63    6.51
 238333.248   154.307    -6.63    5.77
 238709.995   152.902    -3.73    5.96
 239086.729   149.157    -9.94    6.49
 239463.450   145.458    -9.82    5.88
 239840.158   143.517    -5.15    5.20
 240216.853   142.132    -3.68    4.69
 240593.535   140.636    -3.97    4.44
 240970.205   139.685    -2.52    4.13
 241346.861   138.225    -3.87    4.96
 241723.504   137.320    -2.40    5.17
 242100.135   135.092    -5.91    5.73
 242476.753   133.354    -4.61    4.48
 242853.358   133.878     1.39    6.14
 243229.950   134.712     2.21    6.59
 243606.529   136.909     5.84    6.63
 243983.095   137.616     1.88    7.45
 244359.648   137.904     0.76    8.58
 244736.189   141.378     9.22   10.58
 245112.716   143.514     5.67   10.79
 245489.231   142.982    -1.41   10.62
 245865.733   141.173    -4.80    9.67
 246242.222   137.657    -9.34    6.82
 246618.698   138.392     1.95    6.16
 246995.161   139.295     2.40    5.44
 247371.611   140.378     2.88    6.15
 247748.049   145.957    14.82   12.79
 248124.473   153.392    19.75   14.09
 248500.885   163.782    27.60   13.05
 248877.284   173.926    26.94   11.99
 249253.670   178.282    11.57   10.05
 249630.044   177.616    -1.77   10.13
 250006.404   173.997    -9.61   12.69
 250382.752   166.657   -19.50    8.85
 250759.087   164.507    -5.71   13.89
 251135.409   160.880    -9.64   15.10
 251511.718   157.465    -9.07   15.26
 251888.014   151.051   -17.04   10.20
 252264.298   145.026   -16.01    6.43
 252640.569   140.757   -11.34    5.73
 253016.827   138.402    -6.26    5.63
 253393.072   136.679    -4.58    4.83
 253769.304   134.514    -5.75    4.99
 254145.524   130.783    -9.92    6.89
 254521.730   127.781    -7.98    6.90
 254897.924   126.926    -2.27    6.29
 255274.106   125.550    -3.66    5.65
 255650.274   127.092     4.10    6.34
 256026.430   126.426    -1.77    6.04
 256402.572   125.732    -1.84    6.05
 256778.703   125.690    -0.11    6.10
 257154.820   125.991     0.80    6.88
 257530.924   129.156     8.41    7.99
 257907.016   133.782    12.30    6.70
 258283.095   134.354     1.52    6.64
 258659.161   132.473    -5.00    8.04
 259035.215   129.807    -7.09    6.56
 259411.255   128.057    -4.65    4.93
