# NaN NaN NaN ;Mean Elev.(m), Avg Gradient(m/km), RMS Gradient(m/km) - SRTM1     
#   49.456   0.074   1.907 ;Mean Elev.(m), Avg Gradient(m/km), RMS Gradient(m/km) - ASTER GDEM
#   49.797  -0.074   1.870 ;Mean Elev.(m), Avg Gradient(m/km), RMS Gradient(m/km) - GMTED2010 
  7  85.112794  25.664413    46.960    46.672  5 52470.19175467 25.963
  8  85.112915  25.663437   342.498   342.376  5 52505.19173819 26.838
 10  85.112152  25.664437    46.237    45.972  5 52575.19176643 31.626
 11  85.113558  25.661462    44.678    44.839  4 52610.19172771 33.483
 12  85.116880  25.664718    43.348    43.589  5 52645.19171681 44.909
 13  85.120280  25.663758    43.490    43.641  3 52680.19169295 34.343
 15  85.102391  25.661981    45.460    45.446  5 52750.19176819 21.388
 16  85.117816  25.665222    48.407    47.809  5 52785.19170954 16.533
 17  85.116304  25.661137    46.986    46.266  4 52820.19178558 42.419
 18  85.119319  25.664011    49.488    49.407  4 52855.19183320 24.664
 20  85.111362  25.662956    49.115    49.058  5 52925.19182003 35.874
 21  85.125239  25.665419    45.952    46.044  4 52960.19178657 40.965
 22  85.116408  25.663905    44.993    44.854  4 52995.19182189 34.229
 23  85.113661  25.663960    46.015    45.487  4 53030.19178517 21.346
 25  85.108009  25.661987    44.447    44.252  5 53100.19179887 22.482
 28  85.113933  25.663294    48.035    47.667  5 53205.19186144 26.755
 29  85.119112  25.665061    50.848    50.859  4 53240.19182893 28.706
 56  85.112303  25.660595    44.408    43.789  4 54185.19172566 24.341
 57  85.116476  25.664982    43.532    43.458  5 54220.19175575 31.461
 58  85.115813  25.664388    45.270    44.290  5 54255.19177965 34.398
 59  85.117681  25.663813    46.054    46.052  4 54290.19178252 45.747
 60  85.117318  25.663238    49.784    49.769  3 54325.19178008 48.683
 61  85.113073  25.660910    49.125    49.148  4 54360.19173403 36.721
 62  85.117898  25.664166    46.770    46.808  4 54395.19172009 50.327
 63  85.116103  25.664433    44.926    44.896  5 54430.19168366 47.689
 64  85.119047  25.663576    43.500    43.461  4 54465.19170003 31.244
 66  85.117883  25.664333    43.074    42.878  5 54535.19171453 38.435
 67  85.114068  25.661182    45.143    45.480  4 54570.19169876 27.773
 68  85.116345  25.663854    43.731    43.233  4 54605.19170866 23.614
 69  85.115003  25.664527    48.599    48.900  5 54640.19171874 25.973
 70  85.115156  25.665572    50.957    50.762  5 54675.19172066 33.318
 71  85.116507  25.665324    51.423    51.383  5 54710.19167723 47.333
 72  85.115755  25.661115    49.209    49.209  4 54745.19168901 24.452
 73  85.117008  25.664786    45.670    45.713  5 54780.19166190 50.349
 74  85.117940  25.664942    44.656    44.691  5 54815.19168113 35.845
 75  85.115857  25.665190    44.746    44.166  5 54850.19166026 35.128
 76  85.116033  25.665441    45.062    44.427  5 54885.19168531 29.289
 77  85.110130  25.660518    43.535    43.515  4 54920.19166276 26.006
 78  85.116291  25.663902    44.370    43.796  4 54955.19168010 28.941
 79  85.112978  25.660983    44.818    44.028  4 54990.19170477 32.532
 80  85.116598  25.664768    45.271    45.196  5 55025.19169529 29.041
 81  85.116438  25.664592    48.396    48.344  5 55060.19168911 35.687
 82  85.111939  25.660733    49.071    49.003  4 55095.19164198 28.224
 83  85.116186  25.663319    47.123    47.142  4 55130.19163189 47.786
 84  85.116267  25.663930    45.008    45.005  4 55165.19160310 47.336
 85  85.115641  25.661099    43.977    43.987  4 55200.19162385 32.486
 86  85.113757  25.664127    43.805    43.780  5 55235.19160913 43.442
 87  85.116128  25.663308    43.515    43.503  4 55270.19161792 32.775
 88  85.114605  25.663336    43.533    43.492  5 55305.19158949 32.630
 89  85.116847  25.664698    43.725    43.740  5 55340.19158906 32.484
 90  85.116537  25.665819    43.523    43.522  5 55375.19158128 29.791
 91  85.118556  25.664877    48.958    48.970  5 55410.19160312 24.214
 92  85.116631  25.664617    50.780    50.626  5 55445.19159764 32.293
 93  85.114325  25.665032    48.595    48.592  5 55480.19153288 40.194
