# NaN NaN NaN ;Mean Elev.(m), Avg Gradient(m/km), RMS Gradient(m/km) - SRTM1     
#   41.893  -0.066   2.438 ;Mean Elev.(m), Avg Gradient(m/km), RMS Gradient(m/km) - ASTER GDEM
#   50.072   0.123   2.396 ;Mean Elev.(m), Avg Gradient(m/km), RMS Gradient(m/km) - GMTED2010 
  6    48.980 52419.19371020 26.16  84.414914  25.743453 17.512
  6    48.763 52419.19371084 22.67  84.414074  25.740163 17.512
  6    52.002 52419.19371149 15.53  84.413234  25.736863 17.512
  7    49.458 52454.19373463 22.23  84.414282  25.748110 10.209
  7    49.325 52454.19373528 24.12  84.413442  25.744820 10.209
  7    52.700 52454.19373592 17.06  84.412597  25.741526 11.927
  8    50.602 52489.19371424 20.75  84.419301  25.736286 18.733
  8    52.273 52489.19371489 16.34  84.418461  25.732996 18.733
  9    53.344 52524.19368881 18.77  84.415871  25.744970 14.645
  9    53.245 52524.19368946 19.08  84.415031  25.741670 14.645
  9    53.246 52524.19369010 18.12  84.414191  25.738380 14.645
 10    51.091 52559.19373879 26.67  84.416216  25.743615 18.640
 10    51.030 52559.19373943 21.69  84.415376  25.740325 18.640
 10    51.028 52559.19374008 18.33  84.414536  25.737025 18.640
 11    50.077 52594.19374050 25.68  84.413372  25.751624 10.013
 11    49.872 52594.19374114 24.43  84.412532  25.748334 10.013
 11    49.951 52594.19374179 21.11  84.411692  25.745044 10.013
 11    52.853 52594.19374243 17.24  84.410852  25.741744 10.013
 13    49.182 52664.19370354 45.02  84.416104  25.744032 22.434
 13    48.778 52664.19370418 46.52  84.415264  25.740742 22.434
 13    48.667 52664.19370482 30.37  84.414424  25.737452 22.434
 14    49.125 52699.19367936 25.14  84.423960  25.734145 10.382
 14    48.796 52699.19368000 21.62  84.423120  25.730855 10.382
 14    48.716 52699.19368065 16.62  84.422280  25.727565 10.382
 15    48.313 52734.19370612 22.23  84.421407  25.733766  5.221
 15    51.889 52734.19370676 16.06  84.420567  25.730476  5.221
 15    52.682 52734.19370741 15.81  84.419727  25.727176  5.221
 16    48.204 52769.19370018 24.36  84.414632  25.748828  7.220
 16    52.658 52769.19370083 20.71  84.413792  25.745528  7.220
 16    52.672 52769.19370147 17.83  84.412952  25.742238  7.220
 17    52.288 52804.19373030 13.42  84.418491  25.736038 10.348
 17    51.682 52804.19373095 13.01  84.417651  25.732738 10.348
 18    52.167 52839.19379312 21.33  84.419158  25.734207 22.221
 18    54.738 52839.19379376 24.21  84.418318  25.730917 22.221
 19    57.104 52874.19383218 30.95  84.418061  25.737144 29.714
 19    57.012 52874.19383283 37.57  84.417221  25.733854 29.714
 22    50.053 52979.19379808 45.51  84.418782  25.735912 24.065
 22    50.003 52979.19379873 36.96  84.417942  25.732622 24.065
 23    49.862 53014.19379427 47.97  84.414965  25.745821 24.362
 23    49.884 53014.19379491 51.46  84.414125  25.742521 24.362
 23    49.720 53014.19379556 46.66  84.413285  25.739231 24.362
 24    49.477 53049.19376813 51.00  84.418737  25.735245 28.691
 24    49.081 53049.19376878 42.21  84.417897  25.731945 28.691
 28    50.174 53189.19381515 18.66  84.422075  25.732822  9.028
 28    51.789 53189.19381579 14.35  84.421235  25.729532  9.028
 28    52.431 53189.19381643 12.91  84.420395  25.726232  9.028
 29    53.202 53224.19382856 17.57  84.417643  25.736433 12.920
 29    55.507 53224.19382921 15.28  84.416803  25.733143 12.920
 30    53.209 53259.19380129 51.90  84.413070  25.749576 23.769
 30    53.140 53259.19380194 50.62  84.412230  25.746286 23.769
 30    53.031 53259.19380258 48.75  84.411390  25.742996 23.769
 57    49.423 54204.19371314 22.28  84.418512  25.738461 12.815
 57    49.163 54204.19371379 22.33  84.417672  25.735161 12.815
 57    52.234 54204.19371443 16.54  84.416832  25.731871 12.815
 58    48.845 54239.19374740 35.68  84.418080  25.738266 23.807
 58    48.427 54239.19374804 34.23  84.417240  25.734966 23.807
 59    49.466 54274.19376473 18.25  84.417692  25.739148 16.289
 59    49.238 54274.19376537 21.41  84.416852  25.735858 16.289
 59    49.181 54274.19376602 19.18  84.416012  25.732558 16.289
 60    53.302 54309.19376670 52.21  84.417941  25.738167 27.821
 60    53.330 54309.19376734 51.14  84.417101  25.734867 27.821
 61    54.134 54344.19374327 27.44  84.416601  25.740664 23.220
 61    54.219 54344.19374392 25.65  84.415761  25.737364 23.220
 61    55.406 54344.19374456 31.57  84.414921  25.734074 23.220
 62    53.054 54379.19370261 35.50  84.418524  25.737871 21.643
 62    53.108 54379.19370325 25.26  84.417684  25.734581 21.643
 62    54.531 54379.19370390 28.56  84.416844  25.731281 21.643
 63    50.281 54414.19369128 40.36  84.417083  25.742159 19.850
 63    50.043 54414.19369193 51.19  84.416243  25.738869 19.850
 63    49.866 54414.19369257 52.83  84.415403  25.735579 19.850
 64    49.133 54449.19367012 29.60  84.418246  25.734773 18.107
 64    48.972 54449.19367077 36.87  84.417406  25.731483 18.107
 66    48.440 54519.19368364 30.84  84.419159  25.735622 17.449
 66    48.106 54519.19368428 25.72  84.418319  25.732322 17.449
 67    47.980 54554.19369692 27.64  84.416190  25.742684 20.672
 67    48.075 54554.19369756 27.44  84.415350  25.739384 20.672
 67    47.993 54554.19369820 39.37  84.414510  25.736094 20.672
 68    48.224 54589.19367857 36.05  84.417920  25.738380 17.429
 68    47.647 54589.19367921 33.77  84.417080  25.735090 17.429
 69    48.104 54624.19369601 41.49  84.416713  25.739691 17.924
 69    48.124 54624.19369666 46.18  84.415873  25.736401 17.924
 70    55.625 54659.19370402 35.69  84.416344  25.742723 22.270
 70    55.448 54659.19370467 31.15  84.415504  25.739433 22.270
 70    55.638 54659.19370531 32.62  84.414664  25.736133 22.270
 71    57.230 54694.19368451 26.22  84.416986  25.740612 33.364
 71    57.498 54694.19368515 28.68  84.416146  25.737322 33.364
 71    57.500 54694.19368580 35.32  84.415306  25.734022 33.364
 72    55.008 54729.19365961 23.15  84.418464  25.735529 21.470
 72    56.144 54729.19366025 21.95  84.417624  25.732239 21.470
 73    50.788 54764.19366339 42.58  84.416640  25.738766 31.829
 73    51.028 54764.19366403 43.97  84.415800  25.735476 31.829
 74    49.883 54799.19365313 52.16  84.417966  25.735834 28.350
 74    49.712 54799.19365377 54.03  84.417126  25.732534 28.350
 75    49.303 54834.19365351 35.00  84.416720  25.739826 28.794
 75    49.276 54834.19365415 48.83  84.415880  25.736536 28.794
 76    49.019 54869.19364992 29.35  84.419472  25.736623 23.037
 76    48.912 54869.19365056 47.72  84.418632  25.733323 23.037
 76    48.507 54869.19365121 52.31  84.417792  25.730033 23.037
 77    48.710 54904.19366196 36.47  84.414795  25.745929 18.900
 77    48.533 54904.19366260 51.42  84.413955  25.742629 18.900
 77    48.381 54904.19366325 52.17  84.413115  25.739339 18.900
 78    48.226 54939.19364049 18.03  84.418024  25.736371  8.986
 78    51.351 54939.19364113 16.50  84.417174  25.733071  8.986
 79    47.950 54974.19367089 28.74  84.417465  25.739700 13.725
 79    47.696 54974.19367154 26.36  84.416625  25.736410 13.725
 79    47.858 54974.19367218 20.17  84.415785  25.733120 13.725
 80    47.824 55009.19368468 40.42  84.415849  25.741003 12.756
 80    47.409 55009.19368533 37.64  84.415009  25.737713 12.756
 81    52.109 55044.19367511 20.82  84.417326  25.736594 11.466
 81    55.549 55044.19367575 16.66  84.416486  25.733304 11.466
 82    52.138 55079.19365073 32.09  84.416572  25.742809 20.788
 82    51.926 55079.19365137 21.60  84.415732  25.739519 20.788
 82    52.244 55079.19365202 15.90  84.414892  25.736219 20.788
 83    52.306 55114.19360801 27.83  84.417934  25.735914 23.268
 83    52.325 55114.19360866 42.85  84.417094  25.732624 23.268
 84    49.942 55149.19360701 20.53  84.416431  25.741834 19.212
 84    50.191 55149.19360765 20.85  84.415591  25.738544 19.212
 84    50.088 55149.19360830 35.36  84.414751  25.735254 19.212
 85    49.334 55184.19359078 27.77  84.417951  25.734693 22.975
 85    49.205 55184.19359143 39.45  84.417111  25.731393 22.975
 86    49.379 55219.19360500 45.17  84.415889  25.741484 23.099
 86    49.048 55219.19360564 51.80  84.415049  25.738194 23.099
 87    48.595 55254.19358719 26.98  84.418952  25.734357 23.896
 87    48.555 55254.19358784 42.61  84.418112  25.731067 23.896
 88    48.193 55289.19359377 27.90  84.415388  25.743977 17.283
 88    48.005 55289.19359442 28.82  84.414548  25.740687 17.283
 88    48.210 55289.19359506 41.44  84.413708  25.737387 17.283
 89    48.149 55324.19357208 31.41  84.416497  25.743169 17.903
 89    47.701 55324.19357273 47.33  84.415657  25.739869 17.903
 89    47.978 55324.19357337 52.64  84.414817  25.736579 17.903
 90    48.059 55359.19357094 35.94  84.416412  25.741578 15.009
 90    47.396 55359.19357159 43.68  84.415572  25.738288 15.009
 90    47.443 55359.19357223 29.54  84.414732  25.734998 15.009
 91    48.969 55394.19357572 38.44  84.417495  25.736616 21.531
 91    49.015 55394.19357636 23.69  84.416655  25.733326 21.531
 92    53.272 55429.19358702 41.14  84.418185  25.737677 24.270
 92    53.504 55429.19358766 30.71  84.417345  25.734387 24.270
 93    56.652 55464.19354970 45.51  84.416958  25.740467 28.999
 93    56.580 55464.19355034 36.91  84.416118  25.737167 28.999
 93    56.684 55464.19355098 40.84  84.415278  25.733877 28.999
