# NaN NaN NaN ;Mean Elev.(m), Avg Gradient(m/km), RMS Gradient(m/km) - SRTM1     
#   11.155  -0.239   1.655 ;Mean Elev.(m), Avg Gradient(m/km), RMS Gradient(m/km) - ASTER GDEM
#   16.042  -0.251   2.257 ;Mean Elev.(m), Avg Gradient(m/km), RMS Gradient(m/km) - GMTED2010 
  7    15.369 52473.65965429 26.16  88.675140  24.325762 22.901
  7    16.718 52473.65965493 19.54  88.674310  24.329062 22.901
  7    17.746 52473.65965558 19.99  88.673480  24.332352 22.901
  8    12.554 52508.65962199 38.78  88.681527  24.328324 38.974
  8    12.546 52508.65962263 25.96  88.680707  24.331614 38.974
  8    13.350 52508.65962328 21.74  88.679877  24.334904 38.974
  9    16.638 52543.65961257 37.74  88.683034  24.328964 29.861
  9    17.534 52543.65961321 22.75  88.682214  24.332254 29.861
  9    18.217 52543.65961386 21.31  88.681384  24.335554 29.861
 11    11.644 52613.65962376 28.89  88.677872  24.327593 38.827
 11    11.437 52613.65962440 43.11  88.677052  24.330893 38.827
 11    12.161 52613.65962505 51.13  88.676222  24.334183 38.827
 12    10.378 52648.65960532 27.86  88.680647  24.327369 26.872
 12    10.624 52648.65960596 40.14  88.679817  24.330659 26.872
 12    10.963 52648.65960661 47.90  88.678997  24.333959 26.872
 13    10.529 52683.65958315 46.96  88.686972  24.328218 36.054
 13    10.655 52683.65958380 52.29  88.686142  24.331508 36.054
 13    10.583 52683.65958444 52.36  88.685318  24.334809 31.480
 13    10.550 52683.65958509 47.41  88.684488  24.338099 31.480
 14   -65.477 52718.65963872 24.07  88.676290  24.327532 13.274
 14   -65.507 52718.65963936 35.12  88.675460  24.330822 13.274
 14   -65.488 52718.65964001 40.89  88.674630  24.334112 13.274
 16    10.905 52788.65961010 17.89  88.675112  24.326571 20.303
 16    10.560 52788.65961074 28.44  88.674292  24.329861 20.303
 16    10.798 52788.65961138 36.36  88.673462  24.333161 20.303
 17    16.921 52823.65968141 17.17  88.677528  24.328652 19.788
 17    17.740 52823.65968206 20.07  88.676698  24.331942 19.788
 17    18.267 52823.65968270 22.09  88.675878  24.335242 19.788
 18    17.386 52858.65972726 45.34  88.680953  24.326066 40.050
 18    17.468 52858.65972790 41.82  88.680123  24.329356 40.050
 18    17.378 52858.65972855 28.38  88.679303  24.332656 40.050
 18    18.029 52858.65972919 22.81  88.678473  24.335946 40.050
 19    18.474 52893.65975894 49.82  88.676338  24.326837 39.477
 19    18.503 52893.65975959 47.93  88.675508  24.330137 39.477
 19    18.375 52893.65976023 36.46  88.674688  24.333427 39.477
 20    17.058 52928.65970937 40.77  88.679386  24.327177 23.844
 20    17.202 52928.65971001 29.94  88.678566  24.330477 23.844
 20    16.249 52928.65971066 25.96  88.677736  24.333767 23.844
 21    13.347 52963.65969061 33.08  88.681569  24.328174 28.140
 21    13.467 52963.65969126 45.94  88.680739  24.331464 28.140
 21    13.465 52963.65969190 55.31  88.679909  24.334754 28.140
 22    13.044 52998.65972812 21.68  88.674206  24.327592 28.512
 22    12.985 52998.65972877 32.78  88.673386  24.330892 28.512
 22    13.161 52998.65972941 26.43  88.672556  24.334182 28.512
 23    12.569 53033.65968158 24.70  88.679663  24.326930 26.738
 23    12.660 53033.65968223 40.04  88.678833  24.330220 26.738
 23    12.894 53033.65968287 39.74  88.678013  24.333520 26.738
 23    11.184 53033.65968352 53.17  88.677183  24.336810 26.738
 24    12.320 53068.65969625 24.89  88.680145  24.327956 18.674
 24    12.835 53068.65969690 28.68  88.679325  24.331256 18.674
 24    10.657 53068.65969754 39.23  88.678495  24.334546 18.674
 25    14.862 53103.65968313 18.37  88.679753  24.325779 24.305
 25    11.995 53103.65968378 22.98  88.678923  24.329069 24.305
 25    11.899 53103.65968442 30.67  88.678093  24.332359 24.305
 25    12.130 53103.65968507 23.51  88.677273  24.335659 24.305
 26    14.729 53138.65970091 17.37  88.680614  24.327777 18.417
 26    11.679 53138.65970155 21.24  88.679794  24.331067 18.417
 26    11.824 53138.65970220 22.02  88.678964  24.334367 18.417
 27    17.507 53173.65974192 31.29  88.677230  24.326862 19.439
 27    17.005 53173.65974257 30.64  88.676400  24.330152 19.439
 27    12.096 53173.65974321 30.48  88.675570  24.333452 19.439
 28    16.944 53208.65975801 33.31  88.677778  24.326877 30.074
 28    17.309 53208.65975865 31.64  88.676948  24.330167 30.074
 28    17.581 53208.65975929 29.27  88.676118  24.333467 30.074
 29    16.952 53243.65972551 43.35  88.682687  24.327480 35.334
 29    16.872 53243.65972616 32.76  88.681867  24.330770 35.334
 29    17.899 53243.65972680 23.77  88.681037  24.334070 35.334
 30    16.815 53278.65970296 29.10  88.676025  24.325743 25.835
 30    16.551 53278.65970360 26.43  88.675195  24.329033 25.835
 30    16.304 53278.65970425 25.46  88.674375  24.332323 25.835
 30    16.102 53278.65970489 25.13  88.673545  24.335623 25.835
 31    14.462 53313.65973033 25.53  88.677073  24.327848 28.819
 31    13.626 53313.65973098 37.16  88.676253  24.331138 28.819
 31    13.868 53313.65973162 36.29  88.675423  24.334428 28.819
 32    11.633 53348.65969601 22.59  88.682296  24.328642 20.773
 32    11.641 53348.65969666 32.06  88.681470  24.331944 36.295
 32    12.034 53348.65969730 33.39  88.680640  24.335234 36.295
 33    10.415 53383.65966668 21.89  88.677497  24.326273 27.812
 33    10.784 53383.65966733 25.32  88.676667  24.329563 27.812
 33    10.988 53383.65966797 28.72  88.675847  24.332863 27.812
 33    10.362 53383.65966861 42.36  88.675017  24.336153 27.812
 34    10.147 53418.65967552 23.62  88.687334  24.328463 24.889
 34    10.057 53418.65967616 23.57  88.686506  24.331765 25.303
 34    10.118 53418.65967681 25.02  88.685686  24.335055 25.303
 34    16.513 53418.65967745 22.92  88.684856  24.338345 25.303
 35    15.305 53453.65967977 20.34  88.678723  24.325718 21.623
 35    13.025 53453.65968041 21.78  88.677893  24.329008 21.623
 35    12.341 53453.65968106 25.73  88.677063  24.332298 21.623
 35    12.175 53453.65968170 27.54  88.676243  24.335598 21.623
 36    16.053 53488.65976540 14.73  88.671185  24.326319 18.431
 36    13.638 53488.65976605 19.03  88.670365  24.329609 18.431
 36    11.120 53488.65976669 24.72  88.669535  24.332909 18.431
 37     9.752 53523.65975389 22.03  88.681778  24.328624 24.873
 37    10.299 53523.65975454 23.34  88.680948  24.331914 24.873
 37    10.328 53523.65975518 22.58  88.680118  24.335214 24.873
 38    16.396 53558.65977954 18.37  88.673196  24.325013 19.866
 38    13.497 53558.65978019 20.02  88.672366  24.328303 19.866
 38    13.546 53558.65978083 24.14  88.671546  24.331593 19.866
 39    17.122 53593.65971678 32.92  88.688332  24.327199 32.575
 39    17.047 53593.65971742 26.02  88.687502  24.330489 32.575
 39    16.836 53593.65971807 27.26  88.686682  24.333779 32.575
 39    17.261 53593.65971871 31.34  88.685852  24.337079 32.575
 40    16.161 53628.65970893 30.77  88.669908  24.325804 23.190
 40    16.104 53628.65970958 34.49  88.669078  24.329094 23.190
 40    15.779 53628.65971022 37.70  88.668258  24.332394 23.190
 41    17.054 53663.65973309 28.84  88.675844  24.325916 18.949
 41    16.996 53663.65973373 27.39  88.675024  24.329206 18.949
 41    17.144 53663.65973438 23.69  88.674194  24.332506 18.949
 41    17.952 53663.65973502 22.14  88.673364  24.335796 18.949
 42    12.076 53698.65969330 35.44  88.682083  24.326394 35.936
 42    12.296 53698.65969394 48.80  88.681253  24.329684 35.936
 42    12.313 53698.65969459 52.39  88.680433  24.332974 35.936
 42    12.368 53698.65969523 49.82  88.679603  24.336274 35.936
 43    10.904 53733.65961580 41.64  88.686999  24.327388 36.832
 43    10.869 53733.65961645 50.47  88.686169  24.330678 36.832
 43    10.648 53733.65961709 53.16  88.685349  24.333968 36.832
 43    10.654 53733.65961773 53.00  88.684519  24.337268 36.832
 44    10.202 53768.65959704 31.82  88.684659  24.326183 21.470
 44    10.724 53768.65959768 46.01  88.683829  24.329473 21.470
 44     9.981 53768.65959833 47.72  88.682997  24.332774 34.043
 44     9.638 53768.65959897 54.01  88.682177  24.336064 34.043
 45    10.267 53803.65959438 43.36  88.685408  24.328163 29.984
 45    10.482 53803.65959502 50.88  88.684578  24.331463 29.984
 45     9.334 53803.65959567 55.03  88.683748  24.334753 29.984
 45     9.286 53803.65959631 53.06  88.682928  24.338053 29.984
 46     9.656 53838.65961202 23.64  88.675675  24.327974 27.277
 46     9.984 53838.65961266 29.93  88.674845  24.331264 27.277
 46     9.665 53838.65961331 35.63  88.674025  24.334564 27.277
 47    10.500 53873.65965973 25.42  88.679703  24.326489 22.795
 47    10.539 53873.65966038 38.10  88.678883  24.329779 22.795
 47    10.506 53873.65966102 41.29  88.678053  24.333079 22.795
 47    10.015 53873.65966166 29.05  88.677223  24.336369 22.795
 48    16.337 53908.65970322 18.60  88.673926  24.325733 15.506
 48    12.310 53908.65970387 22.00  88.673106  24.329023 15.506
 48    12.360 53908.65970451 27.63  88.672276  24.332313 15.506
 49    15.643 53943.65972762 24.06  88.670129  24.327348 29.175
 49    15.912 53943.65972827 24.36  88.669302  24.330641 21.531
 49    15.767 53943.65972891 24.69  88.668472  24.333931 21.531
 50    16.454 53978.65967742 37.65  88.679764  24.326529 32.975
 50    16.632 53978.65967807 30.40  88.678944  24.329829 32.975
 50    16.177 53978.65967871 25.19  88.678114  24.333119 32.975
 50    17.441 53978.65967936 23.47  88.677284  24.336409 32.975
 51    16.620 54013.65968942 29.48  88.677725  24.327491 22.638
 51    16.597 54013.65969007 25.50  88.676895  24.330781 22.638
 51    16.552 54013.65969071 22.85  88.676065  24.334071 22.638
 52    12.421 54048.65969604 35.69  88.686175  24.327023 28.839
 52    12.320 54048.65969668 45.80  88.685345  24.330323 28.839
 52    12.153 54048.65969733 40.25  88.684525  24.333613 28.839
 52    12.272 54048.65969797 28.82  88.683695  24.336903 28.839
 54    11.578 54118.65961836 23.84  88.683288  24.327936 18.738
 54    11.633 54118.65961900 23.91  88.682468  24.331236 18.738
 54    10.956 54118.65961965 23.77  88.681638  24.334526 18.738
 55     9.076 54153.65964352 30.32  88.678685  24.326263 18.078
 55     9.357 54153.65964417 31.79  88.677855  24.329563 18.078
 55     9.643 54153.65964481 35.85  88.677027  24.332856 26.743
 55     9.877 54153.65964546 46.99  88.676207  24.336146 26.743
 56     8.961 54188.65961320 29.97  88.682358  24.328836 21.174
 56     9.308 54188.65961384 35.41  88.681528  24.332126 21.174
 56     9.255 54188.65961449 50.31  88.680698  24.335426 21.174
 57    12.409 54223.65965392 15.77  88.677348  24.327157 17.549
 57    11.113 54223.65965456 21.78  88.676518  24.330457 17.549
 57    11.183 54223.65965521 28.44  88.675688  24.333747 17.549
 58    16.172 54258.65967548 32.99  88.679840  24.326320 14.021
 58    16.410 54258.65967613 30.51  88.679020  24.329620 14.021
 58    16.358 54258.65967677 23.87  88.678190  24.332910 14.021
 58    16.571 54258.65967742 22.18  88.677360  24.336200 14.021
 59    13.062 54293.65967854 31.78  88.680273  24.328374 19.942
 59    13.249 54293.65967918 40.30  88.679443  24.331664 19.942
 59    13.211 54293.65967983 35.65  88.678613  24.334954 19.942
 60    17.297 54328.65967318 41.53  88.682300  24.328982 37.948
 60    17.248 54328.65967382 28.70  88.681480  24.332272 37.948
 60    17.919 54328.65967447 23.65  88.680650  24.335572 37.948
 61    17.175 54363.65962014 41.07  88.683262  24.326255 31.279
 61    17.243 54363.65962078 35.20  88.682442  24.329555 31.279
 61    17.055 54363.65962143 25.51  88.681612  24.332845 31.279
 61    17.026 54363.65962207 22.33  88.680792  24.336135 31.279
 62    14.898 54398.65961306 41.79  88.681096  24.327441 34.092
 62    14.633 54398.65961371 50.39  88.680276  24.330731 34.092
 62    14.954 54398.65961435 51.40  88.679446  24.334031 34.092
 63    12.548 54433.65957115 42.87  88.682991  24.329309 34.609
 63    12.099 54433.65957180 55.97  88.682161  24.332599 34.609
 63    12.257 54433.65957244 52.39  88.681341  24.335899 34.609
 64    11.655 54468.65959606 29.70  88.680212  24.328900 28.011
 64    10.513 54468.65959671 38.86  88.679382  24.332200 28.011
 64    10.396 54468.65959735 35.20  88.678552  24.335490 28.011
 65    11.650 54503.65958643 27.46  88.682265  24.327870 22.600
 65    11.363 54503.65958708 30.10  88.681445  24.331170 22.600
 65     9.946 54503.65958772 42.19  88.680615  24.334460 22.600
 66    10.837 54538.65961110 22.77  88.681594  24.327611 20.380
 66    10.694 54538.65961174 26.20  88.680774  24.330901 20.380
 66     9.656 54538.65961239 38.07  88.679944  24.334191 20.380
 67    13.895 54573.65958709 17.90  88.683558  24.326192 11.416
 67    10.728 54573.65958774 21.99  88.682728  24.329482 11.416
 67    10.267 54573.65958838 25.95  88.681908  24.332782 11.416
 67    10.683 54573.65958903 24.14  88.681078  24.336072 11.416
 68    12.091 54608.65960477 20.24  88.679284  24.328683 12.733
 68    10.283 54608.65960541 26.42  88.678464  24.331973 12.733
 68    10.137 54608.65960605 30.40  88.677634  24.335263 12.733
 69    16.442 54643.65961257 29.92  88.679592  24.328276 18.428
 69    16.465 54643.65961322 16.33  88.678762  24.331576 18.428
 69    15.506 54643.65961386 18.27  88.677942  24.334866 18.428
 70    17.490 54678.65961390 47.25  88.679224  24.325897 41.826
 70    17.550 54678.65961455 41.32  88.678394  24.329187 41.826
 70    17.400 54678.65961519 27.34  88.677564  24.332487 41.826
 70    17.784 54678.65961583 24.56  88.676744  24.335777 41.826
 71    17.773 54713.65956658 32.61  88.684378  24.327171 37.200
 71    17.640 54713.65956722 27.88  88.683548  24.330461 37.200
 71    17.498 54713.65956787 24.96  88.682728  24.333761 37.200
 71    17.909 54713.65956851 22.54  88.681898  24.337051 37.200
 72    16.524 54748.65958385 39.87  88.677912  24.328439 25.895
 72    15.797 54748.65958450 34.75  88.677082  24.331729 25.895
 72    15.670 54748.65958514 34.38  88.676262  24.335029 25.895
 73    14.055 54783.65955365 22.25  88.682020  24.328078 21.773
 73    14.124 54783.65955429 24.42  88.681190  24.331368 21.773
 73    13.874 54783.65955494 25.55  88.680360  24.334668 21.773
 74    11.333 54818.65957601 24.39  88.679294  24.327323 24.640
 74    11.552 54818.65957666 26.49  88.678464  24.330613 24.640
 74    11.365 54818.65957730 35.19  88.677644  24.333913 24.640
 75    16.437 54853.65955080 20.62  88.682342  24.326573 25.370
 75     9.862 54853.65955144 23.84  88.681522  24.329873 25.370
 75    10.029 54853.65955209 36.73  88.680692  24.333163 25.370
 75    10.204 54853.65955273 45.58  88.679862  24.336463 25.370
 76    17.505 54888.65958083 29.08  88.678098  24.328712 22.099
 76     9.644 54888.65958147 24.76  88.677278  24.332012 22.099
 76     9.412 54888.65958212 37.63  88.676448  24.335302 22.099
 77    17.378 54923.65955086 16.13  88.681106  24.329007 14.113
 77     9.256 54923.65955150 21.12  88.680286  24.332307 14.113
 77     9.256 54923.65955215 22.68  88.679456  24.335597 14.113
 78     7.887 54958.65957856 24.36  88.677045  24.328615 15.593
 78     8.829 54958.65957920 25.03  88.676215  24.331905 15.593
 78     8.836 54958.65957985 33.58  88.675384  24.335207 28.227
 79    14.608 54993.65960048 13.16  88.677279  24.327157 13.838
 79    13.972 54993.65960113 15.12  88.676459  24.330447 13.838
 79     9.758 54993.65960177 27.94  88.675629  24.333747 13.838
 80    12.741 55028.65959015 17.23  88.680826  24.326440  9.187
 80    12.773 55028.65959079 19.81  88.679996  24.329740  9.187
 80    13.448 55028.65959144 18.34  88.679176  24.333030  9.187
 80    15.149 55028.65959208 18.59  88.678346  24.336320  9.187
 81    16.410 55063.65958224 31.16  88.681213  24.326283 33.883
 81    16.375 55063.65958289 37.29  88.680383  24.329573 33.883
 81    16.132 55063.65958353 25.97  88.679553  24.332873 33.883
 81    17.589 55063.65958418 21.01  88.678733  24.336163 33.883
 82    15.536 55098.65952828 28.48  88.681841  24.328721 29.918
 82    15.562 55098.65952892 20.74  88.681011  24.332011 29.918
 82    15.542 55098.65952957 20.56  88.680191  24.335311 29.918
 83    13.871 55133.65952597 32.49  88.679044  24.326549 26.330
 83    13.801 55133.65952661 37.92  88.678214  24.329839 26.330
 83    13.801 55133.65952726 46.27  88.677394  24.333139 26.330
 83    13.826 55133.65952790 49.61  88.676564  24.336429 26.330
 84    11.228 55168.65949097 31.13  88.682967  24.327812 25.819
 84    11.518 55168.65949161 43.30  88.682147  24.331112 25.819
 84    11.284 55168.65949226 52.08  88.681317  24.334402 25.819
 85    13.704 55203.65951887 19.10  88.678908  24.325825 25.918
 85     9.517 55203.65951951 22.91  88.678078  24.329125 25.918
 85     9.386 55203.65952016 28.35  88.677258  24.332415 25.918
 85     9.325 55203.65952080 37.91  88.676428  24.335705 25.918
 86     8.911 55238.65949833 26.08  88.681334  24.327869 24.330
 86     8.905 55238.65949897 32.72  88.680514  24.331169 24.330
 86     8.929 55238.65949961 46.64  88.679684  24.334459 24.330
 87    17.434 55273.65951256 22.73  88.680231  24.327157 22.273
 87    17.110 55273.65951321 25.28  88.679401  24.330447 22.273
 87     8.293 55273.65951385 41.03  88.678581  24.333747 22.273
 88     8.879 55308.65948173 27.46  88.683108  24.328213 18.177
 88     8.802 55308.65948237 32.63  88.682278  24.331503 18.177
 88     8.513 55308.65948302 34.28  88.681448  24.334803 18.177
 89     8.739 55343.65948207 25.30  88.680611  24.329180 18.405
 89     8.813 55343.65948272 32.78  88.679781  24.332470 18.405
 89     8.935 55343.65948336 39.03  88.678951  24.335770 18.405
 90    17.567 55378.65947605 19.49  88.681394  24.328074 11.859
 90    13.917 55378.65947669 18.24  88.680564  24.331374 11.859
 90    13.911 55378.65947733 19.02  88.679744  24.334664 11.859
 91    16.104 55413.65950077 15.81  88.679431  24.326539 24.654
 91    16.130 55413.65950141 17.78  88.678611  24.329829 24.654
 91    16.089 55413.65950206 19.51  88.677781  24.333119 24.654
 91    17.671 55413.65950270 19.92  88.676949  24.336420 23.324
 92    16.905 55448.65948980 24.10  88.681718  24.328462 30.399
 92    16.596 55448.65949045 21.66  88.680898  24.331762 30.399
 92    16.996 55448.65949109 20.33  88.680068  24.335052 30.399
 93    15.057 55483.65941661 50.09  88.684864  24.327664 35.957
 93    15.032 55483.65941725 45.66  88.684034  24.330964 35.957
 93    15.055 55483.65941789 49.69  88.683214  24.334254 35.957
 93    15.073 55483.65941854 50.05  88.682384  24.337544 35.957
