-260340.439    -2.214     0.00    1.78
-259965.090    -1.847     0.98    1.92
-259589.729    -0.302     4.11    2.59
-259214.354     1.748     5.46    3.32
-258838.967     4.023     6.06    3.27
-258463.568     5.748     4.59    2.35
-258088.155     7.343     4.25    2.76
-257712.730     8.843     3.99    2.83
-257337.292     9.629     2.09    2.63
-256961.842    10.343     1.90    2.25
-256586.379    11.123     2.08    2.18
-256210.903    11.448     0.87    1.87
-255835.414    11.479     0.08    1.66
-255459.913    10.919    -1.49    2.08
-255084.398     9.943    -2.60    2.18
-254708.871     7.605    -6.22    3.03
-254333.332     5.398    -5.88    2.55
-253957.779     4.343    -2.81    2.08
-253582.214     3.671    -1.79    1.46
-253206.636     3.629    -0.11    1.55
-252831.046     4.319     1.84    1.68
-252455.442     4.986     1.77    1.65
-252079.826     4.676    -0.82    2.39
-251704.197     4.985     0.82    3.14
-251328.555     5.422     1.16    3.59
-250952.901     5.548     0.33    3.56
-250577.234     6.650     2.93    2.42
-250201.553     6.510    -0.37    2.16
-249825.861     6.879     0.98    2.51
-249450.155     6.678    -0.54    2.41
-249074.437     6.448    -0.61    2.17
-248698.705     6.438    -0.03    1.65
-248322.961     7.821     3.68    2.45
-247947.205     8.645     2.19    2.41
-247571.435     9.462     2.17    1.97
-247195.653    10.248     2.09    1.90
-246819.857     9.845    -1.07    1.61
-246444.049    10.211     0.97    1.60
-246068.229    10.382     0.45    1.44
-245692.395    10.431     0.13    1.40
-245316.549    10.873     1.18    1.52
-244940.689    11.358     1.29    1.59
-244564.817    12.523     3.10    2.25
-244188.932    13.431     2.41    2.39
-243813.035    14.748     3.50    2.87
-243437.124    15.700     2.53    2.66
-243061.201    16.748     2.79    2.66
-242685.264    17.773     2.73    2.68
-242309.315    19.065     3.43    2.68
-241933.353    20.187     2.98    2.42
-241557.378    20.992     2.14    2.15
-241181.391    21.557     1.50    1.93
-240805.390    21.158    -1.06    2.27
-240429.377    20.548    -1.62    2.16
-240053.351    20.373    -0.47    2.11
-239677.312    21.504     3.01    2.62
-239301.260    23.040     4.09    2.86
-238925.195    24.676     4.35    2.93
-238549.117    26.114     3.82    2.86
-238173.026    27.312     3.19    2.75
-237796.923    28.986     4.45    3.54
-237420.807    30.919     5.14    3.81
-237044.677    32.010     2.90    3.66
-236668.535    31.016    -2.64    4.49
-236292.380    29.195    -4.84    5.18
-235916.212    25.771    -9.10    5.06
-235540.031    22.973    -7.44    3.82
-235163.838    20.723    -5.98    2.51
-234787.631    19.479    -3.31    1.99
-234411.411    18.671    -2.15    2.44
-234035.179    18.043    -1.67    2.71
-233658.934    17.338    -1.88    2.50
-233282.675    16.650    -1.83    2.34
-232906.404    16.700     0.13    2.01
-232530.120    16.671    -0.08    2.13
-232153.823    16.543    -0.34    2.24
-231777.513    16.274    -0.72    2.27
-231401.190    15.823    -1.20    2.49
-231024.854    15.260    -1.50    2.43
-230648.505    14.626    -1.68    1.96
-230272.143    14.097    -1.41    1.84
-229895.769    14.274     0.47    1.75
-229519.381    15.348     2.85    2.25
-229142.980    16.748     3.72    2.57
-228766.567    17.309     1.49    2.34
-228390.140    17.795     1.29    2.06
-228013.701    18.107     0.83    1.87
-227637.248    18.598     1.30    1.89
-227260.783    19.073     1.26    1.75
-226884.304    19.914     2.24    1.71
-226507.813    20.673     2.01    1.94
-226131.309    21.129     1.21    2.36
-225754.791    21.284     0.41    2.61
-225378.261    21.023    -0.69    2.75
-225001.718    19.797    -3.26    2.67
-224625.161    18.795    -2.66    1.74
-224248.592    18.333    -1.23    1.09
-223872.010    19.081     1.99    1.76
-223495.414    19.158     0.20    2.07
-223118.806    19.073    -0.23    2.34
-222742.185    18.473    -1.59    2.64
-222365.550    17.605    -2.30    2.75
-221988.903    17.504    -0.27    2.65
-221612.243    17.867     0.96    2.86
-221235.569    19.187     3.50    3.15
-220858.883    20.389     3.19    2.55
-220482.183    20.605     0.57    2.93
-220105.471    21.089     1.29    3.43
-219728.745    21.601     1.36    3.84
-219352.007    22.623     2.71    4.35
-218975.255    24.037     3.75    4.81
-218598.491    25.384     3.57    5.49
-218221.713    27.498     5.61    4.89
-217844.922    28.748     3.32    4.10
-217468.118    29.333     1.55    3.29
-217091.302    29.491     0.42    2.40
-216714.472    29.521     0.08    2.37
-216337.629    29.286    -0.62    2.21
-215960.773    29.065    -0.59    2.05
-215583.904    28.845    -0.58    1.79
-215207.021    28.799    -0.12    1.78
-214830.126    28.861     0.17    1.70
-214453.218    28.850    -0.03    1.50
-214076.297    28.821    -0.08    1.56
-213701.207    29.016     0.52    1.79
-213326.860    29.699     1.82    2.30
-212952.501    30.316     1.65    2.29
-212578.128    31.011     1.86    2.05
-212203.743    31.676     1.78    1.61
-211829.345    31.986     0.83    1.81
-211454.934    32.699     1.90    2.02
-211080.510    33.553     2.28    2.09
-210706.073    34.498     2.52    2.23
-210331.623    35.398     2.40    1.96
-209957.160    36.261     2.30    2.23
-209582.684    37.748     3.97    2.68
-209208.196    38.891     3.05    2.96
-208833.694    40.391     4.00    2.87
-208459.179    41.367     2.61    2.68
-208084.652    42.272     2.42    2.54
-207710.112    43.358     2.90    2.78
-207335.558    44.699     3.58    3.26
-206960.992    45.601     2.41    3.09
-206586.413    45.382    -0.59    3.54
-206211.820    44.455    -2.47    3.89
-205837.215    42.748    -4.56    4.82
-205462.597    40.648    -5.60    4.90
-205087.966    39.914    -1.96    4.68
-204713.322    38.850    -2.84    3.94
-204338.665    37.319    -4.09    3.71
-203963.995    34.919    -6.41    4.73
-203589.311    31.629    -8.78    5.20
-203214.615    28.176    -9.21    4.37
-202839.906    25.958    -5.92    2.24
-202465.184    26.839     2.35    3.22
-202090.450    29.823     7.96    4.75
-201715.702    32.319     6.66    4.69
-201340.941    34.224     5.08    3.37
-200966.167    34.568     0.92    3.12
-200591.380    32.611    -5.22    4.10
-200216.580    30.440    -5.79    4.24
-199841.767    28.273    -5.78    3.74
-199466.941    26.699    -4.20    2.50
-199092.102    26.162    -1.43    2.42
-198717.249    25.887    -0.73    1.61
-198342.384    26.158     0.72    1.60
-197967.506    26.748     1.57    1.45
-197592.615    27.843     2.92    2.48
-197217.711    29.211     3.65    3.15
-196842.794    31.138     5.14    3.24
-196467.864    33.187     5.46    4.44
-196092.920    34.673     3.96    4.43
-195717.964    35.848     3.13    4.67
-195342.995    37.358     4.03    4.85
-194968.012    38.867     4.02    5.24
-194593.017    41.057     5.84    5.24
-194218.008    42.914     4.95    5.32
-193842.986    45.162     5.99    4.59
-193467.952    46.620     3.88    3.95
-193092.904    47.284     1.77    3.65
-192717.843    47.333     0.13    3.09
-192342.769    44.553    -7.41    6.13
-191967.682    39.650   -13.07    8.52
-191592.582    33.382   -16.71    8.23
-191217.469    28.673   -12.55    4.86
-190842.343    26.724    -5.19    1.91
-190467.204    26.491    -0.62    1.67
-190092.051    26.821     0.88    1.46
-189716.886    27.462     1.71    1.58
-189341.707    28.098     1.69    1.66
-188966.515    28.676     1.54    1.80
-188591.311    29.248     1.52    1.78
-188216.093    29.632     1.02    1.85
-187840.862    30.309     1.80    1.72
-187465.618    30.114    -0.52    1.64
-187090.360    30.819     1.88    2.52
-186715.090    31.081     0.70    3.01
-186339.806    31.213     0.35    2.98
-185964.510    31.543     0.88    3.12
-185589.200    32.153     1.62    3.12
-185213.877    32.089    -0.17    2.58
-184838.541    31.825    -0.70    2.28
-184463.192    31.986     0.43    2.10
-184087.829    32.643     1.75    1.90
-183712.454    33.089     1.19    1.67
-183337.065    33.333     0.65    1.67
-182961.664    33.723     1.04    1.88
-182586.249    33.894     0.45    2.37
-182210.820    34.198     0.81    2.60
-181835.379    34.248     0.13    2.58
-181459.925    34.040    -0.55    2.27
-181084.457    34.414     1.00    2.40
-180708.976    35.406     2.64    2.31
-180333.482    36.259     2.27    2.56
-179957.975    37.797     4.09    3.02
-179582.455    39.298     4.00    2.71
-179206.921    40.553     3.34    1.94
-178831.375    41.462     2.42    1.50
-178455.815    41.772     0.83    1.57
-178080.242    41.510    -0.70    1.56
-177704.655    41.187    -0.86    1.78
-177329.056    40.723    -1.23    1.77
-176953.443    39.876    -2.26    1.84
-176577.817    39.176    -1.86    1.91
-176202.178    39.162    -0.04    1.86
-175826.526    39.236     0.19    1.75
-175450.860    40.348     2.96    1.68
-175075.181    40.643     0.78    1.75
-174699.489    41.004     0.96    1.79
-174323.784    41.523     1.38    1.82
-173948.066    41.919     1.05    2.06
-173572.334    43.523     4.27    3.24
-173196.589    45.081     4.15    3.30
-172820.831    46.771     4.50    2.82
-172445.059    48.389     4.31    2.77
-172069.275    50.914     6.72    3.65
-171693.477    55.213    11.44    5.44
-171317.666    59.298    10.87    5.84
-170941.841    61.998     7.18    5.43
-170566.003    64.011     5.36    4.54
-170190.152    64.129     0.31    4.52
-169814.288    63.153    -2.60    4.52
-169438.411    62.962    -0.51    4.67
-169062.520    62.492    -1.25    4.14
-168686.616    62.696     0.54    3.57
-168310.699    62.795     0.26    3.66
-167934.768    61.675    -2.98    3.80
-167558.824    60.653    -2.72    4.32
-167182.867    59.200    -3.86    4.73
-166806.896    57.198    -5.33    3.88
-166430.912    56.676    -1.39    2.98
-166054.915    57.623     2.52    2.98
-165678.905    59.016     3.70    3.16
-165302.881    61.358     6.23    3.60
-164926.844    62.650     3.44    3.83
-164550.794    63.236     1.56    3.68
-164174.730    63.319     0.22    3.31
-163798.653    62.870    -1.20    3.32
-163422.563    64.486     4.30    5.13
-163046.459    67.653     8.42    5.61
-162670.343    70.469     7.49    5.14
-162294.212    72.819     6.25    5.05
-161918.069    72.938     0.32    4.55
-161541.912    72.825    -0.30    4.18
-161165.741    70.198    -6.98    5.55
-160789.558    66.406   -10.08    4.86
-160413.361    65.260    -3.05    4.01
-160037.150    65.260     0.00    4.19
-159660.927    65.648     1.03    4.63
-159284.690    65.273    -1.00    4.46
-158908.439    63.648    -4.32    2.72
-158532.176    63.894     0.65    1.93
-158155.898    65.211     3.50    2.99
-157779.608    66.629     3.77    3.67
-157403.304    68.414     4.74    3.21
-157026.987    70.414     5.31    3.21
-156650.656    73.271     7.59    4.08
-156274.312    74.431     3.08    3.65
-155897.955    75.057     1.66    3.23
-155521.584    75.065     0.02    3.76
-155145.200    73.721    -3.57    4.13
-154768.802    73.793     0.19    4.66
-154392.391    72.548    -3.31    5.24
-154015.967    71.187    -3.62    5.86
-153639.529    68.626    -6.80    5.31
-153263.077    66.338    -6.08    4.46
-152886.613    66.361     0.06    4.88
-152510.135    66.466     0.28    4.81
-152133.643    65.870    -1.58    3.15
-151757.138    65.723    -0.39    2.34
-151380.620    66.473     1.99    3.23
-151004.088    68.089     4.29    4.37
-150627.543    70.143     5.45    5.63
-150250.984    74.309    11.06    6.59
-149874.412    77.581     8.69    5.71
-149497.827    80.236     7.05    4.83
-149121.228    82.384     5.70    5.16
-148744.615    84.116     4.60    4.82
-148367.990    86.462     6.23    4.78
-147991.350    90.105     9.67    4.76
-147614.697    91.089     2.61    4.43
-147238.031    90.081    -2.68    5.15
-146861.351    87.235    -7.56    5.83
-146484.658    83.772    -9.19    5.64
-146107.952    80.821    -7.83    4.96
-145731.231    77.943    -7.64    4.64
-145354.498    75.138    -7.44    4.63
-144977.751    72.073    -8.14    4.68
-144600.990    70.023    -5.44    3.50
-144224.216    69.772    -0.67    4.15
-143847.428    70.492     1.91    4.47
-143470.627    73.065     6.83    5.25
-143093.813    75.577     6.67    5.54
-142716.985    76.848     3.37    4.72
-142340.143    77.323     1.26    4.16
-141963.288    75.870    -3.86    4.72
-141586.419    73.819    -5.44    4.03
-141209.537    72.306    -4.01    4.62
-140832.642    69.081    -8.56    6.57
-140455.733    66.391    -7.14    6.16
-140078.810    66.162    -0.61    5.77
-139701.874    69.010     7.55    6.97
-139324.924    73.162    11.02    5.56
-138947.961    77.962    12.73    6.97
-138573.335    85.333    19.67   18.56
-138199.037    98.479    35.12   27.40
-137824.725   116.098    47.06   32.33
-137450.400   135.486    51.79   34.87
-137076.062   152.517    45.49   42.80
-136701.711   167.200    39.22   38.63
-136327.346   175.894    23.22   34.87
-135952.968   181.794    15.76   52.23
-135578.576   171.795   -26.70   64.20
-135204.171   156.300   -41.38   67.90
-134829.753   144.361   -31.88   63.98
-134455.321   113.048   -83.62   38.72
-134080.876    97.504   -41.51   21.40
-133706.418    90.065   -19.86    2.03
-133331.946    89.748    -0.85    0.00
-132957.461    89.748     0.00    0.00
-132582.963    89.825     0.21    0.48
-132208.451    90.772     2.53    5.35
-131833.925    90.962     0.51    5.43
-131459.387    90.919    -0.12    5.49
-131084.834    89.861    -2.82    0.75
-130710.269    89.748    -0.30    0.00
-130335.690    89.748     0.00    0.00
-129961.098    89.748     0.00    0.00
-129586.492    89.748     0.00    0.00
-129211.873    89.748     0.00    0.00
-128837.240    89.748     0.00    0.00
-128462.594    89.748     0.00    0.00
-128087.935    89.748     0.00    0.00
-127713.262    89.748     0.00    0.00
-127338.575    90.033     0.76    1.17
-126963.876    91.081     2.80    3.06
-126589.162    92.479     3.73    3.83
-126214.436    94.819     6.24    4.96
-125839.696    97.284     6.58    5.01
-125464.942    99.298     5.37    4.96
-125090.175   101.623     6.20    5.30
-124715.395   105.455    10.22    5.60
-124340.601   108.431     7.94    5.42
-123965.794   109.894     3.90    4.71
-123590.973   109.187    -1.89    4.97
-123216.138   107.248    -5.17    5.84
-122841.291   104.491    -7.35    5.38
-122466.429   101.676    -7.51    5.38
-122091.555    98.236    -9.18    5.24
-121716.667    97.010    -3.27    4.29
-121341.765    98.187     3.14    5.09
-120966.850   101.116     7.81    6.42
-120591.921   102.861     4.65    5.49
-120216.979   103.123     0.70    6.45
-119842.023   101.528    -4.25    7.39
-119467.054    98.919    -6.96    6.09
-119092.071    98.491    -1.14    5.40
-118717.075    99.634     3.05    5.65
-118342.066   100.902     3.38    6.05
-117967.042   103.462     6.83    6.87
-117592.006   106.795     8.89    7.77
-117216.955   110.211     9.11    7.55
-116841.892   114.839    12.34    8.95
-116466.814   119.116    11.40    7.97
-116091.724   121.557     6.51    6.71
-115716.619   122.376     2.18    7.01
-115341.501   123.843     3.91    7.41
-114966.370   124.153     0.83    7.06
-114591.225   121.876    -6.07    6.25
-114216.066   120.272    -4.28    6.21
-113840.894   117.198    -8.19    5.88
-113465.709   113.894    -8.80    5.49
-113090.510   113.089    -2.15    6.13
-112715.297   111.040    -5.46    5.96
-112340.070   112.187     3.05    6.65
-111964.831   114.486     6.13    7.50
-111589.577   117.577     8.24    7.56
-111214.310   120.577     7.99    6.96
-110839.030   123.414     7.56    7.26
-110463.735   125.329     5.10    7.23
-110088.428   127.962     7.01    7.09
-109713.106   129.577     4.30    6.45
-109337.771   129.673     0.26    6.13
-108962.423   131.626     5.20    5.84
-108587.061   131.795     0.45    5.41
-108211.685   133.992     5.85    6.20
-107836.296   133.479    -1.36    7.43
-107460.893   131.343    -5.69    7.69
-107085.476   129.723    -4.31    7.67
-106710.046   130.184     1.23    7.35
-106334.602   129.057    -3.00    7.43
-105959.145   129.089     0.09    6.08
-105583.674   131.016     5.13    5.99
-105208.189   134.473     9.21    7.53
-104832.691   138.037     9.49    6.03
-104457.179   137.352    -1.82    6.48
-104081.653   135.338    -5.37    7.56
-103706.114   131.284   -10.79    6.28
-103330.561   130.414    -2.32    5.37
-102954.995   133.825     9.08    9.06
-102579.415   141.816    21.28   14.67
-102203.821   145.568     9.99   13.95
-101828.213   144.986    -1.55   11.17
-101452.592   140.699   -11.41    6.43
-101076.958   138.675    -5.39    6.69
-100701.309   138.816     0.38    7.85
-100325.647   138.064    -2.00    7.52
 -99949.971   136.884    -3.14    8.73
 -99574.282   135.273    -4.29    9.62
 -99198.579   136.010     1.96   13.17
 -98822.862   137.486     3.93   14.26
 -98447.131   136.953    -1.42   11.13
 -98071.387   138.166     3.23   11.05
 -97695.629   142.379    11.21   11.51
 -97319.858   143.065     1.82    9.30
 -96944.072   144.504     3.83    7.41
 -96568.273   146.845     6.23    6.84
 -96192.461   150.772    10.45    8.28
 -95816.634   161.261    27.91   26.14
 -95440.794   189.523    75.19   53.61
 -95064.940   215.272    68.50   61.88
 -94689.073   237.992    60.44   56.41
 -94313.191   256.653    49.64   54.14
 -93937.296   257.272     1.65   55.77
 -93561.388   247.473   -26.07   57.09
 -93185.465   227.873   -52.13   65.25
 -92809.529   205.129   -60.50   62.93
 -92433.579   178.367   -71.18   26.06
 -92057.615   170.033   -22.16   10.92
 -91681.638   171.919     5.01    8.17
 -91305.647   175.148     8.59    7.12
 -90929.642   179.089    10.48    8.65
 -90553.623   184.725    14.99    7.92
 -90177.591   188.016     8.75    7.62
 -89801.544   191.057     8.09    6.64
 -89425.484   194.455     9.03    6.12
 -89049.411   196.845     6.36    5.90
 -88673.323   198.162     3.50    5.05
 -88297.222   197.919    -0.65    5.01
 -87921.107   195.089    -7.52    5.33
 -87544.978   192.676    -6.41    5.58
 -87168.835   190.382    -6.10    6.59
 -86792.679   189.173    -3.21    7.74
 -86416.508   186.795    -6.32    7.99
 -86040.324   184.748    -5.44    7.24
 -85664.126   183.462    -3.42    7.44
 -85287.915   181.224    -5.95    6.49
 -84911.689   178.795    -6.45    6.74
 -84535.450   175.581    -8.54    5.75
 -84159.197   173.748    -4.87    5.18
 -83782.930   174.316     1.51    6.20
 -83406.649   177.438     8.30    6.70
 -83030.355   180.678     8.61    6.45
 -82654.046   184.319     9.68    6.47
 -82277.724   187.564     8.62    6.49
 -81901.388   190.907     8.88    5.58
 -81525.038   191.298     1.04    4.88
 -81148.675   189.914    -3.68    5.97
 -80772.297   185.867   -10.75    6.00
 -80395.906   181.953   -10.40    5.06
 -80019.500   179.680    -6.04    6.00
 -79643.081   175.902   -10.04    5.83
 -79266.648   173.528    -6.30    4.14
 -78890.201   173.724     0.52    4.25
 -78513.741   175.902     5.78    5.60
 -78137.266   178.657     7.32    5.61
 -77760.778   181.511     7.58    4.47
 -77384.275   182.723     3.22    4.25
 -77007.759   183.986     3.35    9.12
 -76631.229   187.138     8.37   18.95
 -76254.685   194.248    18.88   33.05
 -75878.127   196.721     6.57   38.19
 -75501.555   189.676   -18.71   34.48
 -75124.970   178.105   -30.73   21.91
 -74748.370   168.358   -25.88   15.26
 -74371.757   160.166   -21.75    8.90
 -73995.129   156.363   -10.10    7.44
 -73618.488   152.700    -9.72    7.60
 -73241.833   149.819    -7.65    7.90
 -72865.164   145.236   -12.17    7.05
 -72488.481   142.187    -8.09    6.71
 -72111.784   140.248    -5.15    7.06
 -71735.073   136.162   -10.84    7.69
 -71358.348   132.967    -8.48    7.10
 -70981.610   130.911    -5.46    6.02
 -70604.857   127.309    -9.56    5.72
 -70228.090   125.105    -5.85    6.71
 -69851.310   121.479    -9.62    8.32
 -69474.515   116.992   -11.91    6.93
 -69097.707   114.650    -6.21    6.12
 -68720.884   113.081    -4.16    5.04
 -68344.048   112.105    -2.59    5.90
 -67967.198   111.632    -1.26    5.92
 -67590.334   111.010    -1.65    5.08
 -67213.455   109.650    -3.61    5.08
 -66836.563   107.040    -6.92    4.86
 -66459.657   104.343    -7.16    5.30
 -66082.737   100.795    -9.41    4.08
 -65705.803    98.843    -5.18    3.36
 -65328.854    98.469    -0.99    3.87
 -64951.892    99.772     3.46    4.68
 -64574.916   101.382     4.27    5.54
 -64197.926   101.016    -0.97    5.74
 -63821.010    99.748    -3.36    5.39
 -63446.774   100.577     2.22    5.89
 -63072.524   100.333    -0.65    5.87
 -62698.260   100.343     0.03    5.82
 -62323.982    99.004    -3.58    6.01
 -61949.691    95.771    -8.64    5.25
 -61575.385    94.211    -4.17    5.02
 -61201.066    93.176    -2.76    5.69
 -60826.733    92.772    -1.08    6.15
 -60452.387    91.748    -2.74    6.43
 -60078.026    88.930    -7.53    5.67
 -59703.652    87.030    -5.07    5.60
 -59329.263    83.700    -8.89    5.24
 -58954.861    80.213    -9.31    4.28
 -58580.446    78.523    -4.51    4.41
 -58206.016    77.339    -3.16    4.25
 -57831.572    76.300    -2.77    4.38
 -57457.115    75.748    -1.48    4.45
 -57082.644    74.772    -2.61    4.39
 -56708.159    73.533    -3.31    4.13
 -56333.660    70.050    -9.30    4.62
 -55959.147    67.363    -7.17    5.12
 -55584.621    64.306    -8.16    5.50
 -55210.080    60.491   -10.18    3.84
 -54835.526    57.723    -7.39    3.60
 -54460.958    55.114    -6.97    2.87
 -54086.376    53.577    -4.10    2.76
 -53711.780    52.248    -3.55    2.59
 -53337.170    50.948    -3.47    2.59
 -52962.547    49.870    -2.88    2.44
 -52587.909    48.986    -2.36    2.46
 -52213.258    48.129    -2.29    2.28
 -51838.593    47.065    -2.84    1.88
 -51463.913    46.224    -2.24    1.95
 -51089.220    45.577    -1.73    1.91
 -50714.513    45.553    -0.07    1.93
 -50339.793    45.557     0.01    2.02
 -49965.058    46.120     1.50    1.96
 -49590.309    46.632     1.37    2.62
 -49215.547    46.843     0.56    2.74
 -48840.770    47.033     0.51    2.57
 -48465.980    46.653    -1.02    2.44
 -48091.175    46.065    -1.57    2.09
 -47716.357    45.992    -0.20    1.92
 -47341.525    45.873    -0.32    1.91
 -46966.679    46.343     1.25    1.99
 -46591.819    46.200    -0.38    2.15
 -46216.945    45.867    -0.89    2.19
 -45842.057    45.153    -1.91    2.08
 -45467.155    44.235    -2.45    1.97
 -45092.239    43.748    -1.30    1.71
 -44717.309    43.089    -1.76    1.71
 -44342.366    42.462    -1.67    2.31
 -43967.408    41.699    -2.04    2.55
 -43592.436    40.616    -2.89    2.94
 -43217.451    39.271    -3.59    2.83
 -42842.451    38.414    -2.28    2.64
 -42467.438    37.795    -1.65    2.47
 -42092.410    36.724    -2.86    2.85
 -41717.369    35.594    -3.01    2.49
 -41342.313    34.793    -2.13    2.26
 -40967.244    33.721    -2.86    1.91
 -40592.160    32.957    -2.04    1.73
 -40217.063    32.200    -2.02    1.89
 -39841.951    31.653    -1.46    1.83
 -39466.826    31.111    -1.44    2.07
 -39091.687    30.876    -0.63    2.19
 -38716.533    30.295    -1.55    2.30
 -38341.366    29.723    -1.52    2.51
 -37966.184    28.891    -2.22    2.52
 -37590.989    27.724    -3.11    2.23
 -37215.779    27.273    -1.20    1.93
 -36840.556    26.864    -1.09    2.00
 -36465.318    26.323    -1.44    2.04
 -36090.067    25.675    -1.73    1.84
 -35714.801    25.699     0.06    1.94
 -35339.521    25.577    -0.32    1.77
 -34964.228    24.891    -1.83    1.98
 -34588.920    24.748    -0.38    1.82
 -34213.598    24.548    -0.53    1.91
 -33838.262    24.626     0.21    2.00
 -33462.912    24.843     0.58    1.88
 -33087.549    24.676    -0.44    1.79
 -32712.171    24.438    -0.63    1.49
 -32336.778    24.479     0.11    1.41
 -31961.372    24.348    -0.35    1.39
 -31585.952    23.986    -0.96    1.59
 -31210.518    22.957    -2.74    1.63
 -30835.070    21.943    -2.70    1.82
 -30459.607    21.391    -1.47    1.82
 -30084.131    20.819    -1.52    1.72
 -29708.640    20.200    -1.65    1.77
 -29333.135    19.528    -1.79    2.01
 -28957.617    19.504    -0.06    2.08
 -28582.084    19.323    -0.48    1.91
 -28206.537    19.581     0.69    1.62
 -27830.976    19.891     0.82    1.42
 -27455.400    19.795    -0.25    1.43
 -27079.811    19.581    -0.57    1.43
 -26704.208    19.235    -0.92    1.34
 -26328.590    18.469    -2.04    1.82
 -25952.959    17.333    -3.02    2.09
 -25577.313    16.771    -1.50    1.98
 -25201.653    16.081    -1.84    1.66
 -24825.979    16.143     0.16    1.67
 -24450.291    16.452     0.82    1.56
 -24074.588    16.284    -0.45    1.55
 -23698.872    15.870    -1.10    1.47
 -23323.141    15.138    -1.95    1.55
 -22947.397    14.671    -1.24    1.33
 -22571.638    14.566    -0.28    1.17
 -22195.865    14.261    -0.81    1.19
 -21820.077    13.772    -1.30    1.65
 -21444.276    12.864    -2.41    2.03
 -21068.460    11.573    -3.44    2.14
 -20692.631    11.043    -1.41    1.71
 -20316.787    10.485    -1.49    1.39
 -19940.929    10.608     0.33    1.34
 -19565.056    10.557    -0.14    1.45
 -19189.170    10.033    -1.39    1.63
 -18813.269     9.816    -0.58    1.69
 -18437.355     9.568    -0.66    1.68
 -18061.426     9.213    -0.95    1.53
 -17685.482     8.943    -0.72    1.52
 -17309.525     8.605    -0.90    1.42
 -16933.553     8.367    -0.63    1.56
 -16557.568     7.798    -1.51    1.69
 -16181.568     7.027    -2.05    1.93
 -15805.553     6.223    -2.14    1.80
 -15429.525     5.797    -1.13    1.45
 -15053.482     5.601    -0.52    1.33
 -14677.425     5.406    -0.52    1.02
 -14301.354     5.343    -0.17    0.99
 -13925.269     5.065    -0.74    1.04
 -13549.169     4.772    -0.78    0.94
 -13173.055     4.748    -0.06    1.08
 -12796.927     4.676    -0.19    1.09
 -12420.785     4.772     0.25    0.98
 -12044.628     4.605    -0.44    1.12
 -11668.458     4.309    -0.79    1.29
 -11292.272     4.187    -0.32    1.23
 -10916.073     4.010    -0.47    1.19
 -10539.859     3.986    -0.06    1.21
 -10163.632     3.867    -0.32    1.06
  -9787.389     3.772    -0.25    0.94
  -9411.133     3.553    -0.58    1.10
  -9034.862     3.601     0.13    1.13
  -8658.577     3.492    -0.29    1.07
  -8282.278     3.608     0.31    0.99
  -7905.965     4.248     1.70    1.78
  -7529.637     5.129     2.34    2.31
  -7153.295     6.629     3.99    2.49
  -6776.938     8.675     5.44    2.58
  -6400.567    11.211     6.74    3.58
  -6024.182    13.843     6.99    3.85
  -5647.783    15.675     4.87    2.82
  -5271.369    16.367     1.84    2.16
  -4894.941    16.626     0.69    2.20
  -4518.499    18.248     4.31    3.73
  -4142.042    21.023     7.37    5.14
  -3765.571    23.577     6.78    5.03
  -3389.086    24.309     1.94    4.40
  -3012.587    21.911    -6.37    6.85
  -2636.073    13.891   -21.30   11.94
  -2259.544     6.261   -20.26   10.17
  -1883.002     0.678   -14.83    5.51
  -1506.445    -1.350    -5.39    0.30
  -1129.873    -1.181     0.45    0.97
   -753.288    -0.618     1.49    1.73
   -376.688    -0.305     0.83    1.86
     -0.073     0.111     1.11    2.17
    376.556     0.528     1.11    2.44
    753.199     1.089     1.49    2.71
   1129.856     1.462     0.99    2.86
   1506.528     1.902     1.17    2.76
   1883.214     2.157     0.68    2.57
   2259.915     2.748     1.57    2.33
   2636.630     3.486     1.96    1.86
   3013.359     4.329     2.24    1.55
   3390.103     4.504     0.46    1.81
   3766.861     5.111     1.61    1.93
   4143.634     5.927     2.17    1.99
   4520.421     6.043     0.31    1.92
   4897.222     6.213     0.45    1.65
   5274.038     6.105    -0.29    1.62
   5650.868     5.952    -0.40    1.62
   6027.713     5.958     0.02    1.45
   6404.572     5.839    -0.32    1.43
   6781.446     6.023     0.49    1.83
   7158.334     6.143     0.32    2.06
   7535.236     6.581     1.16    2.32
   7912.153     7.568     2.62    2.09
   8289.084     7.725     0.42    2.09
   8666.030     7.594    -0.35    2.07
   9042.990     7.295    -0.79    1.97
   9419.964     6.821    -1.26    1.49
   9796.953     6.671    -0.40    1.51
  10173.957     6.248    -1.12    1.59
  10550.975     5.800    -1.19    1.68
  10928.007     5.406    -1.05    1.13
  11304.522     5.391    -0.04    1.34
  11678.706     5.455     0.17    1.49
  12052.904     5.998     1.45    1.63
  12427.116     6.440     1.18    2.09
  12801.342     6.772     0.89    2.18
  13175.583     6.557    -0.57    2.24
  13549.838     5.676    -2.35    2.13
  13924.107     4.938    -1.97    1.76
  14298.390     4.198    -1.98    1.52
  14672.688     3.675    -1.40    1.84
  15047.000     3.601    -0.20    2.20
  15421.326     3.533    -0.18    2.20
  15795.666     3.962     1.14    2.37
  16170.021     4.462     1.34    2.42
  16544.390     4.376    -0.23    2.38
  16918.773     4.329    -0.12    1.85
  17293.171     4.358     0.08    1.43
  17667.583     4.348    -0.03    1.37
  18042.009     4.479     0.35    1.03
  18416.449     4.352    -0.34    1.24
  18790.904     4.272    -0.22    1.53
  19165.373     4.153    -0.32    1.65
  19539.857     4.081    -0.19    1.69
  19914.354     3.309    -2.06    2.00
  20288.866     2.998    -0.83    2.47
  20663.393     2.272    -1.94    2.60
  21037.933     2.089    -0.49    2.72
  21412.488     2.438     0.93    2.82
  21787.058     2.700     0.70    2.83
  22161.641     3.676     2.61    2.98
  22536.239     5.224     4.13    2.53
  22910.851     6.081     2.29    1.13
  23285.478     5.771    -0.83    1.37
  23660.119     5.431    -0.91    1.33
  24034.774     5.027    -1.08    1.30
  24409.444     4.626    -1.07    1.35
  24784.128     4.695     0.19    1.45
  25158.827     5.157     1.23    1.87
  25533.539     5.081    -0.20    2.11
  25908.267     4.819    -0.70    2.00
  26283.008     4.329    -1.31    1.38
  26657.764     4.323    -0.02    1.34
  27032.534     4.611     0.77    1.27
  27407.319     5.143     1.42    2.03
  27782.118     5.236     0.25    2.26
  28156.932     5.166    -0.19    2.21
  28531.759     5.438     0.73    2.52
  28906.602     5.608     0.45    2.26
  29281.458     5.363    -0.65    2.32
  29656.329     5.111    -0.67    1.92
  30031.215     5.040    -0.19    1.89
  30406.115     5.153     0.30    1.78
  30781.029     5.176     0.06    1.58
  31155.958     5.065    -0.30    1.21
  31530.901     5.376     0.83    1.20
  31905.858     5.548     0.46    1.36
  32280.830     5.548     0.00    1.42
  32655.817     6.248     1.87    1.67
  33030.818     6.943     1.85    1.75
  33405.833     6.891    -0.14    1.91
  33780.862     6.986     0.25    1.94
  34155.907     6.748    -0.63    1.68
  34530.965     6.605    -0.38    1.39
  34906.038     6.701     0.26    1.41
  35281.126     7.462     2.03    1.47
  35656.228     7.306    -0.42    1.75
  36031.344     7.097    -0.56    1.76
  36406.475     7.033    -0.17    1.69
  36781.621     6.699    -0.89    1.28
  37156.780     6.819     0.32    1.42
  37531.955     6.891     0.19    1.39
  37907.144     7.538     1.73    1.46
  38282.347     7.795     0.68    1.41
  38657.565     7.980     0.49    1.57
  39032.797     8.438     1.22    1.55
  39408.044     8.455     0.04    1.57
  39783.305     8.962     1.35    1.62
  40158.581     8.724    -0.63    1.55
  40533.871     8.797     0.19    1.82
  40909.176     8.891     0.25    1.95
  41284.495     8.723    -0.45    1.92
  41659.829     8.848     0.33    1.98
  42035.177     8.980     0.35    1.62
  42410.540     9.455     1.26    1.69
  42785.917     9.629     0.46    1.63
  43161.309     9.486    -0.38    1.45
  43536.716     9.870     1.02    1.49
  43912.137     9.952     0.22    1.39
  44287.572    10.004     0.14    1.29
  44663.022    10.329     0.87    1.37
  45038.487    10.438     0.29    1.66
  45413.966    10.352    -0.23    1.75
  45789.460     9.934    -1.11    1.89
  46164.968     9.564    -0.99    1.72
  46540.491     9.339    -0.60    1.40
  46916.028     9.323    -0.04    1.38
  47291.580     9.498     0.47    1.46
  47667.147     9.367    -0.35    1.46
  48042.728     9.517     0.40    1.58
  48418.324     9.680     0.43    1.45
  48793.934     9.850     0.45    1.41
  49169.559     9.986     0.36    1.27
  49545.198    10.376     1.04    1.22
  49920.852    10.648     0.72    1.13
  50296.521    10.861     0.57    1.15
  50672.204    10.906     0.12    1.08
  51047.902    11.166     0.69    1.12
  51423.614    11.608     1.18    1.13
  51799.342    11.867     0.69    1.42
  52175.083    11.934     0.18    1.33
  52550.840    11.748    -0.50    1.26
  52926.610    11.794     0.12    0.92
  53302.396    11.967     0.46    0.96
  53678.196    12.176     0.56    1.02
  54054.011    12.414     0.63    1.16
  54429.840    12.772     0.95    1.33
  54805.685    13.143     0.99    1.24
  55181.543    13.548     1.08    1.80
  55557.417    13.675     0.34    1.84
  55933.305    13.748     0.19    1.74
  56309.207    13.797     0.13    1.50
  56685.125    14.176     1.01    1.63
  57061.057    14.414     0.63    1.32
  57437.003    14.581     0.44    1.34
  57812.965    14.438    -0.38    1.37
  58188.941    13.980    -1.22    1.43
  58564.932    14.040     0.16    1.31
  58940.937    14.153     0.30    1.33
  59316.957    14.367     0.57    1.25
  59692.992    14.724     0.95    1.07
  60069.041    14.818     0.25    1.22
  60445.105    14.629    -0.50    1.31
  60821.184    14.655     0.07    1.23
  61197.278    14.725     0.19    1.26
  61573.386    14.585    -0.37    1.07
  61949.509    14.699     0.30    1.02
  62325.646    14.867     0.45    1.31
  62701.799    14.748    -0.32    1.29
  63077.966    14.724    -0.06    1.32
  63454.148    14.724     0.00    1.24
  63830.344    14.562    -0.43    1.07
  64206.555    14.700     0.37    1.19
  64582.781    14.919     0.58    1.16
  64959.022    15.213     0.78    1.28
  65335.278    15.248     0.09    1.31
  65711.548    15.200    -0.13    1.35
  66087.833    14.957    -0.65    1.32
  66464.133    14.843    -0.30    1.28
  66840.447    14.676    -0.44    1.30
  67216.776    14.986     0.82    1.41
  67593.120    15.162     0.47    1.43
  67969.479    15.176     0.04    1.29
  68345.852    15.236     0.16    1.16
  68722.241    15.473     0.63    1.24
  69098.644    15.771     0.79    1.35
  69475.062    15.823     0.14    1.25
  69851.494    15.962     0.37    1.24
  70227.942    16.129     0.44    1.27
  70604.404    16.510     1.01    1.25
  70980.881    16.914     1.08    1.40
  71357.373    16.850    -0.17    1.43
  71733.879    16.678    -0.46    1.50
  72110.401    16.845     0.44    1.46
  72486.937    16.957     0.30    1.41
  72863.488    16.986     0.08    1.25
  73240.054    17.143     0.42    1.35
  73616.635    17.021    -0.32    1.19
  73993.230    17.138     0.31    1.43
  74369.840    17.010    -0.34    1.53
  74746.465    17.176     0.44    1.64
  75123.105    17.158    -0.05    1.79
  75499.760    17.293     0.36    1.61
  75876.430    17.132    -0.43    1.60
  76253.114    16.986    -0.39    1.51
  76629.814    16.957    -0.08    1.42
  77006.528    16.948    -0.02    1.45
  77383.257    16.407    -1.44    1.16
  77760.001    16.594     0.50    1.31
  78136.760    16.816     0.59    1.55
  78513.533    17.190     0.99    1.65
  78890.322    17.272     0.22    1.57
  79267.125    17.475     0.54    1.60
  79643.944    17.827     0.93    2.03
  80020.777    18.089     0.70    2.01
  80397.625    18.187     0.26    1.79
  80774.488    18.097    -0.24    1.66
  81151.366    18.200     0.27    1.48
  81528.258    18.850     1.73    1.65
  81905.166    19.521     1.78    2.04
  82282.088    20.081     1.49    2.34
  82659.026    20.120     0.10    2.62
  83035.978    20.129     0.02    2.33
  83412.945    20.081    -0.13    2.14
  83789.928    19.475    -1.61    1.44
  84166.925    19.643     0.44    1.81
  84543.937    19.676     0.09    1.99
  84920.964    19.794     0.31    2.08
  85298.006    19.919     0.33    2.18
  85675.062    20.316     1.05    1.99
  86052.134    20.669     0.94    1.65
  86428.238    21.166     1.32    1.40
  86802.370    21.097    -0.19    1.11
  87176.516    21.343     0.66    1.29
  87550.678    21.391     0.13    1.34
  87924.854    21.414     0.06    1.49
  88299.045    21.306    -0.29    1.45
  88673.250    21.548     0.65    1.52
  89047.470    22.065     1.38    1.62
  89421.705    22.343     0.74    1.59
  89795.955    22.406     0.17    1.46
  90170.219    22.510     0.28    1.65
  90544.498    22.605     0.25    1.63
  90918.792    22.676     0.19    1.79
  91293.101    23.129     1.21    1.59
  91667.424    23.143     0.04    1.87
  92041.762    23.153     0.03    1.93
  92416.115    22.934    -0.58    1.72
  92790.483    23.105     0.46    1.72
  93164.865    23.295     0.51    1.61
  93539.262    23.894     1.60    1.68
  93913.674    24.176     0.75    1.95
  94288.101    23.914    -0.70    2.08
  94662.542    23.352    -1.50    1.73
  95036.998    22.819    -1.42    1.24
  95411.469    22.678    -0.38    1.30
  95785.955    23.272     1.59    1.97
  96160.456    23.887     1.64    1.93
  96534.971    24.533     1.73    1.93
  96909.501    24.986     1.21    1.83
  97284.046    24.821    -0.44    1.74
  97658.606    24.795    -0.07    1.86
  98033.180    24.358    -1.17    1.53
  98407.770    24.598     0.64    1.83
  98782.374    25.073     1.27    2.26
  99156.993    25.623     1.47    2.68
  99531.627    26.295     1.80    2.60
  99906.275    26.367     0.19    2.27
 100280.939    26.166    -0.54    2.14
 100655.617    26.272     0.28    1.71
 101030.310    25.774    -1.33    1.59
 101405.018    26.407     1.69    2.21
 101779.741    27.431     2.73    2.22
 102154.478    28.176     1.99    2.09
 102529.231    28.010    -0.44    1.94
 102903.998    27.338    -1.79    1.71
 103278.781    27.225    -0.30    1.75
 103653.578    27.107    -0.32    1.48
 104028.389    27.629     1.39    1.29
 104403.216    28.236     1.62    1.37
 104778.058    28.462     0.60    1.25
 105152.914    28.589     0.34    1.16
 105527.786    28.774     0.49    1.28
 105902.672    28.180    -1.59    1.23
 106277.573    28.065    -0.31    1.31
 106652.489    27.934    -0.35    1.33
 107027.420    28.200     0.71    1.38
 107402.366    28.696     1.32    1.49
 107777.327    29.066     0.99    1.51
 108152.303    29.143     0.20    1.53
 108527.293    29.260     0.31    1.50
 108902.299    29.120    -0.37    1.20
 109277.319    29.065    -0.15    1.29
 109652.354    29.236     0.46    1.24
 110027.404    28.927    -0.82    1.12
 110402.470    29.033     0.28    1.02
 110777.550    29.295     0.70    1.47
 111152.645    29.605     0.83    1.47
 111527.755    29.843     0.63    1.57
 111902.879    29.772    -0.19    1.52
 112278.019    29.891     0.32    1.39
 112653.174    29.943     0.14    1.42
 113028.344    30.081     0.37    1.54
 113403.528    30.492     1.10    1.54
 113778.728    30.486    -0.02    1.40
 114153.943    30.486     0.00    1.17
 114529.172    30.748     0.70    1.13
 114904.417    30.943     0.52    1.01
 115279.676    31.295     0.94    1.60
 115654.951    31.585     0.77    1.69
 116030.240    31.701     0.31    1.59
 116405.545    31.771     0.18    1.11
 116780.864    31.748    -0.06    1.15
 117156.198    31.510    -0.63    1.41
 117531.548    31.358    -0.41    1.55
 117906.912    31.676     0.85    1.60
 118282.292    31.843     0.44    1.46
 118657.686    32.213     0.99    1.37
 119033.095    32.438     0.60    1.20
 119408.520    32.632     0.51    1.33
 119783.959    32.510    -0.32    1.08
 120159.414    32.724     0.57    1.16
 120534.883    33.166     1.18    1.22
 120910.368    33.533     0.98    1.18
 121285.867    33.891     0.95    1.12
 121661.382    34.105     0.57    1.03
 122036.911    34.040    -0.17    0.90
 122412.456    33.923    -0.31    0.96
 122788.016    33.891    -0.09    1.30
 123163.590    34.016     0.33    1.80
 123539.180    33.962    -0.14    2.04
 123914.785    34.033     0.19    2.06
 124290.405    33.504    -1.41    2.05
 124666.040    33.724     0.59    1.79
 125041.690    33.645    -0.21    1.52
 125417.355    33.986     0.91    1.54
 125793.035    34.319     0.89    1.21
 126168.731    34.492     0.46    1.24
 126544.441    34.629     0.36    1.40
 126920.166    34.748     0.32    1.47
 127295.907    34.952     0.54    1.53
 127671.662    34.650    -0.80    1.74
 128047.433    34.438    -0.56    1.80
 128423.219    33.962    -1.27    1.34
 128799.020    34.298     0.89    1.45
 129174.836    34.634     0.90    1.59
 129550.667    35.363     1.94    1.83
 129926.513    35.771     1.09    2.19
 130302.375    36.306     1.42    2.43
 130678.251    36.236    -0.19    2.22
 131054.143    35.702    -1.42    1.38
 131430.049    35.774     0.19    1.38
 131805.971    36.157     1.02    1.90
 132181.908    36.414     0.69    1.83
 132557.860    36.611     0.52    1.56
 132933.828    37.176     1.50    1.73
 133309.810    37.696     1.38    2.01
 133685.808    38.316     1.65    1.91
 134061.820    39.363     2.79    2.15
 134437.848    40.319     2.54    2.14
 134813.891    40.543     0.60    2.00
 135189.950    40.723     0.48    1.59
 135566.023    40.725     0.01    1.47
 135942.112    40.853     0.34    1.43
 136318.215    41.632     2.07    1.72
 136694.334    43.073     3.83    2.34
 137070.468    44.557     3.95    2.51
 137446.618    45.452     2.38    2.32
 137822.782    45.850     1.06    2.33
 138198.962    46.316     1.24    2.13
 138575.157    47.438     2.98    2.47
 138951.367    47.911     1.26    2.36
 139327.592    48.391     1.28    2.14
 139703.833    48.902     1.36    1.84
 140080.088    49.430     1.40    1.52
 140456.359    50.073     1.71    1.44
 140832.646    50.676     1.60    1.70
 141208.947    51.486     2.15    2.02
 141585.264    52.211     1.93    2.20
 141961.595    53.111     2.39    2.23
 142337.943    53.645     1.42    2.23
 142714.305    54.129     1.28    2.51
 143090.682    55.143     2.70    2.66
 143467.075    56.057     2.43    2.27
 143843.483    56.962     2.40    2.53
 144219.907    57.948     2.62    2.49
 144596.345    59.367     3.77    2.64
 144972.799    60.162     2.11    2.41
 145349.268    60.486     0.86    2.21
 145725.753    60.748     0.70    1.99
 146102.252    61.479     1.94    2.13
 146478.767    62.319     2.23    2.11
 146855.298    63.548     3.26    2.14
 147231.843    64.626     2.86    2.26
 147608.404    66.120     3.97    2.60
 147984.980    67.533     3.75    2.50
 148361.571    69.486     5.18    2.97
 148738.178    70.352     2.30    2.71
 149114.800    71.562     3.21    2.86
 149491.437    72.986     3.78    2.49
 149868.090    74.259     3.38    2.50
 150244.758    75.845     4.21    2.53
 150621.441    77.200     3.60    2.34
 150998.140    78.557     3.60    2.40
 151374.854    80.391     4.87    2.34
 151751.583    82.073     4.47    2.83
 152128.327    84.343     6.03    3.49
 152505.087    86.306     5.21    3.06
 152881.863    88.538     5.93    3.42
 153258.653    91.605     8.14    4.20
 153635.459    94.284     7.11    4.88
 154012.280    97.771     9.25    4.36
 154389.117   100.605     7.52    4.53
 154765.969   103.975     8.94    5.33
 155142.836   109.376    14.33    8.81
 155519.719   117.309    21.05   13.73
 155896.617   126.455    24.27   15.18
 156273.531   140.367    36.91   21.32
 156650.460   157.027    44.21   28.37
 157027.404   172.771    41.77   30.16
 157404.363   174.190     3.76   26.13
 157781.338   171.795    -6.35   24.68
 158158.329   167.010   -12.70   23.70
 158535.335   164.469    -6.74   20.00
 158912.356   170.608    16.29   17.03
 159289.393   177.980    19.56   19.93
 159666.445   185.492    19.92   23.61
 160043.512   193.333    20.80   23.07
 160420.595   204.818    30.46   27.70
 160797.693   221.166    43.36   36.83
 161174.807   240.361    50.91   47.79
 161550.494   260.725    54.21   47.24
 161924.576   269.864    24.44   38.20
 162298.673   266.057   -10.18   34.17
 162672.786   254.629   -30.55   35.98
 163046.913   233.399   -56.75   27.64
 163421.056   220.700   -33.95   19.98
 163795.214   207.629   -34.94   17.77
 164169.388   199.557   -21.57   17.33
 164543.576   186.919   -33.78   22.12
 164917.780   174.648   -32.80   19.46
 165291.999   163.818   -28.94   15.92
 165666.233   159.548   -11.41   12.09
 166040.482   160.938     3.72   13.13
 166414.747   167.557    17.69   14.38
 166789.026   177.190    25.74   13.26
 167163.321   187.676    28.02   17.44
 167537.631   200.850    35.20   28.21
 167911.957   224.998    64.52   43.99
 168286.297   251.236    70.10   47.97
 168660.653   270.510    51.49   42.72
 169035.024   279.190    23.19   31.18
 169409.411   282.176     7.98   29.74
 169783.812   270.452   -31.32   33.03
 170158.229   260.132   -27.57   35.59
 170532.661   251.043   -24.28   40.12
 170907.108   234.771   -43.46   31.97
 171281.571   220.887   -37.08   24.59
 171656.049   208.462   -33.18   19.75
 172030.542   199.979   -22.66   18.15
 172405.050   197.021    -7.90   27.43
 172779.574   194.517    -6.69   32.00
 173154.113   197.891     9.01   42.42
 173528.667   201.562     9.80   49.67
 173903.237   200.623    -2.51   47.58
 174277.821   211.498    29.04   61.25
 174652.421   220.564    24.20   65.91
 175027.037   223.702     8.38   66.17
 175401.667   221.538    -5.78   52.76
 175776.313   226.236    12.54   42.69
 176150.975   237.962    31.30   46.28
 176525.651   249.414    30.57   49.69
 176900.343   255.430    16.06   58.62
 177275.050   253.523    -5.09   53.63
 177649.773   251.843    -4.48   43.54
 178024.511   270.376    49.46   57.52
 178399.264   293.211    60.94   62.96
 178774.033   333.934   108.68   79.48
 179148.817   365.573    84.43  100.90
 179523.616   417.986   139.86  120.03
 179898.430   483.333   174.37  121.47
 180273.260   533.795   134.65   99.04
 180648.105   554.438    55.08   92.86
 181022.966   556.200     4.70   83.13
 181397.842   540.795   -41.10   84.72
 181772.733   516.319   -65.30   79.30
 182147.640   490.562   -68.71   72.15
 182522.562   473.975   -44.25   53.48
 182897.500   485.319    30.26   46.11
 183272.452   510.914    68.27   65.16
 183647.421   569.306   155.75   86.03
 184022.404   639.533   187.31   93.61
 184397.403   719.867   214.26   96.03
 184772.418   813.259   249.08  123.55
 185147.447   868.399   147.05  114.04
 185522.493   915.073   124.47   95.15
 185897.553   924.073    24.00   93.67
 186272.629   905.120   -50.54   91.28
 186647.721   921.248    43.00   88.84
 187022.827   937.105    42.28  103.24
 187397.950   939.153     5.46  105.67
 187773.087   923.399   -42.00  119.94
 188148.240   883.073  -107.51  115.12
 188523.409   855.772   -72.78  110.63
 188898.593   873.021    45.98  125.75
 189273.792   906.980    90.53  119.64
 189649.007   931.581    65.57  117.86
 190024.237   951.027    51.83  110.94
 190399.483   997.391   123.58  107.41
 190774.744  1052.914   147.98  117.99
 191150.021  1152.818   266.25  157.38
 191525.313  1268.891   309.34  159.64
 191900.621  1377.319   288.95  152.73
 192275.944  1457.867   214.64  128.89
 192651.282  1485.678    74.11  119.81
 193026.636  1451.040   -92.29  138.24
 193402.006  1382.445  -182.77  161.92
 193777.391  1262.864  -318.61  171.51
 194152.791  1135.998  -338.00  170.65
 194528.207  1028.271  -287.00  156.82
 194903.638   947.445  -215.32  118.48
