# NaN NaN NaN ;Mean Elev.(m), Avg Gradient(m/km), RMS Gradient(m/km) - SRTM1     
#   19.722  -0.313   3.602 ;Mean Elev.(m), Avg Gradient(m/km), RMS Gradient(m/km) - ASTER GDEM
#   29.193   0.288   1.456 ;Mean Elev.(m), Avg Gradient(m/km), RMS Gradient(m/km) - GMTED2010 
  7  87.165082  25.281720    -0.060    -0.021  6 52448.18585310 17.658
  8  87.170121  25.279133    30.971    31.078  6 52483.18584190 28.971
  9  87.173494  25.278975    31.994    32.027  6 52518.18579979 29.557
 10  87.170464  25.279470    30.407    30.394  7 52553.18584973 45.608
 12  87.172938  25.279606    26.669    26.709  6 52623.18578544 48.582
 13  87.176466  25.278200    25.912    25.982  6 52658.18580134 41.831
 15  87.176577  25.277376    26.092    26.171  6 52728.18582285 22.390
 16  87.163370  25.283949    26.084    26.102  7 52763.18583462 26.238
 17  87.181187  25.274324    26.112    26.112  6 52798.18580691 27.914
 18  87.180764  25.275086    31.143    31.121  6 52833.18587742 41.542
 19  87.180775  25.275843    32.736    32.795  6 52868.18591984 41.803
 20  87.172666  25.279071    33.989    34.106  7 52903.18593464 24.919
 21  87.170157  25.279344    31.609    31.499  6 52938.18587221 28.450
 22  87.173326  25.278095    28.028    28.027  6 52973.18590687 49.083
 23  87.168924  25.280629    26.935    26.977  6 53008.18591519 34.740
 24  87.174081  25.279190    26.914    26.887  6 53043.18587213 48.065
 25  87.168718  25.280623    25.942    25.935  7 53078.18590548 42.832
 26  87.170916  25.279353    26.051    26.034  7 53113.18587581 31.927
 27  87.170576  25.278973    26.039    26.061  6 53148.18592052 30.626
 28  87.178829  25.274107    29.199    29.215  6 53183.18592046 30.133
 29  87.172834  25.278523    31.227    31.225  6 53218.18594416 34.830
 30  87.168003  25.281868    32.012    32.074  6 53253.18592133 39.164
 56  87.171918  25.278102    26.310    26.085  6 54163.18583594 41.381
 57  87.175666  25.276294    25.991    25.977  6 54198.18580630 35.345
 58  87.175460  25.277030    26.051    26.019  6 54233.18584903 28.058
 59  87.174650  25.276851    27.092    26.598  6 54268.18586814 36.594
 60  87.174926  25.276934    32.136    32.132  6 54303.18587210 49.039
 61  87.173885  25.278672    33.438    33.457  6 54338.18585714 45.103
 62  87.176027  25.276412    32.374    32.383  6 54373.18580545 44.642
 63  87.172858  25.277603    28.867    28.854  6 54408.18580311 48.227
 64  87.178246  25.277628    27.284    27.144  6 54443.18576591 47.517
 66  87.177685  25.276317    26.190    25.945  6 54513.18578137 42.037
 67  87.173040  25.278063    26.239    26.149  6 54548.18580586 40.437
 68  87.175787  25.277184    25.371    25.381  7 54583.18577647 36.343
 69  87.175254  25.279079    25.448    25.535  6 54618.18579692 29.546
 70  87.172998  25.279338    32.226    32.229  6 54653.18580878 42.533
 71  87.172884  25.278688    32.992    32.977  6 54688.18579803 27.539
 72  87.177854  25.276798    31.778    31.756  6 54723.18575662 49.877
 73  87.173144  25.278780    30.446    30.412  6 54758.18577423 30.231
 74  87.176011  25.277230    27.871    27.854  6 54793.18575023 38.907
 75  87.174660  25.277114    27.072    26.913  6 54828.18577238 41.078
 76  87.176890  25.276845    26.354    26.100  6 54863.18574448 27.317
 77  87.172010  25.278854    26.338    26.346  7 54898.18577242 42.891
 78  87.175294  25.278162    26.074    25.861  6 54933.18573855 38.424
 79  87.174591  25.278266    25.910    25.929  6 54968.18577297 27.459
 80  87.171513  25.278506    26.093    26.142  6 55003.18579323 39.473
 81  87.175176  25.277085    28.402    28.370  6 55038.18577987 40.184
 82  87.172848  25.279672    32.405    32.401  6 55073.18576498 49.130
 83  87.175776  25.277083    29.700    29.693  6 55108.18571255 41.335
 85  87.178009  25.276528    27.231    26.894  6 55178.18568470 39.422
 86  87.173584  25.277679    26.850    26.840  6 55213.18571170 30.389
 87  87.176499  25.277303    25.471    25.505  6 55248.18568562 31.236
 88  87.172218  25.278584    25.750    25.307  7 55283.18570496 41.380
 89  87.172695  25.277567    25.538    25.705  6 55318.18567488 39.010
 90  87.173076  25.277877    25.278    25.193  6 55353.18567800 34.921
 91  87.174676  25.276866    27.470    27.419  6 55388.18567528 26.807
 92  87.175052  25.278374    31.211    31.217  6 55423.18569518 33.858
 93  87.173333  25.279132    32.952    33.031  6 55458.18566753 36.762
