# NaN NaN NaN ;Mean Elev.(m), Avg Gradient(m/km), RMS Gradient(m/km) - SRTM1     
#    7.413  -0.192   1.158 ;Mean Elev.(m), Avg Gradient(m/km), RMS Gradient(m/km) - ASTER GDEM
#    5.642  -0.200   2.060 ;Mean Elev.(m), Avg Gradient(m/km), RMS Gradient(m/km) - GMTED2010 
  6  89.517801  23.828995     8.177     9.414  3 52419.65753065 21.090
  7  89.518682  23.828998    10.402    10.418  4 52454.65755541 21.957
  8  89.529174  23.823760    11.117    11.117  2 52489.65753051 25.792
  9  89.525945  23.824915    10.357    10.791  3 52524.65750798 29.374
 10  89.518792  23.829720     9.317     8.877  4 52559.65755828 34.309
 11  89.516710  23.828398     6.025     6.036  3 52594.65756289 46.944
 12  89.524983  23.826050    10.379    10.379  2 52629.65749252 27.249
 13  89.521436  23.827793     3.952     3.963  4 52664.65752431 49.666
 15  89.531422  23.821705     3.921     3.921  2 52734.65752561 47.196
 16  89.524885  23.826283     4.914     4.914  2 52769.65751903 32.500
 17  89.518836  23.829392    10.100    10.177  4 52804.65755211 23.082
 18  89.522922  23.826697    10.467    10.627  3 52839.65761335 26.554
 20  89.531376  23.821980    10.669    10.669  2 52909.65762584 24.417
 21  89.527762  23.824291     8.348     8.348  2 52944.65756414 48.243
 22  89.523487  23.826043     5.910     5.907  3 52979.65761596 51.337
 23  89.522682  23.826082     4.802     4.753  3 53014.65761344 49.566
 24  89.522060  23.827297     4.426     4.428  4 53049.65758698 51.452
 25  89.516462  23.829739     9.693     9.703  3 53084.65762324 22.500
 26  89.518517  23.828163     9.040     9.072  3 53119.65759323 24.132
 27  89.515677  23.830193     8.993     8.967  3 53154.65764619 22.889
 28  89.530353  23.822057     9.975     9.975  2 53189.65763399 23.001
 29  89.527149  23.825672    11.082    11.237  3 53224.65764645 30.408
 30  89.521469  23.827376    10.544    10.635  3 53259.65762175 27.390
 32  89.524988  23.826005     5.894     5.894  2 53329.65762113 48.473
 33  89.530019  23.822901     4.440     4.440  2 53364.65757087 53.115
 34  89.520982  23.828351     3.987     3.731  3 53399.65759660 45.499
 35  89.528066  23.824547     3.671     3.667  3 53434.65758583 43.951
 36  89.518876  23.829327     7.272     7.243  4 53469.65763082 32.869
 37  89.518705  23.828520     6.492     5.104  3 53504.65767285 34.838
 38  89.521309  23.828801     7.275     6.038  3 53539.65767220 29.172
 39  89.520980  23.828065    10.464    10.459  4 53574.65766780 29.033
 40  89.524757  23.826073    10.440    10.440  2 53609.65761765 29.715
 41  89.520605  23.827510    10.175    10.179  4 53644.65762086 26.590
 42  89.518065  23.829280     7.419     7.425  4 53679.65763860 50.913
 43  89.529888  23.822702     4.785     4.785  2 53714.65756518 49.014
 44  89.525698  23.827021     3.557     3.565  3 53749.65748178 48.626
 45  89.528744  23.824301     9.826     9.960  3 53784.65751168 27.099
 46  89.531649  23.821196     3.062     3.062  2 53819.65747118 50.874
 47  89.517498  23.827790     4.452     4.528  3 53854.65755485 41.501
 49  89.511134  23.832881     9.790     9.787  5 53924.65763152 21.760
 50  89.517036  23.828874    10.030    10.104  4 53959.65762023 22.945
 51  89.521980  23.827861    10.372    10.433  3 53994.65755324 26.433
 52  89.523723  23.826363     7.460     7.460  2 54029.65761066 49.840
 53  89.528321  23.824459     5.124     5.124  2 54064.65760356 45.235
 54  89.525824  23.825403     3.844     3.834  3 54099.65756937 48.519
 55  89.521639  23.826920     5.586     3.417  3 54134.65752950 30.892
 57  89.520246  23.828946     5.197     3.880  4 54204.65753393 34.932
 58  89.524243  23.825643     4.492     4.484  3 54239.65756786 32.265
 59  89.524544  23.825151    10.184    10.596  3 54274.65758455 23.330
 61  89.527457  23.825028    10.982    10.982  2 54344.65756213 25.370
 62  89.522274  23.827368     9.674     9.663  4 54379.65752228 36.349
 63  89.524346  23.827139     6.584     6.600  3 54414.65751068 42.552
 64  89.521315  23.827303     4.796     4.829  3 54449.65748952 47.539
 65  89.525791  23.825039     3.426     3.425  3 54484.65750496 49.945
 66  89.523434  23.826644     3.423     3.454  3 54519.65750282 50.798
 67  89.525260  23.826335    10.106    10.073  3 54554.65751674 26.454
 68  89.522784  23.825791     7.984     8.867  3 54589.65749903 26.404
 69  89.524152  23.825814     9.479    10.225  3 54624.65751584 26.406
 70  89.521046  23.828551    10.234    10.285  4 54659.65752481 26.167
 71  89.525762  23.825114    10.826    10.908  3 54694.65750369 26.201
 72  89.522436  23.827343     9.735     9.227  3 54729.65747943 29.373
 73  89.523404  23.827283     9.643    10.817  3 54764.65748192 27.211
 74  89.520451  23.827844     5.306     5.313  4 54799.65747263 52.800
 75  89.523376  23.827789     4.004     3.953  3 54834.65747333 48.216
 76  89.522069  23.826965     3.438     3.443  3 54869.65746974 51.812
 77  89.523604  23.826962     3.296     3.300  3 54904.65748178 50.596
 78  89.522059  23.827253     6.550     6.483  4 54939.65746128 25.101
 79  89.522059  23.827955     7.811     9.520  3 54974.65749200 26.102
 80  89.523666  23.825145     6.935     5.720  3 55009.65750386 34.258
 81  89.524065  23.825384     8.820     8.812  3 55044.65749429 43.441
 82  89.525695  23.826568    10.717    10.760  3 55079.65747055 28.351
 83  89.523182  23.826004     8.263     8.247  3 55114.65742655 36.548
 84  89.522917  23.826181     5.764     5.802  3 55149.65742619 50.286
 85  89.520931  23.827928     4.324     4.345  3 55184.65741061 51.869
 86  89.523772  23.825337     3.302     3.280  3 55219.65742418 50.198
 87  89.523917  23.825444     2.919     2.917  3 55254.65740573 49.539
 88  89.525158  23.825126     5.802     3.920  3 55289.65741360 28.198
 89  89.521281  23.827744     9.702     9.853  4 55324.65739352 23.596
 90  89.523420  23.826615     8.903     9.417  3 55359.65739077 23.565
 91  89.521806  23.827963     9.612     9.868  3 55394.65739555 23.064
 92  89.524858  23.825236     9.680     9.618  3 55429.65740620 24.699
 93  89.528709  23.823148    10.265    10.265  2 55464.65736791 26.760
