# NaN NaN NaN ;Mean Elev.(m), Avg Gradient(m/km), RMS Gradient(m/km) - SRTM1     
#   36.482   0.060   1.652 ;Mean Elev.(m), Avg Gradient(m/km), RMS Gradient(m/km) - ASTER GDEM
#   41.784   0.054   1.763 ;Mean Elev.(m), Avg Gradient(m/km), RMS Gradient(m/km) - GMTED2010 
  8  85.508883  25.479567    43.650    43.661  3 52479.66786518 29.035
  9  85.524193  25.471853    43.454    43.454  2 52514.66781032 23.179
 10  85.506812  25.480585    44.391    44.335  4 52549.66785754 39.364
 11  85.521504  25.473897    41.447    41.447  2 52584.66784003 47.813
 12  85.513665  25.477945    40.567    40.567  3 52619.66781976 52.840
 13  85.521524  25.472190    39.539    39.539  2 52654.66780487 49.742
 16  85.503549  25.483158    40.045    40.056  4 52759.66786523 30.361
 17  85.516268  25.476043    39.896    39.898  3 52794.66781919 34.611
 18  85.518444  25.474405    43.482    43.482  2 52829.66788578 33.607
 19  85.521866  25.473592    45.630    45.630  2 52864.66792990 24.324
 20  85.513635  25.477604    48.230    48.230  2 52899.66795995 20.411
 21  85.515031  25.475465    43.261    43.261  2 52934.66790282 40.038
 23  85.507473  25.480080    41.714    42.071  4 53004.66793801 37.643
 24  85.506310  25.481246    41.018    40.778  4 53039.66788806 34.555
 25  85.511748  25.478431    39.537    39.523  3 53074.66791818 38.435
 26  85.503904  25.482804    39.593    39.443  3 53109.66788913 25.597
 27  85.510359  25.480091    39.421    39.356  4 53144.66793000 23.198
 28  85.517913  25.475202    41.716    41.706  3 53179.66794299 22.602
 29  85.511992  25.478645    44.086    43.802  4 53214.66796545 31.362
 30  85.517241  25.474786    46.093    46.093  2 53249.66793443 36.017
 31  85.505840  25.481123    44.108    44.110  3 53284.66793209 29.694
 32  85.520581  25.474765    41.666    41.666  2 53319.66791784 50.199
 33  85.523472  25.472694    40.401    40.401  2 53354.66788490 44.255
 34  85.510228  25.478798    39.700    39.699  3 53389.66789124 30.039
 35  85.522268  25.471897    39.757    39.757  2 53424.66788785 47.741
 36  85.518470  25.474200    39.518    39.518  2 53459.66789343 51.630
 37  85.504873  25.481606    39.420    39.451  3 53494.66798065 24.673
 38  85.521538  25.474449    39.334    39.334  2 53529.66795404 51.191
 39  85.508854  25.478781    46.209    46.214  4 53564.66798573 44.307
 40  85.520140  25.473317    46.047    46.279  3 53599.66792618 19.406
 41  85.506920  25.481386    44.897    44.906  4 53634.66792465 26.585
 42  85.507880  25.480820    43.632    43.587  4 53669.66794589 45.114
 43  85.523103  25.473438    41.303    41.303  2 53704.66788154 52.351
 45  85.520324  25.473602    39.402    39.402  3 53774.66781136 48.671
 46  85.521677  25.473789    39.185    39.185  2 53809.66779470 51.009
 47  85.509572  25.479183    38.728    38.798  3 53844.66783818 23.709
 48  85.517927  25.473901    39.427    39.476  3 53879.66786586 40.467
 49  85.505994  25.481630    40.999    41.076  4 53914.66792398 26.787
 50  85.504728  25.482820    45.950    45.953  4 53949.66793457 34.465
 51  85.516847  25.475772    47.104    47.104  2 53984.66787082 51.872
 52  85.514102  25.476076    43.056    42.746  3 54019.66790665 45.381
 53  85.524602  25.472175    41.289    41.289  2 54054.66789618 48.293
 54  85.519106  25.473248    40.301    40.301  2 54089.66788594 39.257
 55  85.512771  25.478508    40.639    40.466  3 54124.66781287 35.488
 56  85.514067  25.477284    40.782    40.751  3 54159.66785339 34.730
 57  85.512672  25.478267    39.761    39.806  4 54194.66781474 34.139
 58  85.514638  25.475723    39.390    39.241  3 54229.66786562 35.203
 59  85.515116  25.476318    39.860    39.860  2 54264.66788392 25.882
 60  85.516686  25.475739    44.712    44.712  2 54299.66788736 42.247
 61  85.518032  25.473752    47.350    47.350  2 54334.66787677 52.584
 63  85.516001  25.475581    43.386    43.444  3 54404.66782109 38.254
 64  85.511193  25.478367    41.147    40.756  3 54439.66777912 26.373
 65  85.516749  25.474815    42.125    41.715  3 54474.66780766 34.547
 66  85.512644  25.478555    40.285    40.453  3 54509.66779232 35.662
 67  85.516753  25.475061    40.192    40.990  3 54544.66782201 33.695
 68  85.515663  25.475439    40.103    41.037  3 54579.66779028 35.040
 69  85.516763  25.475502    39.434    39.434  2 54614.66781222 22.872
 70  85.512589  25.478563    46.036    46.107  4 54649.66782328 40.367
 71  85.516552  25.475557    46.616    46.616  2 54684.66781847 23.733
 72  85.513104  25.478479    45.977    46.022  4 54719.66776774 35.787
 73  85.514544  25.476775    44.540    44.377  3 54754.66779240 47.185
 74  85.511008  25.479220    42.620    42.601  4 54789.66776088 30.651
 75  85.514608  25.476796    40.786    40.093  3 54824.66778821 32.870
 76  85.513564  25.477538    40.175    39.665  3 54859.66775399 25.898
 77  85.514669  25.476914    38.491    38.610  3 54894.66778944 25.013
 78  85.510758  25.479284    38.886    38.890  3 54929.66775343 27.145
 79  85.514161  25.476781    41.106    41.366  3 54964.66779018 11.618
 80  85.512017  25.478288    38.688    38.584  3 54999.66781060 24.695
 81  85.515469  25.475235    45.658    46.987  3 55034.66779602 24.836
 82  85.517560  25.474454    46.404    46.396  3 55069.66778580 26.752
 83  85.510560  25.479378    44.698    44.903  3 55104.66772763 39.168
 84  85.515901  25.475174    44.060    44.060  2 55139.66773279 32.857
 85  85.513016  25.478429    42.129    42.807  3 55174.66769437 35.570
 86  85.514580  25.476501    41.624    42.562  3 55209.66772899 23.860
 87  85.512030  25.478984    40.719    39.289  3 55244.66770075 19.287
 88  85.515551  25.476509    37.616    37.580  3 55279.66772250 21.715
 89  85.513834  25.477012    37.999    38.068  3 55314.66768798 18.948
 90  85.516665  25.475285    38.003    38.003  2 55349.66769374 15.977
 91  85.511303  25.479082    40.563    40.673  4 55384.66768720 19.415
 92  85.515584  25.476073    45.339    45.339  2 55419.66771252 42.421
 93  85.518167  25.473922    46.836    46.846  3 55454.66768994 27.912
 94  85.521153  25.473289    43.706    43.224  3 55489.66760866 47.080
