# NaN NaN NaN ;Mean Elev.(m), Avg Gradient(m/km), RMS Gradient(m/km) - SRTM1     
#   41.893  -0.066   2.438 ;Mean Elev.(m), Avg Gradient(m/km), RMS Gradient(m/km) - ASTER GDEM
#   50.072   0.123   2.396 ;Mean Elev.(m), Avg Gradient(m/km), RMS Gradient(m/km) - GMTED2010 
  6  84.414074  25.740160    49.915    48.980  3 52419.19371084 23.248
  7  84.413440  25.744819    50.494    49.458  3 52454.19373528 22.006
  8  84.418881  25.734641    51.437    51.437  2 52489.19371457 19.082
  9  84.415031  25.741673    53.278    53.246  3 52524.19368946 18.675
 10  84.415376  25.740322    51.050    51.030  3 52559.19373943 23.555
 11  84.412112  25.746686    50.688    50.014  4 52594.19374147 23.166
 13  84.415264  25.740742    48.876    48.778  3 52664.19370418 44.135
 14  84.423120  25.730855    48.879    48.796  3 52699.19368000 22.370
 15  84.420567  25.730473    50.961    51.889  3 52734.19370676 19.131
 16  84.413792  25.745531    51.178    52.658  3 52769.19370083 21.774
 17  84.418071  25.734388    51.985    51.985  2 52804.19373063 13.220
 18  84.418738  25.732562    53.452    53.452  2 52839.19379344 23.004
 19  84.417641  25.735499    57.058    57.058  2 52874.19383251 35.415
 22  84.418362  25.734267    50.028    50.028  2 52979.19379840 43.067
 23  84.414125  25.742524    49.822    49.862  3 53014.19379491 49.190
 24  84.418317  25.733595    49.279    49.279  2 53049.19376846 48.529
 28  84.421235  25.729529    51.464    51.789  3 53189.19381579 16.029
 29  84.417223  25.734788    54.354    54.354  2 53224.19382889 16.574
 30  84.412230  25.746286    53.127    53.140  3 53259.19380194 50.610
 57  84.417672  25.735164    50.273    49.423  3 54204.19371379 21.085
 58  84.417660  25.736616    48.636    48.636  2 54239.19374772 35.015
 59  84.416852  25.735855    49.295    49.238  3 54274.19376537 19.822
 60  84.417521  25.736517    53.316    53.316  2 54309.19376702 51.708
 61  84.415761  25.737367    54.586    54.219  3 54344.19374392 28.953
 62  84.417684  25.734578    53.565    53.108  3 54379.19370325 31.858
 63  84.416243  25.738869    50.063    50.043  3 54414.19369193 50.470
 64  84.417826  25.733128    49.053    49.053  2 54449.19367044 34.606
 66  84.418739  25.733972    48.273    48.273  2 54519.19368396 28.994
 67  84.415350  25.739387    48.016    47.993  3 54554.19369756 35.134
 68  84.417500  25.736735    47.936    47.936  2 54589.19367889 35.058
 69  84.416293  25.738046    48.114    48.114  2 54624.19369634 44.440
 70  84.415504  25.739430    55.570    55.625  3 54659.19370467 33.578
 71  84.416146  25.737319    57.409    57.498  3 54694.19368515 31.819
 72  84.418044  25.733884    55.576    55.576  2 54729.19365993 22.591
 73  84.416220  25.737121    50.908    50.908  2 54764.19366371 43.330
 74  84.417546  25.734184    49.798    49.798  2 54799.19365345 53.195
 75  84.416300  25.738181    49.290    49.290  2 54834.19365383 45.996
 76  84.418632  25.733326    48.813    48.912  3 54869.19365056 48.850
 77  84.413955  25.742632    48.541    48.533  3 54904.19366260 50.113
 78  84.417599  25.734721    49.789    49.789  2 54939.19364081 17.332
 79  84.416625  25.736410    47.835    47.858  3 54974.19367154 26.317
 80  84.415429  25.739358    47.617    47.617  2 55009.19368500 39.249
 81  84.416906  25.734949    53.829    53.829  2 55044.19367543 19.220
 82  84.415732  25.739516    52.103    52.138  3 55079.19365137 27.785
 83  84.417514  25.734269    52.315    52.315  2 55114.19360834 39.974
 84  84.415591  25.738544    50.074    50.088  3 55149.19360765 30.876
 85  84.417531  25.733043    49.269    49.269  2 55184.19359110 36.725
 86  84.415469  25.739839    49.213    49.213  2 55219.19360532 49.644
 87  84.418532  25.732712    48.575    48.575  2 55254.19358751 39.717
 88  84.414548  25.740684    48.136    48.193  3 55289.19359442 37.079
 89  84.415657  25.739872    47.942    47.978  3 55324.19357273 49.015
 90  84.415572  25.738288    47.633    47.443  3 55359.19357159 39.725
 91  84.417075  25.734971    48.992    48.992  2 55394.19357604 35.573
 92  84.417765  25.736032    53.388    53.388  2 55429.19358734 38.506
 93  84.416118  25.737170    56.638    56.652  3 55464.19355034 42.439
